184 71
57 26
64 111
113 154
3 77
150 97
61 117
166 131
62 147
49 114
61 175
62 162
12 29
145 162
162 57
154 59
98 154
62 157
61 139
157 32
106 152
61 46
62 166
64 139
175 115
113 164
150 176
157 22
61 92
12 90
113 168
57 95
21 64
154 168
32 94
162 64
98 139
62 145
113 161
145 58
32 102
157 160
62 57
64 144
90 47
102 157
26 111
75 15
21 59
161 164
174 96
157 166
106 50
145 64
98 164
113 144
99 76
64 113
64 156
161 168
37 10
150 22
162 157
145 57
145 139
122 144
61 125
154 161
57 81
57 111
111 113
62 64
