184 79
5 114
168 154
57 26
162 66
0 38
91 8
57 92
38 140
162 106
0 67
81 69
59 179
91 64
162 50
168 35
154 164
168 109
10 113
106 48
168 77
62 145
49 5
122 113
57 50
81 156
162 93
139 113
40 79
10 64
81 45
166 94
81 139
166 123
55 21
21 64
69 38
40 126
127 65
98 77
57 81
37 113
145 162
57 147
57 64
150 176
62 57
166 102
5 98
98 69
127 106
57 125
0 69
57 144
168 164
168 113
38 117
57 37
57 139
62 166
81 95
81 172
168 64
37 10
56 68
81 77
57 162
162 81
62 144
168 161
95 106
57 157
162 146
69 172
81 55
57 106
154 161
81 125
21 159
57 145
