184 84
5 114
104 127
77 126
81 56
164 168
104 65
95 45
127 81
98 125
95 81
106 158
49 28
106 0
106 83
164 154
139 92
133 166
162 57
81 93
32 157
25 140
119 92
66 73
131 92
5 49
95 52
131 118
162 62
81 150
81 65
164 113
78 124
57 62
93 66
104 106
81 50
106 5
106 77
106 20
16 89
133 57
106 139
26 66
32 94
177 22
119 125
32 123
177 97
54 12
32 166
54 103
81 3
81 162
106 156
160 81
104 81
168 109
81 146
47 54
106 45
106 55
106 81
5 25
159 28
50 106
177 160
81 73
81 22
106 95
114 49
81 66
168 64
127 93
164 161
81 26
162 145
8 91
21 114
21 163
56 122
32 102
164 59
21 159
106 172
