184 132
81 85
77 126
161 113
81 100
81 53
81 38
40 35
81 126
158 0
81 2
81 75
81 163
91 37
57 62
81 101
81 178
31 99
81 39
57 81
81 142
57 156
31 76
81 153
81 29
81 44
81 117
161 168
81 55
81 8
160 102
81 158
160 32
81 96
106 3
88 125
137 76
81 45
0 67
40 126
81 148
62 144
81 9
160 97
40 77
137 99
81 174
115 158
40 79
40 100
81 61
81 138
81 87
81 175
95 8
49 167
161 164
161 109
106 50
81 128
81 139
56 68
81 77
37 111
81 15
81 92
81 165
106 177
49 64
81 118
81 82
81 155
81 20
81 31
81 181
81 46
106 4
31 6
28 21
106 71
57 5
154 113
62 145
57 95
81 124
0 69
81 135
0 74
161 154
16 48
81 0
77 79
49 98
81 88
81 83
16 87
60 129
57 106
81 52
81 125
81 63
81 1
81 78
95 45
81 16
162 145
49 114
162 57
81 42
81 115
31 85
5 49
137 6
106 65
77 167
81 156
144 162
81 17
81 105
81 58
81 131
81 69
0 38
54 90
81 95
81 172
160 22
91 8
81 48
81 136
81 74
81 147
57 145
