184 80
106 132
50 81
12 54
62 81
133 131
106 88
106 158
106 52
166 148
82 18
166 120
97 150
62 26
106 0
166 76
150 22
135 101
123 102
90 8
106 114
125 101
97 102
166 124
166 31
8 19
33 145
166 34
176 97
166 20
166 15
106 5
106 77
106 20
166 85
4 66
166 39
106 82
125 133
94 123
62 106
35 3
166 63
94 102
62 145
150 176
166 43
88 119
150 160
125 60
125 117
166 84
62 57
94 97
88 46
90 103
106 3
109 154
106 156
8 151
166 33
8 12
125 175
160 66
125 46
106 36
166 75
106 84
125 135
125 92
94 176
123 97
8 47
106 128
125 61
106 125
125 131
125 88
135 131
125 119
107 157
