184 78
72 132
50 81
93 89
93 52
33 62
93 128
93 0
93 33
50 26
93 156
4 146
71 72
93 50
132 133
93 125
93 61
145 62
135 101
93 152
90 8
93 119
93 5
93 31
93 81
93 14
50 146
109 164
33 145
77 35
93 72
93 77
93 85
93 114
135 125
11 62
33 11
93 68
93 82
135 5
93 133
93 6
93 101
93 132
93 131
93 4
150 176
93 130
93 40
93 182
97 123
88 11
93 117
93 106
93 146
93 158
107 157
93 35
90 103
93 3
93 88
90 12
93 127
93 26
36 72
93 160
93 20
93 84
93 22
93 60
4 50
93 41
93 178
93 129
145 72
93 18
93 56
93 150
135 131
