184 75
76 85
88 156
28 49
120 39
120 63
73 152
27 182
69 0
73 146
73 150
14 0
73 56
73 22
69 81
73 88
145 62
28 170
90 8
109 168
97 112
125 101
31 85
73 4
73 93
73 106
62 81
109 164
145 33
69 106
26 81
73 50
31 6
73 81
11 36
33 62
14 69
62 26
14 38
73 160
106 146
73 72
125 133
62 106
73 36
73 71
150 176
107 102
31 76
73 68
125 60
125 117
62 11
115 38
125 175
107 97
73 127
109 161
81 106
114 170
109 154
114 49
125 46
62 72
72 50
125 135
125 92
73 145
14 74
73 26
125 61
125 131
125 88
125 5
125 38
125 119
