184 74
76 85
76 43
62 81
106 4
8 47
27 182
35 77
28 105
170 28
62 26
132 84
115 46
37 171
132 20
8 151
106 81
125 101
132 148
72 50
62 145
114 5
115 158
115 125
132 124
11 36
115 9
132 52
62 33
132 63
170 49
38 69
38 129
125 133
114 173
62 106
115 117
8 19
150 176
88 81
120 39
125 60
125 117
38 67
11 145
115 38
8 90
107 157
38 74
38 117
129 13
11 72
170 114
76 31
106 152
125 46
77 4
62 72
37 91
81 77
125 135
125 92
115 156
132 120
38 14
77 0
115 175
125 61
125 131
125 88
125 5
125 38
125 119
24 123
125 175
