184 76
76 85
168 154
77 126
115 53
33 72
33 62
27 182
8 47
81 156
109 154
62 26
168 35
62 88
145 62
168 132
109 168
27 120
15 82
97 112
120 182
81 84
31 85
62 81
109 161
168 77
97 123
109 164
33 145
77 81
107 24
71 50
31 6
135 125
62 147
62 50
135 5
8 151
125 101
125 133
125 5
81 182
62 106
8 19
150 176
175 125
125 60
31 76
62 5
16 83
125 117
62 11
8 90
107 157
81 20
129 13
81 106
81 0
125 46
81 88
62 72
52 81
81 132
132 106
33 106
125 92
77 0
81 69
145 72
125 61
81 158
125 131
125 88
81 125
125 38
125 119
168 171
