184 83
5 114
5 81
77 126
168 35
135 62
11 56
27 182
15 92
73 146
97 32
132 81
170 114
12 29
28 170
145 106
131 125
97 112
125 101
97 176
125 128
8 90
73 106
62 145
33 145
97 169
125 147
73 50
73 81
125 119
33 11
73 160
102 112
16 89
125 60
8 151
173 114
73 72
125 133
133 131
73 36
62 33
8 19
150 176
102 107
34 137
73 4
73 56
125 117
131 118
73 93
107 157
135 5
168 77
131 147
170 49
102 97
97 123
135 81
73 68
102 169
125 46
77 79
32 107
62 72
12 141
15 125
128 118
125 118
125 135
125 92
5 125
16 83
8 47
173 5
73 26
125 61
102 123
73 127
125 88
125 38
32 160
168 171
125 175
