184 95
5 81
89 181
97 22
62 26
97 112
73 93
89 83
115 9
73 160
81 50
73 72
29 128
115 117
154 109
102 107
97 169
81 106
8 151
114 49
32 22
89 156
22 150
89 16
5 173
120 39
32 157
97 102
8 90
123 112
114 5
115 158
73 50
129 117
89 42
160 72
115 46
115 175
129 38
62 106
8 19
62 50
73 56
89 1
56 32
129 13
73 68
32 150
11 56
5 88
145 72
5 26
62 81
160 50
154 164
89 178
62 5
109 164
145 33
97 30
115 125
11 36
89 80
73 36
62 33
62 145
56 36
107 157
157 24
161 154
114 173
102 24
115 156
123 97
89 44
32 160
89 87
129 40
73 146
97 32
97 150
109 168
123 102
82 18
73 4
73 81
89 9
154 168
115 38
73 106
102 169
62 72
5 125
8 47
73 26
73 127
