184 73
5 114
135 119
79 3
38 69
154 164
27 182
125 92
40 35
40 126
79 77
105 28
29 12
125 101
173 170
83 89
157 32
129 13
40 77
154 109
125 117
40 100
26 81
77 81
106 127
135 125
40 79
170 61
62 145
61 131
62 72
137 34
16 80
38 129
125 5
119 125
79 100
38 14
79 126
173 61
22 32
125 60
109 37
152 71
125 175
37 11
72 145
135 92
38 117
72 50
81 106
114 170
129 89
125 131
152 106
125 46
79 35
3 100
38 0
15 92
114 173
4 50
123 97
16 87
22 160
72 93
135 5
123 22
61 125
38 74
125 88
125 133
125 38
168 171
