184 87
135 119
28 49
28 105
12 54
40 35
106 52
29 12
73 93
106 3
73 160
135 5
73 72
29 128
106 156
8 151
32 22
37 91
8 29
106 84
145 36
8 54
106 128
40 126
120 39
97 102
8 90
73 106
145 11
150 176
73 50
40 79
106 122
40 100
99 94
8 19
24 94
73 56
62 11
56 32
3 52
123 107
123 24
8 12
73 68
32 150
56 68
132 81
145 72
5 114
106 132
5 148
106 0
154 164
106 88
102 22
92 81
145 33
62 33
106 82
73 36
106 77
62 145
107 157
3 100
150 22
135 92
106 158
73 146
119 88
106 114
73 4
77 81
73 81
106 20
77 40
16 80
106 125
102 32
132 20
106 81
106 152
62 72
5 106
8 47
73 26
73 127
168 171
