184 124
106 9
12 54
28 49
73 50
62 26
40 35
106 52
145 106
97 112
73 93
106 3
97 123
157 169
73 160
145 81
73 72
125 133
29 128
170 61
106 156
106 173
90 54
49 171
120 132
125 118
73 88
106 84
88 125
62 106
109 154
170 173
40 126
73 22
132 128
120 39
32 157
97 102
73 106
145 93
106 100
120 17
29 141
145 26
37 143
40 79
29 12
40 100
125 5
88 92
62 135
62 50
22 160
73 56
125 175
129 13
73 68
56 68
125 92
73 145
145 72
125 38
5 114
62 81
106 0
106 83
73 150
106 88
106 81
109 161
109 164
145 33
106 126
56 11
106 77
106 148
83 81
38 129
73 36
62 33
62 145
125 60
107 157
106 5
132 106
62 72
72 93
125 61
125 131
32 160
176 102
106 158
73 146
106 92
24 97
49 114
109 168
125 101
73 71
125 128
106 48
103 54
92 71
125 147
73 152
73 81
106 20
145 50
125 81
106 42
106 125
150 176
73 4
125 117
182 14
90 103
40 77
38 117
97 169
125 46
32 107
125 119
125 135
73 26
73 127
