184 73
168 154
168 109
94 97
3 50
129 13
0 38
117 15
50 4
109 154
12 29
12 54
49 114
132 84
40 35
40 126
145 62
123 102
77 1
105 28
125 101
31 85
17 39
123 112
170 61
114 5
120 17
31 6
114 170
11 36
125 133
40 79
5 106
62 33
161 164
40 100
99 94
125 5
169 97
114 173
169 112
123 169
125 61
31 76
125 60
125 117
120 39
132 148
107 157
176 150
40 77
38 117
161 109
161 154
132 124
125 131
125 175
125 46
131 133
168 161
125 135
125 92
80 16
123 97
22 160
94 169
117 133
168 164
125 88
132 182
125 38
125 119
168 171
132 20
