184 100
152 74
152 4
36 81
40 35
152 46
145 106
152 150
152 69
77 44
145 81
152 52
152 156
152 75
68 56
81 106
152 106
161 168
152 36
152 89
152 129
152 182
152 61
152 50
152 101
152 31
164 154
152 84
152 73
123 112
114 5
152 126
145 132
145 26
152 56
40 79
146 152
81 50
40 100
152 79
152 17
152 6
62 11
40 77
161 164
145 93
152 40
152 155
152 93
152 63
145 72
152 105
152 35
152 158
152 88
152 26
152 77
62 5
161 109
33 145
152 100
152 38
62 33
83 81
152 72
44 42
164 168
62 145
152 44
152 148
161 154
152 137
152 67
152 120
164 109
123 97
152 160
152 39
152 92
152 81
40 126
49 114
152 0
152 115
152 174
123 102
152 53
152 42
152 76
152 127
97 102
152 48
152 99
150 176
152 20
152 9
152 124
152 3
145 50
152 85
168 171
