184 102
127 26
77 126
97 157
28 105
40 35
34 148
154 98
73 93
97 123
28 114
34 20
73 160
73 72
34 75
154 109
77 3
97 169
127 4
97 107
94 97
107 22
127 146
168 164
94 169
168 109
77 100
33 62
173 46
40 126
127 93
120 39
97 102
8 90
40 77
120 17
77 35
156 158
73 50
40 79
127 36
40 100
169 157
62 135
73 56
56 32
97 24
161 164
161 109
106 50
73 68
77 79
77 4
56 68
145 72
5 114
106 132
127 81
127 68
132 84
154 164
62 5
24 157
33 145
127 56
24 107
34 6
150 152
73 36
62 145
56 36
127 50
127 106
107 157
161 154
168 161
62 72
114 173
132 182
176 102
73 146
132 146
49 114
62 147
73 4
106 48
77 81
73 81
127 72
127 160
105 48
150 176
73 106
106 81
106 152
156 81
106 36
5 106
112 97
94 99
73 26
73 127
168 171
