184 100
28 49
36 106
107 24
176 157
40 35
12 29
79 77
97 112
73 93
73 160
93 6
73 72
125 133
170 61
36 81
68 56
94 97
176 150
114 49
125 81
61 147
22 150
102 176
168 164
125 88
168 109
28 171
170 173
40 126
77 1
73 106
114 5
156 158
73 50
40 79
40 100
125 5
79 100
72 33
73 56
125 175
169 32
176 22
72 145
8 12
73 68
79 9
125 77
156 125
125 92
125 38
176 32
154 164
32 97
152 60
157 160
109 164
33 145
62 33
107 123
73 36
62 145
125 60
107 157
170 114
106 5
152 67
160 150
168 161
4 106
72 93
125 61
125 131
125 119
168 154
129 40
73 146
135 62
125 101
107 97
73 4
79 126
157 22
73 81
4 77
33 11
91 171
91 49
160 176
125 117
40 77
105 28
73 104
125 46
62 72
125 135
73 26
79 83
73 127
168 171
