184 84
5 114
5 81
77 126
131 101
33 72
79 3
33 62
175 61
131 35
131 40
106 5
131 44
160 50
131 88
114 173
131 98
40 126
12 29
62 135
123 102
120 39
40 35
125 101
131 92
175 133
8 90
123 112
33 145
131 135
8 47
34 20
5 83
40 79
72 160
131 117
90 29
50 127
40 100
8 151
1 153
175 117
168 171
125 133
131 60
79 100
8 19
131 46
5 62
114 49
125 60
125 117
62 11
131 118
40 77
125 175
131 119
131 129
131 147
81 106
114 170
131 158
131 5
131 156
131 38
5 135
175 131
131 100
56 68
131 61
81 77
125 135
125 92
85 31
112 97
123 97
5 88
131 53
125 61
125 131
125 88
125 5
125 119
3 106
107 157
