184 86
3 40
89 181
28 105
40 35
112 150
145 106
97 112
73 93
97 123
133 119
135 5
125 133
170 61
60 125
89 129
94 97
114 170
114 49
132 37
125 88
112 176
94 169
90 151
170 173
40 126
127 93
120 39
40 77
114 5
94 99
115 158
73 50
40 79
81 50
4 127
40 100
85 31
125 5
62 135
112 169
125 175
56 68
125 92
175 101
152 158
60 61
176 32
62 5
24 157
69 0
24 107
150 72
60 117
62 33
62 145
127 50
90 47
107 157
90 19
132 106
168 161
4 106
114 173
125 61
125 131
125 119
125 135
90 8
125 101
154 109
77 81
127 72
125 81
114 61
150 176
129 158
125 117
90 103
106 81
73 104
62 72
129 115
89 40
4 50
49 5
168 171
