184 78
5 114
50 81
77 81
56 93
120 39
106 4
27 182
176 22
28 49
176 32
135 62
125 135
94 107
62 26
32 7
125 92
40 35
164 154
117 118
44 83
38 117
97 112
125 101
32 97
8 90
106 3
97 123
11 171
62 72
16 87
40 79
49 5
4 127
40 100
8 151
49 173
40 126
38 129
32 94
62 33
154 109
112 169
125 133
112 150
125 60
125 117
68 56
125 175
94 97
176 150
40 77
106 81
13 129
125 88
3 40
114 49
32 56
32 107
171 49
168 161
56 50
132 81
22 150
114 173
112 176
8 47
8 19
62 145
145 72
125 61
32 169
125 131
154 161
125 5
44 9
125 119
168 171
107 157
