184 90
28 105
40 35
68 37
61 92
125 133
69 67
154 109
173 114
127 4
68 7
32 22
173 49
33 106
117 38
154 161
40 126
62 135
32 157
157 107
8 90
123 112
68 111
173 61
40 79
81 50
40 100
8 151
125 5
88 92
69 38
8 19
36 37
36 11
125 175
125 88
32 150
56 68
36 171
125 92
125 119
145 72
0 87
126 77
49 28
1 153
62 5
33 145
69 0
62 33
164 168
62 145
6 75
56 36
125 60
182 20
69 42
33 81
150 22
173 5
164 109
125 61
125 131
69 14
32 160
150 112
164 154
150 97
125 101
77 81
157 22
125 48
69 74
164 161
126 42
150 176
68 171
125 117
68 122
40 77
106 81
68 11
15 92
125 135
4 50
112 97
8 47
49 5
175 115
68 21
168 171
