184 92
125 171
20 148
27 182
15 148
79 77
42 81
97 112
73 93
97 123
92 125
157 150
20 132
73 160
135 5
72 146
73 72
56 22
154 109
173 114
68 56
94 97
176 150
72 50
32 22
160 32
24 97
94 93
42 50
97 102
157 107
8 90
73 106
176 123
73 50
40 79
4 127
88 81
73 56
89 1
72 145
73 68
79 9
158 81
151 90
106 72
11 56
5 114
79 3
4 146
154 164
105 28
33 145
106 77
73 36
62 33
79 126
151 47
89 80
56 160
106 5
151 19
79 35
168 161
72 93
20 75
20 6
32 11
73 146
94 176
120 39
73 4
62 145
73 81
176 97
33 11
182 37
151 8
173 61
5 62
106 81
73 104
4 93
18 8
32 56
160 22
15 92
4 50
73 26
168 171
32 169
73 127
3 106
