184 103
182 132
28 49
12 54
12 29
97 112
158 0
73 93
182 48
16 1
20 132
73 160
73 72
125 133
154 109
68 56
176 150
40 89
152 106
157 72
152 89
12 103
168 164
125 88
114 125
6 20
33 62
145 62
173 170
123 112
114 5
173 61
73 50
4 127
33 132
125 5
42 106
73 56
125 175
161 164
129 13
182 81
73 68
158 81
132 81
125 92
145 72
81 118
24 112
4 146
154 164
109 161
109 164
33 145
158 77
11 36
73 36
158 156
129 115
125 60
75 132
114 46
182 152
73 106
5 92
168 161
79 156
114 173
123 97
125 61
125 131
125 119
168 154
129 40
152 81
73 146
54 8
123 102
109 168
112 99
125 101
73 4
152 146
73 81
5 83
33 11
158 125
16 80
114 61
152 48
112 102
54 103
125 117
73 127
54 90
105 28
73 104
4 106
125 135
73 77
73 26
94 24
147 81
168 171
