184 76
5 114
104 127
129 48
168 109
79 3
33 62
157 97
4 146
109 154
62 26
49 114
11 146
40 35
40 126
123 102
79 35
1 153
107 97
8 90
24 157
62 145
33 145
94 99
40 100
93 72
109 49
157 22
94 169
176 97
168 28
40 79
104 106
16 181
33 11
11 106
104 81
81 50
8 151
125 81
16 80
114 61
109 171
104 26
104 160
8 19
150 176
36 11
5 62
146 93
62 11
114 46
40 77
107 157
94 97
81 77
123 112
106 81
13 129
28 164
146 50
127 112
119 135
62 72
168 161
56 68
125 77
11 56
114 173
123 97
8 47
49 5
168 171
145 72
150 32
11 81
114 125
