184 80
89 87
6 20
40 35
120 39
107 24
89 181
3 77
176 22
4 146
158 171
171 146
49 28
6 148
114 173
168 35
40 126
145 62
79 77
109 168
89 178
71 122
97 112
97 102
3 100
77 48
8 90
168 77
89 83
114 5
145 33
109 49
35 48
171 37
56 11
158 48
105 28
40 79
89 42
89 80
89 9
72 93
40 100
154 168
145 72
79 126
8 12
102 107
5 62
154 171
125 0
89 1
102 157
107 157
0 38
40 77
154 109
109 37
160 93
97 123
171 36
72 50
102 169
77 4
79 35
168 161
56 68
89 156
160 150
28 171
89 40
5 125
109 171
8 47
62 33
117 38
89 16
150 32
89 44
72 56
56 36
