184 78
104 127
3 40
171 106
135 171
132 81
104 160
40 126
5 148
125 135
109 154
28 171
125 92
170 173
106 180
145 62
154 161
109 168
48 158
38 117
97 112
125 101
97 102
107 97
8 90
40 77
97 123
8 29
145 33
40 100
109 49
170 114
40 79
104 106
29 12
62 33
104 81
83 81
154 168
178 83
125 133
154 164
164 168
104 180
89 16
109 37
173 61
7 32
125 61
5 62
114 49
125 60
125 117
107 157
176 150
96 53
106 81
129 13
106 50
129 89
150 160
146 81
125 46
11 122
161 168
33 81
56 68
33 106
150 22
114 173
5 125
109 171
72 93
145 72
150 32
171 105
40 35
125 119
125 175
