184 77
6 148
3 40
40 35
176 102
107 24
157 97
73 146
176 160
31 43
109 154
5 81
114 173
170 173
109 171
120 39
109 168
89 88
107 97
73 4
50 104
73 106
109 161
33 145
40 100
89 92
109 49
73 50
35 77
73 81
135 125
40 79
89 125
16 181
14 38
73 160
89 175
8 151
154 168
40 126
16 80
73 72
132 34
89 46
73 36
107 32
62 33
170 61
150 176
7 32
89 117
73 56
109 37
31 120
114 5
73 93
31 34
107 157
135 5
40 77
105 28
129 13
73 104
73 68
109 164
4 146
132 37
125 92
37 34
89 135
73 180
89 61
109 28
150 32
73 127
132 20
89 101
88 0
