184 106
104 127
3 40
20 148
36 81
40 35
106 52
79 77
106 69
106 3
106 132
35 77
77 126
89 125
20 132
16 89
154 109
176 157
104 22
104 146
104 56
125 81
161 168
83 148
104 180
79 35
102 176
104 152
94 123
33 62
106 84
104 72
106 128
104 93
40 126
8 90
40 77
40 79
40 100
83 15
79 100
150 32
104 150
176 22
161 164
161 109
20 75
104 68
83 48
109 49
79 3
71 160
176 32
83 92
83 9
106 88
160 157
33 145
117 89
104 81
83 81
106 82
79 126
7 32
56 36
89 60
83 156
0 69
107 157
104 4
157 24
161 154
106 5
160 150
150 22
109 171
22 160
79 178
20 6
106 158
109 168
61 46
62 145
35 48
104 106
83 5
83 178
106 20
104 36
154 168
77 106
9 100
107 32
104 160
106 125
150 176
94 24
109 37
171 49
106 81
106 156
83 77
129 89
89 119
62 72
83 126
79 83
