184 94
104 127
31 43
36 154
97 112
67 38
97 123
114 170
89 125
135 46
129 1
104 50
31 148
170 61
36 37
80 156
31 76
31 34
81 106
36 28
104 180
129 44
129 181
150 32
154 161
3 50
33 62
150 7
146 36
171 36
170 173
129 80
97 102
7 97
114 5
77 35
40 79
4 127
3 0
36 168
79 100
36 11
42 0
109 161
158 81
56 68
36 49
125 92
135 61
81 180
129 156
79 3
72 104
32 7
129 87
170 133
62 5
146 50
109 164
33 145
104 81
36 161
36 7
44 42
74 38
62 145
0 69
107 157
81 0
109 154
146 81
36 164
4 81
81 125
146 106
129 178
92 60
129 83
109 168
3 69
77 81
81 156
36 91
31 20
104 160
150 176
129 42
13 89
13 129
129 16
89 119
4 50
36 109
125 158
36 122
