184 101
104 127
40 35
79 77
89 88
97 123
71 4
89 125
129 1
135 5
89 46
154 109
36 37
129 42
176 150
88 53
181 93
161 168
104 180
22 150
89 135
129 181
117 38
12 103
150 32
154 161
152 182
40 126
69 38
129 80
8 90
40 77
114 5
156 158
0 81
40 79
29 12
40 100
8 151
42 44
69 81
79 100
8 19
36 11
102 176
38 67
161 164
129 13
28 164
135 72
156 125
15 125
135 88
129 156
79 3
72 104
129 44
174 81
129 87
106 105
161 109
33 145
69 0
60 117
62 33
104 81
69 100
79 126
89 60
89 117
129 9
174 50
69 156
79 35
69 42
14 74
89 61
42 77
42 174
89 101
129 178
129 40
174 93
129 83
53 50
3 69
29 8
135 125
104 106
89 175
77 106
104 160
36 122
129 16
129 89
89 119
126 100
112 97
8 47
62 145
150 160
89 92
