184 103
104 127
5 81
3 40
33 72
28 105
181 135
12 29
97 112
145 81
125 133
69 67
170 61
173 114
80 156
129 42
89 129
127 4
88 0
94 97
72 50
40 89
137 34
129 44
69 42
129 181
104 180
125 88
72 56
168 109
27 106
33 62
50 174
170 173
164 154
145 62
135 101
129 80
37 109
27 132
125 89
40 77
114 5
150 176
81 50
69 38
22 160
92 88
154 161
112 123
125 92
145 72
88 156
129 156
79 3
72 104
49 28
160 50
129 87
106 81
170 133
92 81
33 145
69 0
106 50
104 81
83 81
164 168
94 102
125 60
129 9
161 171
91 37
132 37
143 33
164 109
72 93
125 61
132 182
125 119
168 154
129 178
129 40
129 83
4 50
125 101
125 147
157 22
175 125
91 171
164 161
94 123
104 160
112 102
5 62
125 117
38 117
150 32
129 16
125 46
125 135
5 125
150 160
27 152
