184 96
107 24
12 29
171 150
97 112
73 93
122 56
35 77
73 160
73 72
152 156
36 37
132 148
72 50
114 170
161 168
123 7
125 88
0 42
72 56
69 50
105 106
150 30
33 62
109 154
157 107
125 89
123 112
114 5
109 171
150 176
73 50
81 50
4 127
125 5
79 100
37 106
36 11
73 56
161 164
123 107
123 24
106 50
102 97
73 68
12 8
152 158
72 104
3 79
49 28
160 50
161 109
33 145
109 49
73 36
152 125
79 126
125 60
0 69
161 171
157 24
161 154
69 42
114 173
173 5
123 97
5 33
72 93
125 119
129 40
73 146
125 135
152 0
123 102
109 168
125 101
73 4
29 8
157 22
73 81
125 81
112 102
123 169
109 37
0 38
73 106
106 81
73 104
129 89
29 90
61 89
117 175
4 50
73 180
125 158
36 122
73 127
