184 96
104 127
12 54
12 29
145 106
97 112
73 93
145 4
35 77
73 160
145 81
73 72
173 114
97 169
97 107
38 60
89 114
72 50
32 22
104 180
150 32
72 56
30 160
156 80
146 36
109 154
164 154
145 62
97 102
123 112
7 97
114 5
123 97
79 40
145 132
73 50
4 127
4 72
69 81
88 81
73 56
38 67
145 93
123 24
89 147
145 72
38 74
145 127
72 104
81 5
30 150
32 97
89 173
146 50
33 145
109 49
102 169
104 81
145 180
81 160
164 168
73 36
103 54
88 50
7 169
107 157
73 106
164 109
109 171
72 93
38 129
22 160
73 146
89 5
123 102
5 125
109 168
73 4
73 81
102 107
164 161
173 170
104 160
150 176
109 37
171 49
72 106
89 15
106 81
102 7
73 104
112 7
89 118
4 50
73 180
145 50
73 127
