184 73
122 152
117 129
4 36
129 40
107 123
40 35
106 93
150 22
109 154
49 28
49 114
106 154
117 60
164 154
109 168
81 93
32 157
38 117
97 112
125 101
107 97
150 157
8 90
40 77
97 123
109 164
161 154
107 24
171 37
158 48
11 36
40 79
176 97
81 50
62 33
7 112
40 100
91 171
180 81
106 37
125 61
7 102
150 176
89 129
150 160
7 169
161 105
127 4
161 171
72 145
89 40
161 164
109 161
81 106
91 37
106 5
7 97
6 52
114 5
161 168
32 150
32 22
125 135
114 173
125 119
40 126
182 152
38 129
102 176
81 146
97 169
49 106
106 146
