184 75
33 37
33 27
40 129
161 20
156 84
84 39
0 14
161 37
125 92
125 46
40 13
84 124
161 164
29 12
125 101
157 107
123 112
125 117
158 104
128 125
81 106
161 52
156 158
8 47
125 156
104 182
132 158
33 62
112 97
8 151
104 81
125 158
161 132
125 81
8 54
134 101
117 61
183 8
89 13
161 91
8 19
112 102
104 84
161 84
161 29
7 169
125 60
89 129
83 156
156 0
33 171
0 38
156 152
33 36
129 13
161 154
33 132
156 81
81 132
125 135
89 40
161 182
104 156
16 87
156 182
117 38
132 148
125 61
81 158
12 8
125 88
134 40
104 152
161 49
132 20
