184 92
182 132
132 36
106 168
171 106
29 12
161 52
104 50
92 89
132 3
161 91
104 84
122 36
132 148
94 97
27 31
33 106
112 123
117 38
104 171
106 84
94 169
161 37
161 20
106 128
104 82
133 35
104 33
112 102
33 132
104 5
104 88
161 49
92 88
161 164
49 74
106 50
104 0
150 169
104 125
33 37
106 132
106 0
132 84
154 164
106 88
104 37
134 182
106 158
104 81
161 132
106 82
106 20
107 157
161 154
106 5
182 152
104 128
104 124
132 37
16 74
132 50
161 182
123 97
16 87
79 178
104 20
158 122
106 109
82 15
88 89
134 18
104 106
104 158
104 36
137 34
106 37
134 40
106 125
150 176
161 84
161 29
122 11
132 20
104 132
106 81
33 50
16 91
106 36
33 36
106 124
112 97
94 99
