184 108
182 132
104 148
104 34
104 117
104 47
12 29
104 126
104 19
79 3
104 61
104 50
182 82
104 63
82 18
104 1
104 84
104 158
89 129
104 105
122 106
104 36
8 183
79 35
104 88
104 79
104 171
106 84
104 100
104 38
8 54
106 128
164 154
104 109
104 82
104 37
104 168
104 54
8 151
104 178
104 5
79 81
79 100
8 19
104 39
106 182
106 50
104 14
104 0
104 83
104 60
104 135
104 156
104 42
104 125
158 61
152 182
106 132
106 0
104 151
106 88
106 171
106 152
47 8
89 158
104 92
104 20
104 81
106 82
89 13
79 126
106 33
104 53
182 20
107 157
104 87
106 5
104 128
104 46
104 48
104 183
168 154
106 158
104 124
15 82
89 92
134 18
104 15
104 106
40 3
106 20
122 158
164 161
106 37
134 40
106 125
122 11
104 29
132 20
104 132
106 81
104 18
104 31
16 91
106 36
15 92
89 40
106 124
104 3
