7716 5156
1201 2834
1036 2668
564 2489
271 567
572 1035
611 2669
381 1406
271 1219
833 1904
3763 3876
271 3402
1022 3894
1137 2178
783 2219
1100 3551
1137 3491
396 528
1346 3247
272 979
608 2024
272 1901
1067 2227
271 3665
683 1767
407 709
526 543
93 1339
344 2766
890 2722
145 606
2468 3836
271 1505
1137 4898
591 1158
747 2100
572 810
1137 3450
1352 2512
0 2547
0 636
271 2582
366 3882
271 2488
365 2349
903 1922
1137 2090
3176 5084
3034 3107
378 892
912 1764
957 3852
271 1821
271 1224
1352 2815
922 1137
575 1002
2103 2104
285 1137
365 1271
271 794
951 1137
2125 2254
1067 2943
271 3678
271 5055
365 2433
2815 3725
2668 3710
365 1160
365 617
272 2035
1137 5083
271 2320
1074 2085
192 636
1352 1582
1393 2088
1137 1959
1043 1968
2405 2596
1137 5044
1762 3074
302 608
783 3603
561 575
636 1290
288 611
365 1119
1137 2480
2103 5124
271 2171
271 3416
1959 2671
1137 2236
1371 3253
891 3769
572 2688
1137 1153
271 1432
0 1547
0 2981
1011 1878
116 712
2468 3522
1352 3557
1004 1942
564 3131
1352 2777
594 2125
1356 2700
365 610
833 2105
610 2152
1137 2560
1137 2462
785 2305
2631 2713
1137 1557
747 1658
912 1024
1008 1013
271 1193
365 3465
365 2335
272 3885
912 2930
1901 1942
135 1315
834 3731
365 3096
1178 1274
1013 2043
636 1295
271 1999
1137 2229
1137 3832
636 852
3034 3435
1146 1792
487 636
888 1352
238 322
827 828
977 2031
271 1777
271 3099
1602 3293
1137 3059
358 2951
783 2359
378 608
1904 2179
568 912
365 1402
1081 1904
958 2749
271 1532
271 2987
261 1268
747 1320
1727 3256
523 526
271 5112
749 1631
271 1787
833 2424
988 2468
271 3032
271 2455
2089 3631
1137 2269
1591 1686
2078 3458
1137 1720
572 1897
1343 2491
271 1319
572 2074
365 3060
1137 2843
1356 1877
747 775
1406 2170
365 1250
957 3805
2238 3541
1137 1421
695 1884
365 3417
1406 5165
365 2287
271 3168
566 2891
356 3287
135 2384
0 4999
236 637
238 308
271 1038
988 1548
1357 2965
993 1524
318 827
1672 3278
764 772
365 4930
997 2789
1872 2015
564 3000
749 750
143 1088
1259 3539
903 1028
636 1842
1022 3786
1137 3401
1555 1603
783 2953
1137 1680
2392 3040
1108 2158
0 759
241 3496
2698 2699
271 3511
271 4962
2891 4989
396 1223
730 950
1137 2223
890 3772
1406 2173
365 1243
611 679
0 1195
1067 2129
143 2440
777 1137
93 2360
77 1939
636 1293
1906 2805
1099 3193
1059 2085
686 3499
1108 2892
238 319
143 1872
272 2015
1137 2603
636 1833
1942 3728
783 2474
1137 2947
747 1633
1406 2399
350 2928
777 1942
2239 2297
1008 2766
1553 1904
1090 1115
680 3418
1137 2692
2692 3936
1137 3602
747 868
912 1343
958 3822
365 1422
608 1811
1137 1399
271 2784
365 3589
596 608
365 3046
912 2905
912 2235
356 3190
30 357
1370 1904
912 1358
271 654
365 1567
0 1186
271 1370
271 2833
848 913
636 1301
77 1932
636 1284
271 5016
1888 2618
912 1544
365 1381
145 564
988 2005
271 2950
888 2616
2328 2861
1624 1698
378 2545
564 1480
228 309
651 1039
1229 2068
2254 2422
62 745
747 1638
743 3145
271 1165
365 2307
1320 3029
1137 2240
912 3517
1274 3573
890 2793
1404 3202
1010 1885
783 7645
878 879
755 771
1137 1325
1268 2085
26 912
293 2748
572 3720
1137 2830
1137 2385
832 1948
271 5201
1027 1048
785 2024
1900 3777
1421 5037
365 1560
958 2766
1964 1965
271 1443
405 1084
271 2137
0 3533
636 1283
1137 2975
912 1268
2328 2577
2633 2635
584 1170
768 910
1928 1936
365 906
575 1008
365 1365
138 1320
138 1893
409 523
365 2401
271 1473
302 2468
1406 2377
589 591
1745 5154
591 783
138 257
912 1325
365 1077
365 1408
1253 3593
1008 2635
271 2221
1012 1945
2125 3117
783 3449
747 2316
2063 3861
890 2076
801 1871
365 1553
1467 1578
1092 2156
310 743
0 79
1254 1339
636 1306
1871 3758
358 1185
1137 1618
1137 1320
75 1137
40 610
244 2392
383 2510
1893 2631
2468 3601
0 4946
1137 2484
2085 2547
273 1530
1137 1571
2888 3517
271 2835
2125 2379
0 2888
857 3307
1904 1969
2468 3728
1959 1978
1037 2022
271 2480
77 1930
272 1352
2137 4998
2769 3711
1745 5058
331 2039
1137 2872
1960 2664
1137 3734
271 5018
2631 2634
2085 2665
3733 3969
2078 3556
272 1042
1108 2028
1335 2992
271 5111
1137 2524
93 4958
3187 3258
365 1360
271 2598
271 2973
271 2376
365 2397
1893 2624
1689 3183
1993 2706
784 2510
564 591
785 2843
1137 2127
365 5044
565 1043
1403 3671
636 1516
116 2092
783 4930
385 1015
575 979
1903 2046
2088 3136
762 1635
325 2285
3129 3565
356 3308
402 1075
365 1981
365 1067
976 1357
271 4943
1067 3483
271 3388
783 1051
1904 3760
365 3591
365 2472
365 1208
1467 1592
93 564
271 2933
271 2131
1325 1872
1998 3718
1137 2946
564 1130
365 2345
1319 1904
912 1081
1252 3593
93 271
271 2607
591 785
93 2929
271 1238
636 1860
1137 2470
1131 1355
2098 2114
1137 1757
236 281
402 817
769 1647
365 2095
365 2535
2502 3000
1137 2284
272 1909
32 584
1137 1710
365 1056
1137 1202
651 782
0 2432
1137 1749
365 2093
1624 1639
365 3011
820 2965
394 2928
783 2302
271 747
572 1871
143 1181
257 265
1137 3621
988 2784
365 2238
0 1237
1352 1467
271 5061
564 1137
1356 3863
1904 2310
0 85
293 1008
1184 2260
535 3787
271 2398
1217 1371
1343 1904
636 1859
85 365
912 3585
138 568
783 1789
747 1268
1352 3026
2632 3943
314 3050
403 3479
271 1262
143 2085
1881 1942
680 2458
1380 1792
764 767
657 2891
1041 2793
138 2474
2022 2625
365 1335
1790 2088
271 2177
1137 5205
2637 2727
747 1881
1010 1995
590 1192
272 1031
608 1562
271 1420
271 2939
271 2358
224 1973
1431 5002
1137 3004
1871 2612
564 3476
1137 1447
910 1261
93 257
271 1094
785 5219
271 3048
358 4952
272 3796
523 591
1923 3770
986 992
584 591
2436 3169
1406 2412
912 1320
1137 1492
3187 3263
385 1904
271 4917
271 5130
783 1899
302 2689
957 3757
1352 1584
277 3595
783 4952
271 3653
271 3120
271 3567
1137 2852
365 1357
1591 1604
896 1979
1872 1904
1024 3797
1081 1137
4934 5149
143 564
273 1597
2683 3890
271 1429
271 2367
1106 1172
608 1049
1137 2552
783 2429
890 1163
1041 3927
2618 2706
1582 1591
857 3273
271 2618
271 3057
2088 5070
1524 3796
2102 2103
138 145
365 833
1108 4962
224 2756
0 365
400 1180
272 2683
1524 3852
2468 4921
61 365
572 954
687 1139
2392 3403
1355 3092
0 833
636 2576
1602 1725
271 1389
289 396
1011 1917
271 3572
271 5027
912 2179
747 3209
272 1883
33 143
1904 2614
129 358
271 2308
2254 2420
272 3763
985 2774
1137 2545
2835 3166
344 345
912 2564
834 2686
1137 5228
54 365
1108 3384
572 957
271 2563
271 3070
761 1107
1108 1918
622 808
2254 3608
1137 3650
1555 1602
372 1964
656 1050
2114 2171
365 1139
917 1137
0 1091
2392 4992
1268 2286
1031 3778
1137 2184
7 1792
1406 3534
0 2333
572 2044
611 2804
564 935
1952 2022
271 3078
1767 2117
1335 2592
912 2298
2638 2773
70 271
885 3832
1031 2676
2125 2220
271 2317
783 2489
248 636
1137 3392
750 910
747 764
366 1137
1930 1941
365 1318
2063 2468
271 1766
87 2085
2144 2149
1357 3475
55 2988
797 985
372 591
890 1958
365 5109
1355 1382
2022 3976
143 365
1692 1694
1263 3183
271 3619
365 2831
1355 2589
1960 3721
1101 1137
912 1397
0 3552
272 1902
1137 4944
833 926
365 5156
93 5179
1137 2322
962 1872
913 1427
271 1490
1137 2012
1137 1383
271 1077
1661 3210
271 2911
405 1576
1137 2136
1137 2531
344 2061
138 628
2125 4898
365 1311
36 257
271 2577
761 1117
1137 2089
2100 2474
86 241
365 3171
749 764
572 802
271 2173
271 3624
1004 3933
2103 2107
1011 3893
372 1904
890 2611
365 1270
844 1698
1130 2846
636 1277
2007 2015
0 2991
1137 3008
2637 3802
755 910
399 511
783 2044
106 1792
1406 2234
912 2988
1108 3558
2828 2891
2222 2510
1268 2450
1352 1946
675 2286
2088 2521
412 575
641 1137
143 953
271 1780
365 761
271 2590
365 3471
271 2432
0 3122
365 2928
564 1437
1672 2145
365 2279
924 2478
263 2186
912 1492
754 1087
680 934
2089 2457
169 236
591 1137
572 2053
277 1273
783 2232
2033 3721
698 962
1137 3525
747 1698
119 129
1011 2715
1553 2591
833 1778
680 2238
365 2300
1137 5219
271 3528
138 1268
1357 5000
2637 3727
1355 1650
572 1896
1406 2520
957 2705
833 2104
271 2328
93 2397
783 2125
93 2254
2468 2615
1027 2817
1904 2391
912 1468
413 1366
1008 1014
365 2334
365 2921
1137 2478
890 1049
1959 1983
2392 2835
1577 2468
1108 1764
957 2675
271 2115
666 1782
912 2391
1101 2427
138 783
0 4969
747 769
1137 1209
518 2742
1212 1357
398 1236
271 1358
365 2293
271 3098
1137 2816
1137 2309
385 1008
636 2192
1394 2137
1235 3249
1764 1777
1268 1406
271 2986
1130 1522
1108 1405
1227 2241
1192 3143
356 3256
1014 2699
747 1650
1234 1364
271 1786
365 747
783 3065
271 2454
1611 1737
271 2386
1137 2268
783 1406
2392 3696
1499 2422
17 257
1268 2588
271 3591
572 2075
271 4964
1335 2395
1356 2615
912 941
730 940
747 774
2082 2919
874 875
1320 2544
271 1944
271 3010
365 2286
272 3710
783 5086
783 3477
1137 2366
801 3716
584 3088
743 2468
839 1683
1904 2235
2407 3141
1472 2085
2793 3972
680 1116
365 1220
2114 4901
1355 2512
271 3041
747 1643
783 994
257 2197
1013 3798
382 2754
1268 2334
1352 1353
1904 1942
2468 2775
263 912
1137 1782
1137 1687
1064 1137
271 531
271 1904
365 2900
1745 5199
365 2465
365 3052
263 1245
764 1137
93 2305
913 1661
1704 2891
1633 1659
2024 2794
145 1268
271 3773
636 1294
1137 2359
783 2308
2085 3043
1571 3269
912 1352
1006 1137
1419 2417
1137 5062
257 2988
333 611
138 1319
1745 3101
1137 2432
1959 3789
356 3246
271 3085
747 1632
912 1378
1137 1235
1010 1011
1137 3636
365 3112
271 2163
2125 2590
365 1090
0 3651
584 3764
1137 2254
1137 1616
2088 2372
365 5030
747 1777
2458 3099
223 2631
365 5121
0 2478
76 2988
2125 3653
1406 2013
1406 1430
2384 5057
1137 3125
138 1406
2063 2663
5 1137
0 1406
358 3150
271 2832
2928 5106
365 2272
914 3851
636 1285
1137 3045
1137 2344
0 2095
617 783
857 1733
1553 3168
2392 3392
523 524
365 912
365 3547
242 327
1825 2478
523 564
320 743
641 2748
1356 2512
372 2706
507 873
2709 3752
1893 1960
1163 1355
2022 3827
2639 2678
896 1352
564 1777
636 1515
356 1736
1492 2551
2103 2838
636 1840
1137 1665
912 1335
1893 2717
1137 2489
842 1397
2129 3129
365 2451
271 3460
138 1024
871 872
912 914
913 1647
912 1777
743 4910
783 1883
518 523
365 2265
636 1308
622 3768
63 1137
356 1589
1061 1108
1975 2709
747 1622
1529 3604
2891 3663
1928 1937
572 3121
99 1137
951 2113
271 1011
636 1848
998 1971
1108 2077
783 1325
2173 2365
507 878
1021 1043
115 2928
2678 2719
988 3824
1745 5153
1137 1498
310 2286
0 3665
764 1634
1137 2296
1177 1392
59 63
358 1083
1137 1229
314 2118
2383 3087
584 2509
967 2618
1116 1746
890 2077
2478 3154
2742 2799
271 1537
0 1201
114 3856
868 1815
401 3481
636 1307
1745 2122
271 1272
803 2618
1137 1695
135 1129
725 778
272 273
1959 3901
271 2967
988 2699
271 523
261 358
636 1418
1777 2016
271 2521
372 572
565 808
783 1761
345 986
1137 1141
1051 1137
272 1871
365 712
2125 2483
0 2889
575 981
564 1358
1883 3776
912 1872
365 1069
272 575
271 3680
783 5002
271 1482
1137 1804
365 1214
0 798
1237 2412
1406 4978
271 2927
271 2266
783 2391
636 1298
747 2474
1536 2986
783 2328
376 1010
3187 3261
1993 3906
1352 2795
143 1087
271 1130
1904 2302
2137 3634
2056 2675
81 99
1406 1567
860 1587
1782 3436
1906 3839
0 4933
1137 1457
888 2645
145 943
259 834
331 625
271 2552
0 3631
636 1520
1080 1137
138 304
1137 3136
797 2648
634 1137
747 835
1406 2102
868 3162
1022 2791
1163 3252
888 2018
1109 1137
783 2721
138 988
1022 2022
1137 1797
365 1207
793 2078
238 325
1620 1635
271 2509
365 2244
271 3157
356 1137
2392 3534
120 4952
365 1352
1268 1541
2254 3497
2145 2891
2876 3001
1108 1883
681 1137
141 143
1942 1944
636 1834
1137 1450
1108 2082
700 864
572 777
271 2102
5 302
1022 3857
990 1108
271 1459
765 910
1137 1709
365 1055
272 1010
2611 2709
1346 1712
608 3611
273 3187
385 1942
1137 2748
2689 3792
568 1904
1325 5210
564 2302
2238 2333
271 1564
0 1739
271 2941
2382 3119
365 2237
365 2568
1923 2717
564 1541
1137 2509
1137 3552
1137 1490
1137 2514
271 2469
145 1107
1268 1273
957 1352
263 1329
138 236
2915 4990
3063 4937
145 570
489 636
957 2627
331 623
260 1695
399 5089
1137 2276
564 912
1908 2061
1137 3461
783 1901
641 982
0 271
190 636
1695 2468
1357 2020
1137 1319
0 3021
1030 3744
223 1137
271 4956
890 1893
1356 1745
14 398
1137 2737
957 3803
271 1423
271 2353
365 2230
1893 2793
1320 3523
1137 2995
912 2085
529 1356
1061 1137
912 1635
0 45
271 2975
271 2470
1144 2872
1097 1137
1356 3275
1247 3001
912 3278
1355 1721
747 1226
743 3170
0 937
1012 3770
1357 2135
271 2519
271 5200
987 1013
783 3686
927 1137
747 1640
271 1383
93 3416
365 2078
365 2996
271 5029
271 4958
783 1137
608 1972
1010 1019
0 3512
1320 3530
680 5023
1942 2067
365 4977
743 2533
0 36
678 1137
783 5125
1800 2437
271 2479
761 764
2733 2891
1320 3417
271 2460
93 5135
748 910
1901 3811
108 365
1160 1387
2276 2468
608 1901
572 790
271 2145
77 1137
783 3389
539 3001
232 271
743 1137
381 912
271 1969
912 4934
272 2699
1692 3198
564 1635
2618 2682
525 569
764 3228
271 3459
1137 1396
238 268
988 3748
1341 3170
2254 2421
1235 1613
1137 2989
1352 1595
857 3267
2137 3177
1689 1692
1406 2316
825 1137
365 3160
1137 4999
654 3986
1358 3545
651 1020
365 2172
1137 2993
2022 3979
696 1016
365 1138
228 238
271 2979
2145 2589
385 608
271 3621
365 2506
365 2837
1872 2545
834 1040
1005 2060
895 1917
271 2291
0 276
1137 1787
365 3661
1067 1769
331 348
813 1356
912 2614
378 3883
365 905
1406 2835
1087 1662
116 1549
1137 2579
785 3388
523 1406
783 1268
41 5045
1137 1632
1043 1956
271 895
1177 1575
238 827
271 2493
26 747
0 3690
3041 4967
761 910
1137 1777
2474 2548
271 1004
1431 1779
271 2167
1880 1895
365 2830
1137 2941
1137 2176
1591 1597
1725 2468
365 4997
2012 3720
515 523
1688 1722
980 2795
271 2857
2545 4965
3041 3453
2224 2302
1587 1601
1015 1016
1137 4946
2615 3780
764 1642
1137 1382
382 608
257 365
271 2325
2769 3806
272 3746
1406 1757
523 541
1137 2530
1137 3018
138 629
1090 1137
2012 2624
680 2909
271 1774
1008 1048
1137 5041
1160 2436
1949 2022
1137 2789
1352 2019
783 2709
365 5101
2424 4966
575 729
271 1823
271 1226
2056 2707
1033 2795
575 972
626 3735
2063 2721
1591 3192
314 2169
145 783
271 1403
271 2870
2489 2891
271 3672
1359 2903
797 897
271 3438
1683 2468
845 1137
0 1904
1110 1341
864 2468
783 3666
925 1764
344 2069
138 1553
3187 3189
410 2159
1263 1580
271 312
271 1783
1137 5034
0 2766
116 564
138 377
636 661
912 1881
1137 1763
1536 2117
271 1010
348 813
2415 2478
31 145
1113 1137
572 2739
1137 2927
1137 1602
365 920
62 3445
1137 1159
1893 1900
0 1240
832 1895
1012 3790
257 2194
3717 3942
101 564
2085 2394
743 3050
94 920
957 2704
680 1444
0 2273
1893 2623
1099 2891
1137 2460
1906 3759
138 2310
747 1660
1137 2433
271 1788
2297 2893
498 1373
271 3037
800 903
120 129
138 1035
2536 2938
881 882
572 1042
1231 2903
271 2114
1406 1961
1137 2219
379 966
890 3752
365 1255
539 2468
564 1051
827 830
0 2121
572 3866
1137 2399
271 3536
271 5007
1137 3033
2254 4971
1137 1803
890 3611
1421 3149
399 674
1235 3248
273 1223
278 304
277 1320
1137 2114
1541 2483
1137 3427
1942 2024
2137 2292
365 3113
564 2085
1147 2089
271 1200
1704 3195
2254 3606
1137 3580
1356 1421
1928 1934
888 3888
3802 3877
365 1218
3930 3935
271 3590
1355 3206
143 271
1544 1904
1352 3876
70 783
641 1872
1346 3249
572 1944
271 1580
271 1366
365 1100
1335 3002
271 5012
575 1904
1355 1635
0 102
381 652
271 1032
625 1977
272 2479
1764 3541
2786 3832
730 2914
365 1133
783 2479
1100 2497
1048 2004
1137 1541
747 1642
1137 3113
678 2466
833 2423
2069 2689
1355 3203
1137 2260
1166 1947
2017 2725
512 523
783 3069
912 1909
1026 1900
402 1545
1268 2857
1899 2802
2272 3005
1871 2622
1051 2102
271 4972
1024 1942
2637 3948
1135 1268
0 819
68 1816
344 3740
398 1560
496 636
263 1086
271 5021
747 2836
906 1153
1137 2125
138 2614
2476 3433
400 1479
1160 3426
2114 2759
700 3794
81 635
1370 1594
365 3047
344 2000
28 2121
1904 2818
568 783
271 1739
1157 1172
93 3575
272 2613
1346 1713
80 271
636 1517
1137 2253
1137 3600
1137 3163
1652 3217
636 1847
912 1329
143 155
833 3608
0 1077
271 3058
257 3692
385 599
769 3226
271 3518
138 1030
1137 2398
983 3703
2891 3126
989 2698
890 2056
1136 1371
1688 1734
1357 2512
271 1444
365 3401
271 2254
1235 1684
365 1236
1048 3743
833 2425
2085 2430
2872 3001
572 1964
651 2660
1035 2821
1137 3431
271 1493
271 2944
988 2742
354 705
271 2031
1137 2594
365 2890
764 788
783 1319
564 3411
1137 1591
747 1624
2668 3818
1715 2145
224 988
1893 3934
1778 2254
912 2341
1137 3593
2745 3716
344 1008
1137 1241
145 257
1051 2520
1591 1687
2382 3489
0 3408
271 3463
870 871
2244 2847
1013 2627
490 636
2614 2709
1472 2125
0 1211
271 3429
271 2840
2125 2861
365 2264
636 1309
1137 2973
1137 2336
2085 2407
2254 4935
2012 2351
1024 1986
912 1238
365 2567
680 1789
1928 1938
272 1999
271 2953
1357 3006
365 2409
636 1849
1137 2481
2085 2504
1014 1918
2903 3059
747 1617
1137 2842
272 895
2700 3872
365 3593
1382 1729
271 2549
1145 1478
272 3842
988 1918
1066 3692
890 2015
1137 1721
1900 3755
271 1397
636 1513
271 1870
1160 3077
403 523
1030 3781
271 4987
769 3211
523 542
1059 2125
138 2055
783 2017
1010 1957
271 1536
271 3503
1161 3005
1137 5176
636 1300
680 5053
1137 2521
912 3727
747 1138
1137 1947
271 783
700 984
2114 2919
271 2381
1357 3597
747 2302
599 1137
1137 2474
1355 1692
358 1184
1352 3007
1043 2021
1508 2125
145 1528
1240 2392
0 2309
0 2890
271 2546
1602 3183
580 834
1777 1904
1573 1591
1137 3473
1137 1714
365 2269
1406 5088
1137 5056
272 3732
406 780
2641 3851
62 840
1687 2114
138 978
912 1205
365 1213
575 3810
0 1348
76 637
2476 3050
636 1299
1745 3506
3774 3962
3187 3260
1406 3013
376 2684
365 1358
143 1086
271 2592
680 3018
783 1791
1893 2638
1390 2563
730 2085
1137 2467
680 2332
138 564
1406 3166
34 271
785 912
143 261
0 1122
885 1043
271 1109
2088 4963
365 2871
636 1521
266 689
1745 2087
138 707
213 636
1406 2103
2848 3666
1607 3186
2069 2891
1160 3123
400 2848
271 3688
1011 1891
783 5010
1137 2871
890 1872
618 620
0 1011
1137 1359
365 1206
2548 3034
1536 2907
0 2
272 1957
1357 2445
983 2771
1235 1712
783 3574
1016 2788
1145 5210
1137 2185
0 80
823 832
271 3044
572 2692
0 3139
272 3800
1527 2382
378 2681
2540 3592
2254 2427
140 783
236 636
1137 1449
3513 5156
0 564
608 1881
608 2068
1079 4936
0 3623
858 2786
271 3636
1572 1591
888 3832
783 3066
784 1172
1639 1660
1137 2550
0 675
2022 3951
271 3422
271 2234
1547 2125
1487 2395
783 3414
266 523
783 2743
0 27
3041 3573
2668 2701
488 636
3273 3286
271 1567
271 1994
93 523
271 2347
365 2236
1009 2723
1137 2678
1406 1904
1137 2508
564 680
1137 3418
485 636
912 1944
365 2452
1108 2235
2437 3011
381 1553
271 2392
1252 4947
1137 2058
1137 3677
783 2901
1900 2790
1406 1432
783 988
399 523
0 523
608 1872
385 1009
271 2505
351 611
1137 2896
271 5135
1942 2709
2554 2706
314 3123
868 3462
379 1137
577 1050
1782 3441
46 302
131 1137
1352 1727
641 1893
2662 2706
271 1422
1137 3385
365 2560
365 1229
1137 2994
1262 3089
139 145
711 832
0 783
577 2891
0 46
0 915
1137 5012
807 2615
783 7646
651 961
1356 2539
946 3391
1914 2795
808 1008
365 683
1137 1406
47 2007
583 2256
46 572
1137 2263
1019 2636
1137 1249
1872 2328
271 1963
1881 2784
0 2448
1878 1896
365 2995
379 2632
564 783
236 1268
365 2872
2254 2419
93 2857
747 2114
1314 1406
1137 2558
138 601
743 2532
1043 1071
638 1137
0 37
271 3162
271 2178
271 2564
271 2478
2157 2379
581 1373
1137 2052
271 3878
271 1525
2392 2557
400 1182
1553 2976
1137 1335
2125 2970
680 2442
2379 2915
356 1690
377 379
17 2198
1268 3659
783 1906
525 2451
611 2713
608 2013
0 2455
0 3036
1161 2938
680 3491
1137 2406
834 2674
0 1693
2670 2802
365 1178
0 1745
2254 2426
636 1275
857 3266
2088 2534
1320 1904
356 2145
1533 2085
72 271
2114 3623
273 1733
271 1110
271 3064
271 2487
1406 1772
1702 1707
1370 2474
636 1855
747 2125
377 3929
766 1355
365 1137
272 507
365 1799
368 565
0 2967
365 3635
271 3406
365 2257
815 1871
2088 2255
1890 2618
107 1360
1904 2059
1406 2138
1904 2012
129 1740
348 1008
1067 1388
1108 2343
1137 3028
840 2260
1137 3116
636 2190
1137 2151
271 3075
75 271
572 967
0 1704
1137 1139
756 910
2087 3074
271 5083
1137 2536
0 5120
271 5125
2636 3819
747 766
912 2261
564 2114
365 1316
272 808
271 1760
0 1810
271 2570
72 1137
1904 1909
1979 2726
1921 3946
1421 2537
912 1811
998 2618
608 898
110 1782
0 2929
271 2166
271 3629
138 1137
1904 1988
1591 1596
1137 3488
1904 3709
572 1352
0 849
1252 1338
1804 3588
1137 4950
271 2604
783 2341
1040 2796
271 726
1235 1713
273 1574
572 990
1137 4903
271 2324
238 2468
523 540
1137 2529
138 626
676 1357
1942 1988
1137 1560
1406 2922
271 839
1011 2678
271 2899
271 3022
1008 2012
608 3869
365 2933
564 1883
912 2730
1210 1422
1904 2474
276 2392
403 2384
400 574
271 1822
915 1137
2894 4922
1010 1876
365 590
356 1719
1214 2506
271 5082
1137 1165
365 1268
833 3499
957 3962
0 1218
0 1093
1782 3043
385 1987
2468 3849
764 1502
336 611
1871 2740
783 1108
747 1404
888 2003
564 2398
1213 1430
271 2472
365 3580
1067 2865
138 1108
365 5160
138 1882
917 2168
365 2114
1421 3071
747 748
1137 1553
354 572
680 793
0 2845
2668 3739
1268 2307
2474 2730
2736 2795
1672 3243
0 52
758 1635
1262 3585
1137 2916
365 1116
1343 2125
977 1882
2328 2614
3082 3149
272 1027
1137 2926
356 1726
377 988
1137 3087
3385 3517
135 2510
1137 1907
2795 3748
72 135
833 3500
2737 3882
1201 1406
1137 4928
271 2293
271 3103
271 3530
1352 1737
2927 3595
1904 3424
2478 2863
1137 1996
0 606
365 1406
271 2872
381 1060
58 358
833 2110
1010 3732
2384 2956
26 271
1137 2565
1101 3607
72 3053
1160 5090
749 761
271 1791
2007 2114
1074 2125
365 3462
1602 3295
93 2252
271 2237
584 2141
1959 3813
1335 3649
912 2286
785 1904
947 1108
808 986
365 546
271 1243
0 2523
0 3445
365 2477
1137 2717
912 2377
783 2179
1137 3072
3883 3964
801 2776
1130 2302
365 3652
507 808
888 2819
1406 4906
743 5003
1803 2392
572 2618
1137 2363
1137 2960
2780 3731
1011 3795
747 912
2777 3952
1235 3251
868 2163
1177 1343
271 2282
271 2403
836 1745
407 919
2636 2643
1133 2478
747 1652
747 1944
236 912
385 3274
1492 2194
271 2670
271 2085
271 2448
747 1623
985 2047
912 1969
365 5079
1137 1692
365 1410
271 1909
271 1312
365 3600
769 3215
365 2470
1137 2840
356 1708
1628 1635
913 1658
783 2981
753 910
747 1659
349 625
1145 1232
138 785
62 821
802 3986
1406 3604
659 1137
356 2545
116 2515
365 924
521 523
591 808
271 3218
636 1837
2392 5165
764 775
785 2875
93 2228
651 3981
1406 2395
271 1741
76 257
747 3278
1212 2891
1268 2328
271 672
1704 1707
0 5112
365 2092
783 2954
636 1846
1586 1595
344 995
749 759
977 3737
730 944
575 808
1268 3727
2637 3707
402 2475
271 4975
783 3802
811 1356
363 1137
1904 2085
1137 1193
0 2150
572 695
636 658
995 1908
0 3570
636 1288
263 1412
410 1864
783 2310
708 1004
764 1235
263 2449
912 1533
747 1620
808 1904
365 586
365 917
1406 2478
572 3736
238 327
801 2966
783 1241
1406 3063
747 1634
783 1013
399 544
888 2468
1357 2769
365 2311
636 1518
2125 4936
1137 3565
783 1358
2254 2304
145 271
2057 2618
1176 1177
271 1334
783 1541
1891 2668
365 2125
271 3513
335 611
156 1040
783 1024
1536 2251
1236 4964
747 1664
382 572
912 2489
1137 1323
0 2143
3041 3047
365 2270
271 3187
636 1287
1137 2350
572 1893
1051 1268
365 579
365 910
0 2254
575 2694
1099 1355
2107 5136
365 4913
365 5047
747 1627
912 1135
1265 2125
764 769
683 3535
783 3483
783 833
1320 2132
1893 3933
0 3095
271 2327
1137 2245
608 1352
138 747
1137 1397
747 3212
365 1081
680 907
1137 1223
271 1343
404 523
1055 1137
1145 1146
223 1046
680 4904
1044 2377
402 2593
2048 3871
138 1872
747 1913
700 2041
507 871
1268 1904
272 1969
833 835
2292 2297
636 1310
1889 2636
1137 3411
176 190
747 1397
687 3648
912 2665
1406 2557
2114 2464
271 1501
271 2952
575 2039
681 2468
983 2747
636 1850
1352 1659
636 1831
1900 2691
564 2960
1137 1138
271 365
271 1752
680 2583
365 3025
2254 3176
2114 2235
783 1881
1137 2302
783 2602
365 5051
912 1883
1137 2371
145 761
400 527
236 1137
271 2222
576 1768
1108 1137
271 3471
680 4911
365 765
1014 2073
365 1219
1553 2397
754 910
271 2912
271 3574
269 2085
2674 2695
985 2797
2494 3418
178 636
1942 2013
379 1989
584 1361
2064 2638
1872 1942
400 856
271 1135
1011 3742
700 3832
700 2642
636 1841
1137 2473
378 3802
2510 3569
1137 1568
1882 1978
636 818
848 2145
271 362
382 1942
1764 2234
271 2692
1896 2795
365 2877
764 1659
564 1352
1942 2689
2063 3749
1137 1347
912 1319
754 1098
0 1600
608 2709
1008 2058
116 355
2468 4968
1406 2036
2392 3418
372 702
271 1544
636 1297
1355 3193
238 321
272 1921
654 1137
1343 5173
1137 1318
608 890
381 680
2392 4913
978 1912
271 2974
0 2584
365 3029
608 834
928 1137
271 3837
1137 1753
1137 1463
758 3211
400 2509
271 2174
759 761
271 3436
1137 2280
523 1137
1137 3465
32 143
783 3067
365 1060
145 747
625 1908
1432 3096
2766 3791
0 71
17 2988
1356 2064
1131 3076
2706 3733
1406 3058
1137 1358
401 2864
365 1536
271 1553
1674 1727
271 1467
271 2934
747 761
271 2265
1137 2951
0 2457
2706 3931
762 3612
365 4891
2309 3599
0 2218
589 2216
805 2618
835 1594
783 2085
1119 2944
138 572
783 1777
890 3855
1137 1448
271 909
347 1908
0 1967
0 2324
365 3662
1571 1591
365 2863
63 912
1404 1635
365 2085
783 3068
1136 1248
1406 2111
749 752
2114 3897
1942 3772
2125 2943
365 2090
2890 3517
365 3008
797 971
827 831
2270 3032
1904 2564
365 1198
990 1268
271 1566
2125 2181
1406 1410
312 3001
2163 2392
271 1213
365 4989
2478 2485
2238 2996
783 2282
1137 1488
272 376
833 834
575 2762
271 2609
1179 3095
365 2380
608 1944
2102 2104
2085 2128
0 246
2103 5073
1268 1274
2632 2635
1406 2562
1137 4973
1137 2312
1827 5045
0 1137
0 2539
271 2383
518 3727
1137 2903
365 5023
797 3984
1137 2921
2848 3547
1137 4942
0 3023
2125 3459
271 3124
271 3555
1481 2088
378 2742
568 2085
143 358
783 1130
344 1892
365 727
1408 1739
1108 2396
271 2355
2114 3829
2709 3565
783 2759
1959 3775
3074 3526
2223 3480
398 2085
700 1021
271 1091
1335 5046
116 1268
358 2281
1137 3137
2468 2714
797 2626
1137 1671
1011 3856
272 2724
145 912
680 1872
2052 2814
402 3073
224 572
1137 2888
1137 3622
801 3705
135 3667
2758 2795
138 1954
1108 2654
1490 3313
1259 1779
271 2132
1710 2145
1624 1656
365 2994
783 3495
1352 3995
1177 1569
1137 1393
314 2436
1406 2580
1137 4915
271 2360
681 2145
365 1768
100 360
600 974
912 2078
3000 3099
1137 1474
564 4956
271 1096
365 3165
365 3496
115 365
406 523
572 3709
1137 3662
636 1854
365 1143
228 307
271 1794
805 1931
912 4905
1659 3215
2808 3707
0 1268
2085 4914
2069 2820
1024 1959
1012 2766
2085 3001
2184 3023
1137 1206
93 3494
365 3455
1421 2468
271 3130
1108 2342
2637 2646
887 979
747 3210
1067 3504
564 1459
2668 2811
365 1764
625 1035
572 630
289 401
0 3505
239 743
670 1137
224 608
1352 1597
413 3576
1320 1340
365 2338
513 523
0 61
629 2669
365 523
312 313
683 1137
983 3759
1244 3389
835 1583
572 3727
0 359
1235 1675
271 1803
1013 2820
749 768
271 3986
2085 2268
1815 2125
365 5002
271 1470
397 523
398 523
272 976
1013 2741
365 3448
1177 3269
1325 1764
726 1050
271 2362
912 3435
783 2698
912 988
564 3581
82 2864
636 2191
1137 1379
608 677
1536 2879
1881 2991
1764 2466
372 3720
1358 3511
2468 3947
233 2631
797 1137
1904 2341
912 1055
2412 2482
995 3712
271 2896
1656 1659
26 783
271 3008
833 1137
365 2352
2679 2793
1591 1678
783 1383
712 1137
2114 3384
1591 1697
2114 3012
775 1698
271 2161
365 2166
44 143
1137 2931
1137 2182
1591 1599
1137 3100
365 4995
1635 1655
138 2125
3210 3226
365 1274
400 523
257 783
1315 2384
2384 2389
1524 2630
1137 2606
365 1353
93 642
1243 2989
358 783
2355 2462
74 116
2510 2571
271 1078
272 2032
957 1981
1352 1942
2326 2328
1745 2891
138 627
747 758
785 1137
241 2602
2468 3275
271 1768
271 1191
2771 3830
138 2800
988 2637
2088 5030
572 2759
93 1268
48 263
563 565
120 2889
253 636
747 1553
271 568
74 145
271 1817
608 2067
271 3637
940 953
99 107
988 1942
912 1553
747 788
783 5130
396 523
365 1267
833 3498
331 332
81 1137
385 1108
365 2966
271 5051
138 1541
1137 3035
2774 2797
564 3523
365 2353
271 4979
365 1156
271 2844
272 2039
381 1268
238 2476
224 1899
1137 2563
523 532
1906 2652
998 2765
72 2492
507 1872
998 3788
671 2622
747 1657
783 912
1008 1010
271 314
143 1137
2328 3113
1268 2316
2254 2303
636 663
565 887
912 2274
2043 2704
1530 3208
787 1090
2069 2708
742 2988
365 1051
564 4940
358 1137
0 234
1116 3501
1958 1988
365 1260
75 610
0 1242
271 1346
2114 2756
271 3102
572 2620
271 4992
138 1548
564 747
138 2254
1137 2340
572 1915
2365 3427
572 1005
833 2109
1136 1679
2076 2328
2254 2824
365 5152
356 1600
1942 2100
2468 2471
365 2223
1942 2007
1192 1419
1012 2773
0 2183
0 1459
833 2427
271 3039
1010 2682
1268 3517
1352 1811
747 1137
1335 3648
2302 3760
767 1625
1871 2066
365 1108
1621 1635
77 2634
0 2524
992 2774
365 2476
271 2405
2697 2748
1160 1527
2766 2821
2114 3771
356 1672
988 1921
238 326
365 1466
365 785
0 2123
271 2301
365 2290
351 706
629 3873
523 525
564 2224
1235 3250
1268 2836
271 1528
0 2607
608 2702
680 858
1426 2085
1208 2316
764 777
365 4933
749 753
1137 2166
1982 2618
2510 2959
886 2632
311 314
564 850
271 2084
114 808
792 1355
808 884
331 1035
138 224
271 3640
1024 3707
912 1904
93 1130
271 3106
1929 1935
138 2286
498 1227
315 1341
271 2133
365 2138
138 1352
0 2786
0 25
314 5003
1040 2746
747 1358
1137 2429
981 3914
0 1379
2056 2468
864 2775
365 5193
271 3180
271 3309
271 5014
764 913
263 3585
1904 2238
747 1621
1942 2056
241 1137
272 2012
271 3004
1893 2637
365 2428
636 1377
636 1838
1137 2444
651 1045
1108 4911
365 2331
747 1644
1137 1425
680 783
271 273
833 2421
365 3116
579 1137
903 1024
272 3871
1352 1356
356 1733
138 272
1942 2225
365 1788
700 3878
365 2896
680 747
271 1320
365 3592
271 3593
1137 2832
271 2545
749 751
572 622
1137 1893
564 2327
398 530
48 1330
1182 2382
93 138
0 3571
271 2345
636 1289
1871 3807
1406 1533
857 3207
761 770
747 1492
1716 3187
271 3155
700 973
271 1656
747 1661
2125 2175
271 2416
811 2706
2384 2503
2088 2915
600 808
622 1904
2228 2229
365 1529
259 611
271 1749
630 809
894 1009
591 618
0 3089
238 3699
1335 2894
1544 2333
271 1363
334 611
608 2812
271 976
272 914
0 1079
263 4905
1035 2033
1802 2891
2638 3952
378 2689
120 1137
0 4973
138 698
1100 2414
2382 2476
572 591
271 3501
271 2248
1160 2162
1146 1233
410 1066
912 2254
365 4955
1357 1981
2125 4909
1137 1330
1745 1762
273 1702
271 1495
572 3728
1893 2641
1137 2155
1137 2494
993 1352
507 874
89 271
2150 2349
1130 1904
365 3102
271 2099
591 942
1524 2705
1632 1698
1137 2244
271 4935
138 863
1610 1704
2114 4921
1438 3074
1335 1904
833 3607
93 1566
610 2091
365 868
2272 2328
1623 1655
271 2271
271 4988
1137 3736
636 1845
1136 1364
342 523
1137 2510
975 3726
271 1541
291 575
912 1130
1108 1325
2632 2634
271 5101
2510 2849
1137 3036
356 3272
750 761
1553 3655
783 4969
257 1137
572 2758
54 3012
271 2374
138 1492
145 375
93 777
68 3093
2346 2891
1388 3895
1745 3151
747 1619
1137 1412
608 988
366 572
1057 1177
13 143
749 776
365 2552
608 1942
912 2334
762 1629
636 796
272 1963
0 3090
365 1073
365 1991
1602 1603
2022 3960
1346 1698
680 1318
1137 2751
1137 2382
743 1506
1137 1769
913 1637
1136 1355
1137 1363
844 1057
365 2584
73 1268
1201 2261
271 1460
0 2094
1067 2882
888 3868
2676 3902
1137 2964
583 2553
1316 3117
236 365
342 694
1137 3613
1137 1622
2392 2583
407 523
0 3086
1268 3017
365 564
1137 3680
257 912
911 1137
0 4950
912 2123
2085 2559
138 523
783 1335
379 1973
271 958
93 912
271 1183
1201 1268
0 2892
988 2613
365 2545
271 3430
783 2573
1574 1591
905 1137
193 636
783 3539
1896 2804
272 3880
1212 2292
1013 2766
1137 1440
271 2230
352 1792
365 2434
271 3479
271 4930
2468 2629
769 3209
835 1610
747 988
1137 2232
365 1211
608 2100
271 1469
1160 3485
271 1075
1745 3610
1137 2957
1942 2730
783 1167
3187 3262
1137 1615
2298 3535
1137 1317
238 1137
636 1413
0 2585
783 2464
1893 2636
1137 1445
1907 2468
1942 3760
407 1058
1137 3425
783 1771
507 881
1100 1137
2114 3603
1137 3567
2621 2731
1904 1964
1353 3675
378 699
2114 2588
681 1698
1530 3264
1133 2309
0 3670
223 303
1038 1352
1944 3715
2384 5024
785 1081
343 523
385 2731
402 523
1274 2540
1137 3167
271 2348
271 2284
271 3158
2468 3772
1137 2950
1536 2559
568 1137
2125 2451
1137 1502
1790 2379
2254 3500
271 2397
30 2085
912 2548
659 2944
1137 3014
229 636
1137 1745
365 1825
608 1883
1700 2468
1939 1940
633 1137
271 2908
572 2717
271 4899
1137 2272
1137 3627
1815 2088
912 1541
1223 3186
2668 2680
365 2599
1988 2059
129 1565
1016 2726
1356 3729
271 3118
271 4944
583 2391
325 2600
138 962
365 2543
1137 2468
572 618
758 1137
1137 2374
285 636
762 764
0 2689
680 1137
1137 1683
1991 3807
272 377
608 1988
138 1008
272 2675
1524 3803
325 5059
272 3793
1871 2071
1243 3982
248 1102
1137 1738
1137 2987
1352 2667
271 917
54 271
0 2283
79 271
260 1690
271 2333
3187 3259
577 3053
1406 3844
783 1902
363 761
271 591
749 756
625 1893
271 564
957 987
271 4919
1137 2572
1137 2855
1137 2410
783 3625
764 3209
378 572
3272 3273
271 2244
1353 5008
271 2887
2254 2414
1355 3183
375 1798
1137 2555
2085 2306
1137 3409
2478 2934
1021 2022
1406 2892
1137 1480
312 1160
700 1022
366 3806
1051 3695
1137 1227
564 1944
19 610
1591 1698
1137 2154
0 362
271 914
1741 2745
565 1002
1006 2761
1881 2019
1137 2264
1524 2811
2069 2821
271 844
1980 2328
365 1141
1137 1884
1137 1255
976 2697
1137 4958
271 2243
271 3576
1268 2078
1137 2403
747 3220
906 1268
888 3920
271 680
365 1183
572 1881
1971 2667
271 2892
365 2220
1137 2662
636 1278
1137 2556
2085 2315
1872 2665
1871 1955
365 2339
1801 2891
1335 2874
365 2365
912 2836
1352 2033
1137 3661
2429 3460
923 2025
2147 2891
325 1053
1136 1612
1760 4934
1659 3214
1137 3515
2468 3295
401 523
1815 3579
2709 3799
271 5151
138 697
314 5090
1991 2468
1137 1877
2848 3562
346 1137
271 1385
365 3454
591 1038
46 382
1137 2453
2637 3883
116 3144
1406 3418
1352 2722
365 1763
572 970
271 2901
833 2106
2254 2424
1235 1614
365 5179
271 2603
1370 1608
11 257
1352 3560
1406 3088
1904 2351
1903 2793
1137 1530
1893 2639
271 1104
1092 1438
1364 1371
896 2730
0 380
409 907
2084 3593
2085 2437
1972 2019
2706 3074
1355 1704
747 1570
1063 1137
572 1033
400 530
0 1095
0 2545
1346 1615
271 3622
356 1667
0 3454
365 5001
1635 1649
365 1024
272 977
1006 2012
1268 2988
1092 2259
813 1137
68 2085
1406 1492
1136 3299
659 2353
0 3179
747 1533
1467 1808
356 3205
271 1064
2637 3904
271 2898
2679 3751
1585 3186
1335 3577
2618 2803
896 2690
402 1052
271 3055
1896 3897
2114 3187
1137 2859
271 2580
99 1316
1602 1698
365 1675
1927 2641
138 143
376 1357
677 890
572 1024
199 636
271 1811
833 2304
1486 3074
271 1779
365 2165
1243 1920
2689 2891
1591 3196
381 2730
1137 2471
271 2858
568 778
143 1065
1137 3011
264 285
271 3477
1355 1656
413 2829
1438 1745
365 1749
272 3898
1335 3578
271 1561
271 1211
2588 4957
1320 1323
2161 3127
1137 1566
271 833
1011 2680
271 272
365 764
1475 1529
271 2439
405 523
1903 1988
59 564
2468 2751
1871 2693
636 665
145 1904
2125 2946
1591 3268
1038 2685
1009 1875
0 2868
238 1244
314 1341
1499 2421
271 1254
2125 2968
72 3630
564 1397
1008 1947
365 1266
833 3497
272 975
55 257
783 1544
365 3627
610 2299
1230 3656
271 5050
1177 1591
1355 2384
2275 2392
636 1417
1114 2254
72 3508
365 1155
747 3130
833 2107
1137 5086
272 2818
1876 2667
1524 3774
1137 2562
523 535
212 636
1406 3696
2637 3964
235 565
1312 3593
1008 1011
0 1469
988 1894
365 3136
2104 4916
659 5160
2343 3278
680 5200
783 3672
1149 1192
365 1114
116 2144
1268 3541
365 2151
355 2254
271 3495
356 857
783 1872
564 1343
365 1259
272 625
1011 2719
1054 2082
0 2165
271 2130
271 3097
271 3540
376 1889
1137 2491
143 783
743 2169
572 1908
1971 2636
833 2108
1906 2771
271 3156
272 865
1212 4953
1137 2449
413 3549
1137 1544
747 1649
1108 1904
0 26
833 2426
271 3038
271 2233
2640 4893
2200 3002
2709 3715
0 3385
1900 1951
783 1405
271 964
2089 2328
1137 5007
1268 2254
93 2480
2049 2709
1137 2216
1136 3248
1173 2384
0 3158
747 1352
2847 2848
958 2014
271 1568
769 1137
271 2300
783 1764
1000 1048
1048 3725
135 1137
636 3898
743 3645
1886 1959
2114 3108
572 2780
572 997
271 1531
271 2998
988 2724
365 2178
273 3273
271 2443
1100 2125
1871 2787
2085 2924
231 365
1994 2778
1491 1698
1040 3895
17 2193
833 2419
2510 3165
2254 3605
2451 3565
2085 4982
2894 5033
1356 2780
1082 3308
365 1325
2316 2869
0 3464
365 1431
1357 1421
2114 2601
1268 2261
0 3406
365 2468
271 4960
2031 2687
263 5020
142 143
1010 1980
20 584
0 1193
2137 5077
0 2115
271 1793
985 2651
358 4967
271 5009
1137 2354
2709 2772
1871 2029
1137 2300
749 1137
868 2144
365 591
2412 3074
271 2150
636 1839
1370 1598
46 271
365 4925
785 2569
2137 2242
784 1523
271 933
143 912
271 1743
833 2420
1358 2347
271 2459
365 2903
1352 1357
2468 2771
49 743
591 1152
1136 1693
365 1093
2468 3792
2026 2616
492 636
680 3688
3707 3718
1137 2332
1041 1357
783 3876
413 3673
991 2737
743 3433
1008 1872
826 827
3764 3971
3409 3517
1137 3040
410 1162
2085 2418
783 2822
529 1137
857 1728
0 2480
365 3639
365 584
365 915
295 636
271 2917
1903 1904
680 1067
1901 2689
1406 3105
1212 2396
747 1636
1976 2706
1009 2023
271 1155
271 1800
1005 2668
783 2254
764 1640
1008 2821
672 2392
272 572
783 1352
2778 3761
551 1981
1356 2445
783 2286
680 5010
1108 1562
912 2224
2033 3753
1012 3712
747 1343
271 3129
378 1986
313 314
1524 2677
2286 4890
636 1281
2468 3926
1139 3021
72 3120
11 2988
145 960
1904 2489
271 1708
271 1051
572 575
257 603
608 777
365 2413
1893 2640
1335 3025
636 1853
227 887
1137 2088
747 1629
1137 1410
271 1757
1137 1237
385 572
2474 3130
636 1511
912 2328
1959 3848
2088 2298
370 1137
1352 3769
1136 1222
365 1079
833 3606
1108 2614
2170 3041
957 1927
0 2489
0 2964
783 4992
636 1519
27 1325
365 2254
1137 1398
365 1379
365 2958
1137 1369
1760 2478
271 1540
1011 3818
783 1553
271 2256
983 2774
636 1304
2676 3821
2429 2865
1562 2036
1137 3081
749 910
2642 2786
0 1528
611 3924
1352 2755
271 2954
314 1160
636 1844
2783 2786
764 1619
1355 1688
278 1038
747 1618
1406 3638
290 1137
271 2550
572 1003
1462 2125
762 1626
1609 1693
365 5027
2125 3100
0 232
401 511
1585 1698
1201 2549
133 238
271 1635
903 1023
1051 2078
572 2656
523 783
2468 2655
833 2303
2631 2632
1024 3202
913 1636
1137 1807
912 1201
271 667
888 2781
271 1463
145 2492
30 358
2769 3722
271 576
636 1303
1871 3765
2819 3764
1945 2777
233 343
2872 3022
3736 3939
271 1137
93 3104
93 2610
271 3628
783 2114
2078 4924
636 1414
636 1843
608 794
1048 2697
1683 2706
344 1960
797 3858
1043 2022
0 244
364 365
93 788
1179 2085
271 2559
1764 3419
271 3425
271 1108
895 2742
1356 2180
486 636
751 910
636 1784
271 1872
365 3492
1008 2631
271 2225
700 2738
1108 1591
1904 3720
1116 1137
3802 3862
272 1894
783 1492
271 3553
912 1763
912 1192
399 2742
1423 5002
365 411
271 1468
0 2976
190 496
580 611
912 2100
752 910
1236 3408
1688 1717
2017 3981
271 785
729 1034
54 1081
2254 3498
761 1662
1268 1352
365 2392
1893 2635
1356 3597
2254 3607
138 1226
356 3199
783 1343
1355 1686
2098 3546
271 2485
271 381
356 3188
912 2114
957 1902
1522 3059
2328 2411
564 1433
1137 2286
1648 1650
2125 3453
365 1782
895 988
2848 3669
77 1928
271 1881
365 846
868 1137
271 2238
636 1280
271 3104
271 3487
138 1081
378 2722
1409 2290
1537 2536
1355 1441
913 1622
0 2148
40 1137
271 868
2103 5097
385 3985
1268 2478
1397 2067
764 1701
2468 3914
399 1313
302 354
636 1514
834 2716
2137 2239
271 1439
1114 5085
271 3161
398 1479
271 1487
271 2159
0 2577
365 2385
572 980
1871 2770
2468 2706
378 1990
238 306
952 1108
769 1634
263 365
591 747
2730 3855
762 769
376 1980
1904 4934
783 3070
325 539
564 1335
1137 1268
2022 3884
572 2005
3832 3888
272 2647
365 2088
1406 1740
1137 2416
1352 2297
564 2298
0 680
381 1138
988 3829
271 1410
1357 2435
680 3083
1921 1998
1942 2053
1137 3423
1137 1656
138 271
365 576
1011 2763
747 749
1160 2533
1905 1988
122 228
271 2574
694 2713
636 1852
1224 3052
769 1659
314 1342
0 2898
365 3684
365 2854
1133 1137
271 1335
1137 3619
410 523
365 2119
1389 1406
1268 3565
2510 2935
52 783
2125 3072
747 767
1357 3863
1960 2061
912 2186
378 3866
1352 3521
764 3210
2752 3930
519 1137
365 1776
238 262
988 2077
1874 2807
1043 2009
747 1641
271 2435
271 5032
2007 3945
1137 1792
407 3154
0 1499
935 2125
636 1286
1137 5001
2731 2750
0 3156
743 827
271 3137
890 1942
402 1428
912 2316
1137 3700
2150 2829
271 2729
5034 5047
885 2744
408 523
1145 1827
271 4912
835 1723
277 365
783 3020
0 1777
2135 2137
1137 2364
680 3397
680 2240
783 5098
764 1638
1137 2402
843 1160
1073 1137
138 2988
912 2343
564 2248
1137 2648
988 2028
271 2895
833 1268
365 2219
2468 3943
1031 2665
2636 3726
987 1902
1015 2065
138 2224
1137 3564
272 2774
491 636
1067 2250
1137 4994
271 2475
272 3776
1887 2618
1427 1642
1959 2045
1051 3394
608 2048
608 1031
365 2840
680 4972
356 1669
1172 3583
2618 3766
63 2864
271 1478
365 2371
1137 1183
781 1900
271 1384
331 347
272 2703
271 3571
1406 1817
365 1355
564 785
1906 3717
1137 1881
1008 2632
572 1873
1358 1904
1406 2458
271 2307
2254 2425
46 1223
1137 2977
413 1782
572 2743
138 591
747 762
1137 1635
14 271
1137 1529
365 1320
1108 2696
271 1764
271 2968
1008 2739
365 3487
3764 3825
783 2478
363 1163
1137 2098
1959 3907
1137 1452
1137 3355
1137 1916
3832 3971
1226 1268
747 1701
1871 1872
381 2261
93 3845
1137 2179
2637 3922
93 381
636 1866
1421 2174
515 689
608 2007
0 2145
912 1137
271 3670
0 1104
522 523
896 3706
910 2085
979 1904
906 2125
2709 3892
272 668
271 1067
271 1510
1357 2471
1874 2771
2474 2836
271 659
523 536
1137 2541
2468 3254
365 1356
356 3201
1069 1108
1904 2343
407 951
1591 1677
638 5013
777 1908
271 2489
1932 1933
1925 3980
581 1108
1137 2392
53 63
271 1810
365 659
381 2286
302 1562
271 3630
764 3192
271 1797
2085 3453
1591 1593
138 680
747 785
910 1663
1406 2112
1913 1919
271 1406
1140 3041
758 1642
365 2971
1192 1568
903 1043
271 1754
1756 2254
783 2868
2618 2619
1031 1942
38 143
680 1466
271 2906
263 271
1137 2568
891 1985
2085 2341
138 625
0 3494
700 1925
797 3881
1872 3723
783 917
272 349
1320 4979
3876 3913
2891 3635
271 3019
271 2438
365 2930
673 1212
1397 4998
783 3528
651 2713
783 4912
957 3885
93 145
94 257
1710 3242
271 2168
1137 1242
575 1001
1137 2237
762 1732
1139 1764
575 887
365 1134
271 1474
2022 3896
1137 4940
271 2281
365 2302
1000 2815
271 5217
365 2132
2088 2127
912 2474
1101 3608
100 564
271 1081
271 1524
807 2632
271 2334
2254 2823
575 2038
138 1881
271 1756
1137 3083
302 1942
1137 1558
1553 4985
890 3121
2791 2801
1236 2085
622 783
2037 2066
169 281
271 2391
747 2224
1137 2085
1243 2809
271 1481
365 1113
1944 2666
143 821
365 3026
271 2113
0 3441
885 996
913 1651
797 1997
1137 3084
1268 1522
783 1508
747 783
288 744
2734 3936
572 1926
272 967
1406 2144
1343 4949
783 2356
138 912
783 1118
1562 1942
2377 3565
81 145
572 1909
1235 3247
604 1172
271 2984
271 2407
1782 3549
912 2302
138 1335
912 2478
281 503
356 3318
747 1648
272 331
271 2837
989 2699
271 1207
143 1115
868 1904
1524 3905
1108 2376
271 1498
385 1137
2125 3397
1208 2474
365 1790
1137 1688
63 3309
1172 2510
0 138
709 833
747 773
2384 2904
365 2474
382 1913
271 4890
2125 4907
1137 3042
1959 2010
271 3581
747 772
154 1110
1108 2328
0 1390
365 783
510 1355
145 2593
271 2276
921 1050
651 1959
2636 3921
271 3633
912 1262
365 1396
271 3153
577 2828
1036 2678
271 1530
783 3698
271 2412
365 2177
139 625
271 5173
1668 3187
93 1137
1055 2352
1137 1536
378 1942
912 1149
1676 1702
0 3018
1176 1593
575 591
0 2923
762 3214
1035 1908
764 1627
1355 3563
365 5076
271 2468
365 1430
271 3514
221 636
669 1591
891 1357
2928 4970
365 2136
365 2467
1137 2845
2474 4934
0 4971
785 2961
365 680
401 856
272 608
2114 2339
236 1406
54 2336
271 2825
1355 1600
1160 2118
24 116
783 3472
1942 2974
379 832
1024 3926
155 409
564 2233
0 1881
1268 1346
365 3556
1268 2548
273 3265
636 1512
1137 2175
2104 2329
783 5018
1352 3432
1137 3195
1015 2658
1243 2238
1137 1431
764 1664
271 275
271 1742
93 783
271 2323
271 2095
354 1137
0 1274
764 1618
356 1735
1871 2712
1038 1872
1352 3319
1137 2700
263 842
135 1157
1043 1924
271 2309
1008 1012
760 1659
539 1137
138 1051
1137 2393
747 1051
271 5193
1901 2654
365 1544
1352 3611
1406 3750
72 101
636 1856
257 1268
271 2322
2471 2496
636 1302
636 1291
2107 2583
783 3924
618 621
1137 1343
365 1382
138 1343
271 1702
365 583
271 1480
747 3222
62 1137
0 1154
1137 2605
1352 1979
680 1236
639 810
1005 2639
1136 1137
1406 1424
145 371
2699 2724
1581 1688
0 2918
271 2100
365 2954
764 1641
564 1406
680 5082
1646 1659
680 1809
399 1203
1591 1606
0 3048
365 3040
1835 1858
783 2203
0 5119
1137 1191
743 4908
365 1561
271 2037
833 1745
77 1935
957 2703
608 1044
636 1282
1998 2646
747 913
271 5098
597 2384
783 2963
0 2456
1406 2852
857 1736
145 1137
572 1011
1137 2266
609 808
993 1048
1137 3386
1351 1792
1108 2179
344 3719
1048 2748
743 1228
2872 3451
2125 4963
747 1628
1137 1409
314 3433
988 1437
1524 3757
1357 2647
190 493
889 1893
1698 3218
3853 3986
271 5166
2778 3769
2007 3891
236 783
381 1319
1335 3003
1137 1324
1358 2469
2085 2313
365 2446
365 3033
263 1382
564 1268
409 1318
138 812
565 963
747 1335
1137 1368
285 423
271 1543
1618 1654
636 1276
934 1406
636 1305
62 365
1506 3170
93 4934
356 3243
1137 2493
410 2459
912 1226
365 1368
272 2816
743 2600
2474 3654
132 145
636 1416
889 890
2468 3186
271 2088
1320 3023
651 671
797 2645
145 365
1406 2418
2297 3177
3506 4945
365 2550
1160 3054
1355 3242
523 689
1008 3791
1970 2648
1137 2149
749 755
1137 2333
0 2481
358 1351
271 3686
572 2100
572 2657
1137 2873
1811 1942
913 3213
747 763
1904 2125
564 2286
365 1216
623 625
1104 1105
271 2043
271 1462
2363 3521
271 2264
1235 1702
636 1296
591 1345
1422 1764
1904 3517
1355 1539
2007 2702
0 70
1764 1904
2392 4909
381 2125
313 2382
409 1070
636 1415
636 1868
912 2125
1635 3210
983 985
1355 1680
636 1279
912 1419
2392 3159
0 1135
983 992
271 2558
988 2816
1980 3766
1904 1975
572 886
3083 5120
1942 2692
236 564
271 1961
271 2224
345 2672
405 509
271 3473
636 1125
958 3858
379 571
2668 2715
572 2114
365 2227
365 1209
381 564
0 1165
365 2876
271 2922
271 3147
271 5117
1137 2518
769 1652
2080 2468
1137 1613
783 933
0 93
315 3683
257 564
762 1636
2254 3499
271 2971
365 728
572 896
2412 2496
1356 2554
2468 4903
1406 2429
608 1004
271 911
572 783
271 2413
382 3845
0 3620
271 824
1524 3805
564 5099
913 2545
747 1024
2392 2452
743 3389
1969 3753
795 1072
0 3060
271 3700
747 2261
783 2730
1211 1869
271 1492
1553 2254
579 3689
271 2848
1137 5117
314 3559
575 1950
1268 3684
1343 2838
762 1645
1044 1942
401 5089
1536 3022
1928 1931
314 2330
609 2468
636 1858
2074 2780
834 1942
1137 1453
236 279
564 1024
241 936
2125 3693
1137 1230
1160 2382
1067 2617
1137 2278
764 766
1872 2614
783 1397
138 868
1137 1259
365 1050
331 346
314 2441
1137 1201
271 825
93 382
591 710
1381 1743
1099 3196
2382 5059
868 912
1137 2063
93 5085
909 912
572 3915
914 1942
1693 3250
347 625
272 1035
2676 3778
365 908
284 636
783 2848
942 1137
1441 2468
591 896
1137 3074
0 912
1268 2341
1909 3724
743 829
1959 3927
1883 1942
1268 1492
783 3676
378 1998
1137 1446
271 919
2093 2392
271 1268
1137 3171
1352 2668
1352 1355
2618 3941
263 1330
1213 2117
1356 2789
1137 1148
365 5020
783 1469
271 3930
1137 1260
0 4
271 3024
1258 1406
0 3010
783 5100
147 610
599 1406
1591 1605
17 1864
379 923
271 2586
1356 3074
138 2302
857 1669
572 611
680 2836
2125 3126
1268 3690
397 1315
2836 2940
610 2249
271 2506
1872 2676
1900 2634
0 34
93 1872
271 2619
1137 5000
21 783
365 2370
1667 1727
783 2100
1079 1137
271 2456
365 1147
271 3582
365 795
365 2577
1160 3119
271 2151
680 2439
1782 3576
0 3593
564 868
138 700
1352 3780
764 1623
302 2635
1235 2226
0 596
271 3419
271 3651
271 3134
1587 1723
1635 3220
2618 2684
1998 2637
1137 1827
1421 3122
331 2766
0 1316
968 1933
1783 2125
2254 2423
1406 1709
952 2478
1137 2546
365 2915
271 2535
1192 1407
1406 2933
1137 1479
1382 2145
1137 3024
236 2201
272 3995
271 2474
1602 1700
2145 3186
365 1319
302 591
912 3130
271 3532
1137 1786
62 3588
365 1140
1587 2145
2078 5063
1727 3278
2392 5055
551 2633
271 2523
365 2359
1980 3921
356 1670
271 2473
636 816
357 358
783 1081
2114 5099
385 1016
409 537
1137 5050
271 2854
271 3656
93 2301
680 2534
1393 3110
1137 3391
783 785
1137 4930
1108 3543
783 4901
272 1925
726 1137
0 5133
728 2406
2698 3877
365 2927
912 1051
630 2802
93 365
271 2569
2088 2157
1137 1462
365 2356
61 271
