7716 6589
783 1750
572 1035
0 2547
783 2219
1137 3491
272 979
271 2863
81 357
526 543
1268 5142
600 974
572 1897
678 1502
271 2908
2085 3098
783 1882
1932 1934
1137 2090
3034 3107
888 2616
882 883
365 4992
1348 2304
951 1137
365 617
143 2341
271 2320
1670 3187
1043 1968
1137 5461
288 611
365 1119
145 302
1371 3253
272 1883
988 4059
594 2125
683 1767
358 5163
610 2152
0 4984
1137 1557
379 1137
271 1193
272 3885
356 4542
487 636
608 2048
257 2197
272 4043
358 2951
271 1532
2317 2506
2089 3631
2750 4083
1137 2843
3972 3978
1406 2170
2468 3899
566 2891
135 2384
0 937
54 2336
993 1524
138 1343
365 4930
1040 4163
903 1028
2676 4092
2392 3040
0 759
1067 2311
2125 4899
271 5187
1137 2223
143 2440
271 2247
636 1293
1906 2805
1263 1580
1 1100
271 2420
1137 5344
1942 3728
271 5473
747 1633
143 914
680 3418
1137 3602
271 5526
356 3190
1002 1984
0 1186
77 1932
271 5016
1956 2022
857 3204
2107 5073
365 1381
145 564
1624 1698
72 143
990 2043
271 1165
912 3517
271 614
755 771
11 109
365 1560
271 1443
0 1693
1406 1772
409 523
912 1325
2468 4040
801 1871
1335 3003
1137 2960
783 2320
1137 1320
53 271
40 610
143 2254
0 2888
365 5047
271 3511
272 1352
331 2039
365 5404
1137 2371
143 5224
2078 3556
1108 2028
636 1297
1137 2524
2105 2111
93 4958
743 2875
241 1343
271 2376
365 2397
1942 3772
271 5445
238 1244
116 2092
990 5314
402 1075
1009 1015
271 4943
1904 3760
1975 2810
365 1208
1268 1343
564 1130
365 1353
783 3693
1745 3526
1406 2580
769 1647
1137 1710
1035 2061
331 1035
271 3106
365 3011
820 2965
271 747
365 1788
143 1352
572 622
2891 5167
1871 3717
1524 1764
0 85
293 1008
1809 2392
271 905
783 5285
1881 1942
680 2458
138 2474
2022 2625
3187 3296
1010 1995
1467 1590
271 2939
1137 3004
2106 2112
1137 1492
785 5219
271 3048
523 591
1406 2412
1137 1227
271 5130
302 2689
608 1988
783 1902
2933 5400
1591 1604
2510 5538
81 5065
143 564
271 1635
1137 2552
769 3219
356 857
1000 1048
271 1793
1183 1268
1011 1917
1137 5514
356 1490
339 341
1011 1878
572 957
1137 4992
1421 7653
834 3724
365 3306
272 3921
143 1343
271 3078
272 4064
3112 3513
2891 5323
1906 3717
747 764
2736 2795
1357 3475
372 591
1137 3537
912 1397
1899 4046
1011 2701
2891 4946
143 3727
1137 1383
2700 3975
271 2911
1346 1793
1137 2136
344 2061
138 628
523 2254
1137 2089
2100 2474
86 241
521 3754
271 2173
0 2991
365 5604
271 5279
1032 2769
271 2323
1352 1946
271 5388
143 953
271 1780
271 2432
1137 5460
564 1437
924 2478
754 1087
680 934
1050 2828
0 362
747 1698
365 795
1137 4930
93 2397
2474 5168
1904 2391
72 148
689 5142
1137 5036
777 1343
93 2254
365 2921
1577 2468
271 1241
365 3066
0 4999
1101 2427
1137 3074
271 1358
271 3098
93 1193
238 306
372 572
3675 5348
1014 2699
1764 2919
912 2922
271 3497
1137 2842
912 941
730 940
747 774
1137 1202
783 5086
657 2891
839 1683
909 1212
0 938
680 1116
1909 2545
289 396
271 3099
1130 3463
1268 2334
764 1621
1904 1942
263 912
1064 1137
888 2645
2476 4951
2468 4938
909 2135
2125 4898
743 3437
365 2279
636 1294
271 5363
1346 2589
1008 2821
271 2423
1137 5351
1745 3101
1137 2432
1959 3789
747 1632
747 1777
365 1090
912 2079
5 1137
2125 3653
1876 1966
2063 2663
2392 5580
0 1187
2928 5106
77 1931
783 3483
365 912
0 4933
2022 3827
2639 2678
356 1736
1137 1665
271 2472
871 872
365 2365
912 1777
410 1162
1975 2709
365 1704
2059 2709
595 907
783 2981
1137 1148
1745 5153
2637 4112
310 2286
683 1536
1239 1551
1137 1229
143 238
680 4909
783 5478
1335 3002
913 3341
1777 3982
363 582
15 81
1160 3426
988 2699
271 2521
1192 1407
1205 2526
507 871
0 2889
271 5169
2697 2748
2078 5273
271 2266
983 2771
1352 2795
608 1031
271 2552
747 775
783 3406
365 1207
793 2078
1235 1713
271 5119
2125 5275
365 1352
2254 3497
2876 3001
365 1497
572 777
1022 3857
272 1966
1137 1709
60 2988
385 1942
223 4101
272 700
0 1739
2382 3119
507 2050
145 1107
957 1352
138 236
1149 1568
2632 2633
46 377
2733 3977
260 1695
271 3440
1137 3461
1137 1257
1695 2468
1357 2020
1137 1319
2679 3751
1137 2995
1061 1137
1097 1137
2286 2382
1357 2135
271 1104
365 2078
1137 5197
608 1972
1010 1019
365 2223
1137 5342
3207 3285
498 1227
271 2479
1108 1904
2276 2468
93 138
783 3389
912 4934
2618 2682
764 3228
1201 2261
1343 1346
783 3539
1689 1692
314 2382
365 3160
1137 4999
1335 5462
372 3708
79 271
834 1040
0 276
271 1397
271 3073
378 3883
1406 2835
1137 2579
747 767
271 895
572 3924
3041 4967
271 1004
1137 2941
1600 3187
379 3929
795 2891
271 2857
591 676
1136 3303
1137 1382
2769 3806
138 629
1137 2333
2891 5043
1949 2022
1137 2088
365 5101
2125 3100
0 2976
138 1226
1683 2468
3934 4022
845 1137
143 2343
3006 3557
365 5193
271 5391
271 1783
271 2435
1137 5451
636 661
348 813
2415 2478
622 4104
747 1701
81 120
0 1240
272 1885
1055 1444
101 564
2085 2418
792 1235
1893 2623
1101 3608
1137 2433
2012 3814
881 882
365 3065
564 833
890 3752
1993 2706
365 2954
890 3611
2811 3966
642 2302
1137 3427
1008 4112
1137 3580
1041 4029
1137 1201
572 1944
381 652
1764 3541
2786 3832
783 2479
1048 2004
271 2083
1352 1354
1137 2260
402 1545
0 2845
19 2091
271 5197
1243 2136
680 726
888 2757
636 1295
912 2261
138 2614
365 587
2084 5002
271 2422
28 2121
747 1635
271 1739
271 2535
1137 3600
1652 3217
2512 5095
0 1077
769 3226
890 2056
271 2858
1137 4973
77 1930
271 5018
2700 2752
2772 3903
2104 5124
564 3411
1137 1591
3113 5017
224 988
365 2892
890 3933
2382 3489
93 2114
870 871
706 988
2022 4050
2125 2861
4123 4143
2085 2407
365 2567
2085 2504
1908 4038
2903 3059
1137 1139
272 895
365 3684
1160 3077
271 3468
1059 2125
138 2055
1010 1957
271 2950
1161 3005
138 1358
680 5053
747 1138
93 1904
700 984
819 5065
1137 2151
358 1184
1352 3007
1240 2392
0 2890
1602 3183
1944 2666
762 3224
1782 3436
1137 2369
783 2721
1137 5169
636 1299
1137 2514
591 1345
365 5310
1137 2467
271 5447
1406 3166
797 4078
0 1122
271 3688
1011 1891
48 1330
2022 4122
1810 2891
365 1206
1536 2907
272 1957
3837 4040
1235 1712
1137 3166
1553 5588
31 145
1137 1602
271 1138
0 3139
272 3800
564 1051
1632 3227
761 3231
1079 4936
730 2914
1572 1591
2022 3951
2063 3938
3241 3330
755 910
93 523
1137 2678
564 680
1137 3418
271 794
271 2614
2632 2634
1406 1432
1900 4037
700 1071
1137 2896
1942 2709
564 5542
0 2457
1137 1401
1137 2994
3849 4032
0 915
1035 3753
271 5027
1356 2539
72 1137
1353 3203
747 1404
564 2398
1536 3404
1591 1606
3728 4004
2254 2419
747 2114
1137 2558
638 1137
271 2478
1035 1881
365 2512
2114 2235
365 1178
272 1921
271 3837
636 1275
857 3266
143 1051
271 1110
1137 2597
1781 3670
1137 1791
1591 3316
272 507
2088 2255
1890 2618
651 961
0 1704
747 766
272 808
271 2570
1130 5184
808 884
0 849
3187 4537
238 2468
523 540
138 626
785 5197
271 3022
564 1883
271 4919
1137 1230
1896 2804
1137 2232
1130 3395
2107 5262
271 5273
271 2333
917 2168
1421 3071
680 793
271 1782
143 2391
2474 2730
271 5567
365 1116
0 3454
3210 3229
2637 3904
3385 3517
2737 3882
1137 4928
741 914
1137 5556
2927 3595
365 1406
1101 3607
93 2252
584 2141
271 1243
1392 1591
238 321
1894 2646
406 2872
868 2163
836 1745
2636 2643
271 2670
636 1276
1702 4557
272 2647
271 3499
1137 2840
2891 5540
802 3986
1406 3604
133 2516
591 808
523 568
783 2478
336 611
912 1137
638 5013
764 1623
271 2131
365 2132
271 5196
1908 2039
308 2516
636 1288
263 1412
410 1864
2392 3565
1137 2052
365 586
572 3736
801 2966
1920 3982
747 1634
271 1738
888 2468
1357 2769
81 1400
783 2963
564 3727
145 271
2679 3984
1587 1597
3513 3596
747 1664
3041 3047
377 4055
572 1008
365 910
1137 5117
584 5067
564 1024
1213 2117
0 3095
523 1553
1137 1671
1343 2515
271 1343
700 3971
223 1046
762 1732
1137 3116
833 835
687 3648
1760 4934
271 1501
575 2039
564 2960
1137 1138
1013 2043
273 1370
271 3471
680 4911
769 1652
271 2912
764 1685
379 1989
1137 1325
1882 3789
143 2433
1035 3724
315 1341
314 4951
358 1185
62 3682
271 362
0 2891
764 1659
365 5044
2468 4968
2392 3418
271 1544
764 4974
629 3824
1024 1352
1871 2650
81 2306
2392 4913
0 2584
1212 3177
271 5332
2891 3386
2254 2426
400 2509
523 1137
365 1060
145 747
271 3691
625 4067
3611 3615
1674 1727
400 5374
2709 2812
2706 3931
378 4164
835 1594
2606 4919
890 3855
0 1967
1571 1591
2392 3619
1137 1699
2125 2943
365 3008
93 1406
990 1268
2478 5433
270 564
271 2609
365 3510
2632 2635
912 1533
630 809
1137 2903
1137 3515
143 1944
783 5335
365 1137
498 783
93 2665
2222 2478
1137 2993
700 1021
116 1268
1553 4985
1490 3313
1704 3195
564 2254
271 2360
1782 3576
912 2078
1871 2622
583 1205
988 1921
334 611
401 4944
1137 3662
365 1143
912 4905
271 2526
348 1008
1137 5438
636 1126
1177 3324
271 5036
2022 4103
2668 2811
1090 5202
385 3985
0 3505
747 2433
1352 1597
859 2891
488 636
143 1050
1137 4997
683 1137
68 143
2437 5522
271 3986
1872 4014
2085 2268
271 2933
271 1399
365 3448
271 3075
2286 2961
233 2631
0 52
1656 1659
777 988
148 1551
775 1698
365 3627
1137 2931
138 785
1942 2742
138 2125
1755 4934
0 2150
358 783
2355 2462
572 1893
575 2694
143 1901
957 1981
747 3337
138 627
2088 5030
747 1226
271 2174
636 1860
833 3498
331 332
81 1137
1400 1407
1137 2312
271 5272
1352 3554
143 2337
1137 1757
2137 3138
747 1657
2997 5560
271 1777
2254 2303
3795 3824
93 236
3210 3226
1352 1357
1921 3988
365 1260
0 1242
365 792
271 4992
236 523
572 1005
2254 2824
1942 2100
988 3829
344 4067
608 2812
365 3063
138 1137
396 1229
2494 5396
1438 3074
238 326
2384 3675
271 1528
764 777
1982 2618
886 2632
1536 2559
379 4086
1024 3707
0 143
271 3004
813 1137
2689 2891
1137 1425
271 273
1475 1529
903 1024
1352 1356
271 2130
564 2327
271 1591
1163 3301
271 2243
271 2345
636 1289
551 558
747 1492
271 3155
3876 3913
730 5062
271 2416
271 1749
523 1108
241 1137
0 1079
263 4905
769 3224
1035 2033
2638 3952
1904 3720
1522 3059
1160 2162
77 1928
93 2238
1893 2641
890 4072
365 3102
365 2890
1044 2734
1610 1704
356 3367
271 659
833 834
1370 1691
263 271
575 2038
143 3517
1343 4949
1137 3486
1210 1422
1343 3509
1406 3750
913 1637
1137 1363
1777 5478
73 1268
0 2094
888 3868
2676 3902
2468 3931
1316 3117
1137 1324
271 1822
1137 2149
138 523
0 2892
385 1010
1574 1591
743 3389
785 5285
271 2230
2114 2126
302 2635
238 1137
1587 1599
0 2585
1163 1346
1942 3760
1357 5488
271 1999
868 1264
1074 2085
913 3221
1944 3715
1274 2540
143 2988
271 5112
568 1137
672 2392
2005 3811
1790 2379
2254 3500
30 2085
2468 3849
1137 1745
313 314
272 2774
455 2988
834 1035
988 4020
271 3118
572 618
758 1137
1137 3416
410 2545
271 868
1357 3563
46 1008
2915 4990
271 917
54 271
260 1690
272 2816
3972 4031
272 1004
1357 2017
747 3231
834 2686
1492 2551
271 2887
1268 2483
272 4110
3201 3330
1137 1480
0 917
700 1022
1335 3025
1591 1698
143 2237
1524 2811
2254 5302
271 5142
1908 1977
271 2186
1137 2403
271 5255
564 2255
365 2220
1137 2556
1067 5349
783 2868
1801 2891
1397 3562
1035 1883
747 2261
1352 2033
1137 3661
271 5541
1136 1612
1137 1445
1035 1960
271 4926
143 1268
1010 4102
518 3727
2085 5245
409 907
365 1466
81 2143
833 3606
1268 2988
271 3074
2114 3187
271 2580
1602 1698
138 143
572 1024
1356 2648
2891 5196
1609 3304
957 3967
783 5418
1137 3011
523 542
1872 1904
1903 1988
1725 2468
138 707
0 2868
1871 4126
399 1545
1114 2254
2379 2915
1268 3659
1942 2013
1312 3593
0 1469
988 1894
1137 5448
608 4149
271 5561
365 1114
116 2144
365 1259
3429 3430
143 783
857 3292
2369 5378
1137 1544
584 4896
0 5100
1900 1951
783 1405
2049 2709
1173 2384
1406 2979
238 327
271 1791
795 1072
1116 3501
1490 1670
783 3911
636 3898
2114 3108
271 1531
6 72
1130 1787
271 1754
4046 4118
1406 5056
1268 2261
1137 1206
1010 1980
0 2115
1745 5339
858 3832
1618 1654
696 999
365 3644
1163 1693
337 611
365 4925
523 2286
271 272
365 5282
1702 3329
0 2832
1208 2316
912 2233
271 3640
2392 3392
743 3433
826 827
572 3883
365 2275
636 1290
365 584
271 2419
749 3210
912 2151
271 5484
1406 3105
271 2528
3521 3601
551 1981
358 5358
1108 1562
1137 3814
785 2569
356 3187
343 523
365 2599
1139 3021
634 1137
271 1051
365 908
3285 3311
1893 2640
227 887
2088 2298
1352 3769
365 1410
1108 2614
1137 1397
27 1325
414 2891
524 2595
912 2988
1054 2082
2783 2786
143 1553
401 511
564 5213
0 2480
572 2656
3832 3840
913 1636
912 1201
0 2095
1406 3638
29 2988
0 906
365 1325
700 4114
1683 2706
2253 2863
385 1009
1764 3419
271 1108
271 5181
365 5042
325 539
1136 4547
1008 2631
4 224
1116 1137
365 411
1137 5174
912 2100
747 3727
1688 1717
2654 4175
271 2391
365 2392
1745 5518
564 1433
2637 4021
1136 1712
365 1058
365 846
271 5115
857 3307
2709 2810
145 523
398 1479
271 1151
1524 3805
1553 3402
952 1108
769 1634
890 4168
332 625
1008 3791
271 3113
1122 5166
225 2988
1137 3423
271 2225
599 1011
694 2713
749 1570
783 4988
1137 2901
1389 1406
272 1971
52 783
271 2769
1137 1406
1335 5237
407 3154
1643 3217
2731 2750
2088 5068
743 827
564 2474
2059 2614
564 1777
783 2577
0 1777
896 4135
1137 2402
564 2248
957 2703
1137 1463
271 2362
2678 3966
2636 3726
1015 2065
271 2475
1874 2774
1959 2045
365 1141
2510 3030
857 3365
3285 7709
272 1909
3273 3278
1024 4077
1137 1635
365 1320
3576 5384
2114 5139
271 564
792 3299
1421 2174
271 3085
896 3706
272 668
271 1510
1762 3074
749 1653
753 3210
785 1343
381 2286
131 1137
358 3150
747 785
1357 2496
1756 2254
38 143
271 2906
813 1035
138 625
1648 1650
271 3019
579 3689
1397 4998
651 2713
784 1106
94 257
271 2168
1137 2237
2437 2489
271 2281
365 2302
909 2239
1137 2318
807 2632
271 2334
2254 2386
747 1659
797 4174
271 1779
1010 3819
1137 5455
747 2224
564 1434
365 1113
143 821
0 3441
288 744
1406 2144
0 3552
783 1118
2377 3565
698 962
272 3732
344 3958
272 331
273 1702
271 1207
143 2836
0 3086
1137 1688
3878 4023
1110 3485
0 1560
5000 5365
145 2593
1036 2678
271 1530
3041 3573
2468 3836
1668 3187
1137 3431
1024 4046
2059 4105
1609 1693
1139 5465
1137 2700
143 145
1137 2845
1506 3170
138 2302
143 1024
273 3265
365 5136
1137 2175
747 1051
1243 2238
1137 1431
271 275
271 2095
365 5281
801 2776
138 1051
1067 5390
271 5193
1703 1704
1524 2043
636 1291
2079 2224
271 1702
365 583
983 2747
1352 1979
1942 3754
271 5487
145 371
2699 2724
365 728
564 1406
143 271
783 2972
399 1203
743 4908
2238 2996
271 2037
1006 3814
271 5094
356 3267
2392 5184
93 1469
572 1011
1137 5106
81 936
119 912
0 4954
1048 2748
1421 2468
2125 4963
1357 2647
365 1409
400 523
365 3033
1771 2478
93 3023
410 2459
1160 1527
2474 3654
2468 3186
2423 3494
680 1904
0 3018
912 2891
1394 2137
1019 2991
0 2481
591 747
2109 3063
1137 2873
120 1740
1235 3304
271 2274
912 2665
1904 3517
3187 3259
1635 3210
385 1008
2711 4040
762 764
1904 1975
271 5180
381 1138
271 2224
358 3666
271 1410
271 1557
1825 2478
1137 2518
271 5330
143 591
257 564
1011 3893
1896 3897
622 3973
1137 2471
1137 2497
271 4900
15 1050
1136 1713
1969 3753
1008 2052
0 3385
659 2907
263 5020
81 635
1044 1942
1536 3022
1212 2396
2123 5276
636 1858
834 1942
1160 2382
271 576
783 5404
314 2441
93 382
365 1782
2114 2694
1693 3250
271 3161
3082 3149
263 365
834 4087
1909 3724
913 2545
378 1998
271 919
365 3652
1352 2668
1887 2618
1438 1745
1137 1260
6 1551
271 3564
2709 3892
957 4152
1356 3074
857 1669
1320 4979
1900 2634
271 3452
21 783
1708 3360
3832 3835
1527 2382
785 5366
271 2151
584 3088
271 5136
138 700
895 988
1421 3122
0 1316
93 3727
1137 2546
271 5430
1137 4040
236 2201
271 2474
622 4001
2392 3159
365 1140
1587 2145
271 1807
2392 5055
2125 2379
271 2523
2114 5099
143 833
2234 2501
271 3656
1393 3110
272 1925
1235 1616
726 1137
365 1319
1536 2986
1137 5050
372 1965
271 567
2161 3127
572 810
365 2832
1022 3894
581 948
1352 3826
833 927
564 793
834 4008
551 557
271 1505
1037 2022
1008 3707
376 1357
1137 3450
1352 2512
271 2582
0 5454
564 2891
1900 4133
957 3852
783 5255
922 1137
990 4152
69 1316
81 350
2815 3725
2668 3710
777 2392
192 636
1393 2088
81 940
0 2183
302 608
767 1620
271 2171
1137 2236
958 4028
572 2688
0 2981
1137 5228
2468 3522
1352 3557
1352 2777
366 1137
365 610
1137 2462
785 2305
747 1658
2239 2242
365 2335
636 658
2468 2615
365 1257
827 828
1137 4932
977 2031
378 608
568 912
365 1402
958 2749
962 972
988 3824
1137 1720
1137 1695
1343 2491
271 1319
572 2074
365 3060
957 3805
238 325
695 1884
271 3168
238 308
764 772
997 2789
1872 2015
564 3000
1900 4090
2359 5140
813 1356
572 2654
990 4116
730 950
1406 2173
1059 2085
783 5561
800 903
1406 2399
1553 2397
1553 1904
365 5280
2692 3936
608 1811
912 2235
3233 3329
848 913
636 1284
2872 5391
1421 5414
572 3795
564 1480
651 1039
2254 2422
743 3145
797 4177
365 727
365 2307
878 879
769 3229
1130 1522
2638 3959
1041 2725
365 1229
2043 3736
0 3533
121 365
768 910
365 906
2125 5186
365 2401
589 591
59 912
138 257
1424 2392
2114 4901
365 1408
1253 3593
888 2003
2125 2903
1012 1945
381 3517
1700 2468
68 81
365 1553
1092 2156
271 1786
72 1551
1343 2237
1051 2873
2468 3601
228 238
2085 2547
21 5375
2888 3517
0 2307
912 2892
1137 1223
743 3169
2769 3711
1137 2872
272 1042
1335 2992
3187 3258
271 2973
1689 3183
1815 3579
1942 2689
1403 3671
783 4930
2088 3136
325 2285
135 3667
143 680
754 1098
769 3209
271 5292
271 1556
1137 5172
365 3613
3329 3370
93 271
1137 2470
271 5442
728 2406
236 281
365 2535
2502 3000
1406 2036
32 584
365 1056
271 1883
1624 1639
1614 3250
143 1181
356 4537
1011 3779
0 1237
271 5061
564 1137
356 3296
2706 5123
1906 4184
912 3585
749 776
1274 1343
271 1262
0 5078
764 767
3189 3258
601 3889
1790 2088
365 3216
985 2651
1358 1904
271 1420
910 1261
2069 2821
81 87
0 5475
2742 4020
1137 2891
783 1899
783 5331
271 3567
365 1357
2618 4056
1024 3797
1528 5543
2683 3890
2786 3786
783 2429
978 1912
1582 1591
271 2974
271 3057
2088 5070
271 2150
2468 4921
365 5480
1782 3405
1137 5191
1524 2677
2254 2420
401 5051
365 5514
1137 2545
1011 3856
1406 2430
1108 1918
2254 3608
1137 3650
271 5542
365 1139
2392 4992
1352 1353
564 1335
7 1792
3794 3980
1406 3534
564 935
1952 2022
272 3611
271 5032
70 271
2125 2220
2270 3503
750 910
365 1318
2063 2468
764 3192
2392 5288
1692 1694
365 2831
2827 2883
1137 3103
93 1325
365 3444
833 926
1137 2012
551 556
3714 4040
0 1743
1137 2581
271 2577
761 1117
564 568
3728 4142
912 952
2665 2810
1137 3008
783 2044
2828 2891
2222 2510
1268 2450
832 4181
979 1904
169 236
591 1137
1908 1944
833 1778
365 2300
1137 5219
138 1268
385 4189
2076 3736
957 2705
1950 1984
997 1900
271 5397
2318 5313
365 2334
608 3754
1743 4978
957 2675
2479 2891
69 2113
827 831
271 5004
2125 5324
356 3256
271 1201
513 2138
2392 3696
377 4160
1268 2588
1067 3483
572 2075
1356 2615
1871 1904
2082 2919
2063 4001
1904 2235
2407 3141
1942 2676
1013 3798
783 2150
1137 1242
2891 5490
1745 5199
913 1661
912 1352
1882 3907
564 5099
783 2308
1571 3269
2436 2468
758 1656
333 611
138 1319
783 2485
271 2692
1137 3636
263 1245
1137 2254
2085 3043
762 3214
93 1544
365 5424
410 1826
2560 2891
365 2272
636 1285
1137 2344
564 1481
320 743
641 2748
1035 1892
271 4979
69 99
1884 2706
271 5088
622 3768
143 1065
365 905
1137 5104
99 1137
4119 4120
1397 5203
890 4084
277 365
365 2886
797 897
912 1881
1012 3790
584 2509
967 2618
1116 1746
2742 2799
2125 2181
114 3856
401 3481
803 2618
1622 3225
261 358
1777 2016
565 808
783 1761
1137 1141
1900 4063
1051 1137
110 143
3121 3728
271 3429
1137 3474
783 5002
891 1985
0 798
1237 2412
1406 4978
271 2927
138 1352
365 1343
3187 3261
1137 2166
1137 1457
523 680
868 3162
1163 3252
2704 3736
988 1035
143 2548
365 2244
356 1137
2392 3534
1108 1883
93 5435
1942 1944
1108 2082
2069 2708
2412 3563
264 285
365 1055
2510 2920
228 2516
888 4047
3273 3287
1176 1177
365 2568
5095 5387
783 3701
1137 1749
564 912
1908 2061
365 5023
0 271
365 1635
2114 2581
223 1137
2968 4934
564 3010
912 1635
0 45
2069 2820
1144 2872
783 2089
912 3278
93 1051
1243 2989
919 2478
783 5330
1137 3035
747 3219
680 5023
365 4977
3277 3367
761 764
748 910
108 365
985 1024
271 2145
2088 2127
783 2578
743 1137
381 912
596 2545
912 5541
1692 3198
564 1635
13 143
2254 2421
1137 2544
680 5523
2137 3177
1208 2474
2022 3979
365 1138
2293 3531
271 3621
365 2506
1073 1137
358 1565
1346 1693
633 1137
1137 4958
523 1406
3812 4040
356 3205
315 4908
272 3898
1137 1777
0 380
2275 2392
1880 1895
365 2830
116 3144
2496 5094
3041 3453
271 3086
257 365
1406 1757
3822 3977
1008 1048
1764 2891
1137 2789
2068 2668
801 4057
2424 4966
0 3665
271 2870
271 1797
1359 2903
747 2316
344 2069
3187 3189
743 3683
271 312
1008 2724
1984 3810
271 5238
271 2282
54 5065
523 833
1871 2664
680 1444
1099 2891
1137 2460
747 1660
271 1788
1231 2903
93 2483
365 1255
827 830
271 5007
1683 1685
399 674
1137 5067
405 509
1352 1630
271 1200
1499 2426
1356 1421
783 2356
957 3803
271 1366
120 358
0 102
272 2479
764 774
2650 3886
271 856
833 2423
827 2476
1166 1947
2017 2725
314 5316
271 2984
1356 2292
0 819
263 1086
912 2478
80 271
2468 3074
833 3608
271 2137
138 1030
1137 2398
1136 1371
271 2254
636 1286
747 1024
651 2660
747 1624
1715 2145
1137 3593
1352 3297
344 1008
145 257
0 3408
783 3442
356 3199
365 1227
0 1211
365 2595
356 3278
365 904
2808 3707
372 1904
285 1863
1419 2088
271 4000
272 3842
138 271
1137 1721
1900 3755
58 5205
2384 2904
365 1656
2022 4053
271 3142
1137 1947
271 783
1048 4007
1508 2125
0 2309
1010 2706
1137 2733
1777 1904
1573 1591
1137 3473
1406 5088
406 780
271 3477
783 2282
138 978
912 1205
3187 3260
1406 3013
376 2684
271 2975
133 238
0 5317
138 564
143 261
2088 4963
365 5250
271 5177
1136 1256
271 2237
0 2967
3593 3686
1357 2445
636 1298
572 630
1137 2468
1704 3235
3513 5156
271 4897
783 3069
68 1816
271 3697
783 3414
2668 2701
3273 3286
271 1994
1013 2627
988 3988
271 5063
385 608
912 1944
2437 3011
399 523
1137 2774
2554 2706
378 1942
2223 5015
1137 3386
271 1422
271 3162
3278 3313
1137 3411
711 832
0 46
2545 4965
2493 3647
1908 3719
538 542
946 3391
1914 2795
808 1008
241 271
1137 1249
1137 2987
138 601
1137 1475
1727 3296
2468 3275
135 1157
17 2198
747 1397
608 2013
2679 3999
1137 2406
271 5250
888 984
271 2487
1536 5068
2392 5486
1930 1941
0 1093
93 2478
815 1871
1320 3023
0 1268
59 143
840 2260
572 967
1388 4040
271 5083
365 1316
1782 5384
271 3763
1421 2537
912 1811
1051 2132
356 1672
2478 3096
572 1352
1243 5264
1252 1338
271 726
238 3699
676 1357
1390 1391
271 839
572 2758
403 2384
868 912
3832 4045
1137 1165
957 3962
1782 3043
1137 3014
1016 2726
0 2283
2474 3278
365 5160
3187 3188
1268 2307
1158 2156
120 1108
2795 3748
833 3500
271 2293
1137 5217
1352 3560
2478 2863
381 1060
747 4934
2384 2956
26 271
769 1137
271 2443
0 3445
365 2477
764 1618
2780 3731
365 1399
550 551
572 1003
2125 2126
236 912
5013 5094
813 1908
1006 2070
1137 1692
1343 2468
271 1312
1782 3673
356 1708
2104 5097
349 625
1366 1782
271 1478
521 523
271 3218
764 775
1137 3355
76 257
1212 2891
1704 1707
0 5421
957 3885
365 3593
913 1651
1137 1193
2774 4054
271 2837
2125 3397
1137 3042
708 1004
263 2449
1406 2478
1745 5487
680 1236
2125 4936
322 325
365 2125
2392 3397
382 572
365 2270
1130 3650
1137 2350
365 579
1872 2614
747 1627
145 375
683 3535
574 2891
2125 5516
1079 1137
365 1081
680 907
404 523
1035 2039
2614 4092
700 2041
272 1969
1067 1335
3506 4945
681 2468
783 3603
1137 2491
365 3096
912 1883
400 527
271 1768
576 1768
365 3029
608 794
2706 3747
143 1406
271 1461
271 3137
985 2797
909 3111
1871 1991
271 1498
912 2864
378 3802
382 1942
783 5195
1137 3472
2063 3749
912 1319
143 241
3429 5105
783 2293
1137 1365
382 1904
3187 3263
3792 4075
1137 1318
381 680
81 1792
138 565
912 1108
1137 2280
32 143
314 3433
271 5289
1177 3323
271 1553
2109 4937
271 5342
912 5045
271 2386
271 5455
1099 1706
0 2456
783 2203
365 1267
1404 1635
584 3764
783 3068
271 3553
1893 2717
1137 5604
2979 3609
365 1198
890 1893
365 1230
2510 5348
272 376
860 1587
1137 5010
3207 3311
2085 2128
1406 2562
356 2990
1108 2784
0 257
143 1325
271 3124
365 3001
344 1892
1408 1739
1137 3410
3074 3526
2223 3480
116 1343
241 5506
797 2626
224 572
1137 2888
138 868
3717 3942
1710 2145
1137 3033
747 3221
1137 1393
1137 1474
564 4956
406 523
805 1931
1893 3948
1008 1010
2085 3001
1177 1591
271 5261
1591 1697
1733 3277
1137 1409
2254 2427
670 1137
356 835
365 523
365 2359
1244 3389
271 5539
365 1136
143 988
271 1803
1013 2820
1589 1727
1043 2775
2079 2474
1013 2741
1137 4956
726 1050
564 3581
608 677
0 3464
271 5082
797 1137
1904 2341
995 3712
833 1137
62 1137
2114 3012
44 143
2007 3891
271 672
890 4149
2891 5236
551 553
1745 2891
747 758
236 1137
1927 2641
572 2759
48 263
365 2219
389 551
608 2067
747 788
909 5077
271 3532
1781 3508
271 1346
1799 3001
271 3102
271 314
271 1543
1268 2316
766 3209
2078 4924
1958 1988
2774 3703
1043 2468
912 2274
2238 2256
1942 2007
342 694
0 1459
365 2331
912 1541
365 1108
1739 5433
3232 3297
992 2774
365 2476
912 5168
0 79
2737 3874
365 785
1406 5149
1352 1777
241 936
2157 5507
0 3618
700 3840
611 679
912 1904
1137 3128
3707 4157
271 3180
2046 2709
59 564
572 2795
365 3592
30 358
1182 2382
365 5242
700 973
811 2706
272 4172
1970 2648
1335 2894
1544 2333
271 5159
890 2794
81 1551
885 4045
2384 2891
120 1137
486 636
138 2988
271 2248
2254 2304
783 3113
912 2254
410 3692
783 5372
143 2306
271 2425
1137 2494
271 5482
1043 2009
145 374
116 2515
914 3851
1575 1591
577 2828
365 868
1623 1655
271 4988
1137 3736
271 5101
2618 2619
608 988
143 1115
1057 1177
344 4038
1177 1392
2022 3960
1984 2468
1235 1702
271 1460
2392 2413
1343 2233
271 2597
2085 2559
271 958
271 3430
138 833
1148 2085
271 3479
2751 2793
747 988
62 5244
1160 3485
1677 1704
1745 3610
3187 3262
1137 1317
132 133
365 5359
365 4891
507 881
1137 1462
1904 1964
700 2819
271 5288
271 2348
271 5337
1043 1924
271 2397
1137 5305
1551 3053
2071 3765
62 745
1137 3627
1815 2088
2668 2680
1591 3317
271 4944
2125 5376
377 3850
1348 2823
1421 5069
1137 1683
272 377
325 5059
272 3793
783 3702
1137 1738
3273 3382
769 1636
143 2891
271 591
272 4095
2412 3074
271 764
2205 2988
2085 2306
1137 3409
1021 2022
350 3002
2891 3670
271 914
1006 2761
1881 2019
2891 3623
1137 3507
2063 3768
526 3504
1137 1255
777 1942
1745 5268
747 3220
2477 5299
572 1881
1971 2667
271 2892
1356 2445
1018 3965
0 564
2093 2380
2085 3404
271 5151
314 5090
331 344
591 1038
1137 5243
783 2700
1352 2722
271 2304
2254 2424
1025 1029
1406 3088
1972 2019
2706 3074
747 1570
0 1095
271 3622
622 3861
5065 5171
2392 5407
1006 2012
1137 5511
68 2085
1745 4920
2063 2721
271 1064
783 3621
2618 2803
857 3273
271 2604
985 3759
2125 5126
1688 3374
1137 1782
356 1674
1591 3196
1901 4164
2891 5239
272 4059
551 552
365 1749
1320 1323
2535 3597
271 833
1011 2680
700 3745
405 523
358 4967
608 2068
271 3422
1690 1695
564 1397
272 975
783 5427
2891 5555
1901 4077
833 2107
272 2818
989 2699
212 636
1406 3696
1370 2474
1008 1011
2343 3278
0 5263
365 2151
271 5235
1348 2420
2772 2810
306 5443
1602 3295
523 2614
636 1280
1212 4953
1137 2449
747 1649
71 271
1587 1723
271 3700
2392 5452
93 2480
271 3755
1137 5539
356 3285
1886 1959
608 834
1406 5165
3863 4132
1524 3820
1040 3895
271 1213
2085 4982
1356 2780
365 1431
1357 1421
2114 2601
1006 3993
1137 3135
272 1945
271 1363
2891 5139
912 3435
365 1721
1036 2668
764 769
523 1883
2137 2242
271 933
1358 2347
271 970
2026 2616
365 3591
2318 2608
2727 3948
1137 3040
2709 3959
618 620
894 1009
1903 1904
2988 3692
912 1130
1553 3655
2224 2302
143 2302
1005 2668
764 1640
365 5063
2795 3829
365 2123
2125 3126
912 2224
93 5085
783 3691
3277 3278
747 1343
271 2251
636 1281
271 1708
271 2424
365 2413
625 3740
72 3630
1741 2745
1235 4548
747 1629
271 1757
1035 1944
365 1079
2170 3041
1011 3818
271 3727
2429 2865
356 3273
749 910
1011 3739
2510 3165
1462 2125
762 1626
523 1544
272 572
1585 1698
1201 2549
93 5239
356 3204
1051 2078
2631 2632
1137 1807
271 667
271 2596
81 110
895 2742
1356 2180
859 2532
3880 4006
751 910
315 1110
1113 1137
912 1192
1423 5002
3857 4066
3271 3273
1035 3719
271 2968
365 3853
1356 3597
271 381
957 1902
1356 3996
1137 2286
271 2238
365 2095
1137 5214
138 1081
378 2722
604 1172
1108 2376
143 523
0 2577
365 2385
523 1051
1871 2770
909 2297
4934 5498
271 2509
271 2322
783 3070
365 1051
1131 4919
913 3213
236 564
572 3728
1942 2053
1988 4119
1160 2533
1764 5482
1224 3052
365 2854
1667 1727
410 523
1137 1882
93 3004
526 1488
378 3866
365 1776
238 262
1192 3143
2007 3945
2405 2596
116 564
365 1810
271 2729
2343 3702
1356 2216
680 3397
783 5098
747 3223
1137 1399
271 2895
365 5185
2468 3943
138 2224
2810 3772
1629 1635
1172 3583
654 3986
641 1137
331 347
1137 5242
1356 3863
1022 2791
143 568
143 2516
271 2307
2254 2425
1137 5323
14 271
406 3613
271 1764
366 3874
271 2480
1137 3653
1082 3278
3935 3986
0 1112
365 2502
1137 4946
783 5100
271 3670
138 1553
1438 1486
764 3223
271 1067
332 1035
0 4969
356 3201
1904 2343
271 1112
581 1108
365 2826
1354 3714
271 1406
365 2971
2436 5562
551 555
844 1591
20 81
260 1600
1137 2568
2085 2341
985 1023
1586 1595
564 5229
1139 1764
833 2106
271 2979
989 2698
1008 1012
271 3024
1137 2085
651 671
797 1997
3845 4099
1137 5222
271 5347
1562 1942
271 2407
1782 3549
1320 2160
1901 2709
747 1648
988 1918
678 1764
572 3709
769 3211
365 2474
271 4890
138 1954
365 783
2125 5319
376 3820
365 1396
236 636
1252 4947
1137 1536
358 5559
1137 4013
356 3380
365 1430
890 4120
2510 3569
271 1325
17 2193
401 856
272 608
143 1383
525 1183
1942 2974
1024 3926
155 409
365 3556
1262 3585
783 5232
401 523
539 1137
747 3278
730 944
272 4159
618 621
1137 1343
572 3866
639 810
1136 1137
2114 3603
271 2100
811 1356
764 1641
1646 1659
0 3048
3621 3660
608 1944
833 1745
983 4130
1108 2013
636 1282
271 5319
597 2384
365 576
271 2427
1137 5267
1351 1792
271 5492
747 1628
271 1756
1137 5484
1177 1534
365 2446
564 1268
792 1163
271 5103
868 5097
365 1368
636 1845
2064 2777
700 3878
539 3001
358 5410
1904 2125
1104 1105
271 1462
2363 3521
0 70
951 2113
912 1419
1587 3238
273 1223
2709 3752
1942 2692
3187 4554
271 3473
0 2324
1458 1492
271 2922
1137 2947
0 5162
2078 5229
315 3683
271 2971
1356 2554
143 257
382 3845
2786 3842
271 5125
143 2114
271 2233
365 5391
358 3669
1268 3684
1137 2511
1079 2609
365 2384
1959 3813
271 5448
980 3795
2795 3983
236 279
2903 5208
783 3065
2382 5059
764 3212
365 3176
1883 1942
3273 3380
271 1268
1356 2789
783 1469
1137 1881
244 365
2451 5225
2088 2157
365 1775
572 611
2836 2940
0 34
271 2619
783 2100
584 5436
271 3396
2135 2137
1137 3505
2516 5443
783 5337
747 3222
1421 3687
680 1137
2709 4014
1137 1479
409 1070
958 3858
2078 5063
2468 4903
1137 2185
130 358
1704 4557
2516 3645
1352 2611
93 365
3273 4542
365 2356
61 271
365 1133
611 2669
381 1406
3763 3876
1100 3551
1346 3247
272 1901
271 3665
832 897
271 5046
407 709
905 2575
1653 1718
4111 4126
145 606
512 523
1137 4898
523 1397
912 2316
1259 3539
1137 5043
93 2301
365 1457
2150 3673
833 912
365 2970
551 554
1690 3375
1137 1959
271 1008
271 3416
1137 2921
891 3769
1236 3175
116 712
912 1265
833 2105
365 5156
912 1024
1008 1013
1252 1779
1178 1274
1137 2229
2392 2945
3845 4098
785 5476
572 3864
1137 5221
1602 3293
1477 3083
261 1268
271 2455
1137 5447
1137 3680
725 778
306 2561
1356 1877
365 1250
2125 5318
356 3287
145 570
1357 2965
154 2516
143 1088
2163 2392
518 1428
1022 3786
1137 1680
331 1137
572 997
783 5142
1067 2129
2088 5138
1099 3193
912 1553
238 319
271 1474
1137 2603
985 986
350 2928
1090 1115
1137 2692
1099 3239
747 868
912 1343
958 3822
271 2784
365 3589
1357 3387
30 357
912 1358
271 2833
1268 2125
1888 2618
3405 3576
696 1008
1553 2374
783 5510
271 1821
228 309
1320 3029
1137 2240
890 2793
2592 2891
293 2748
1137 2385
271 5201
785 2024
0 2968
1137 5121
636 1283
1137 2338
1051 2520
584 1170
1343 1550
271 2426
1507 2392
138 1893
271 5495
988 2028
302 2468
1137 3596
365 1077
143 785
1067 2865
783 3449
2468 2642
747 5122
75 1137
244 2392
93 2228
1893 2631
1137 1571
365 3092
143 2928
572 1437
365 3025
1960 2664
2631 2634
271 2598
805 2618
81 108
564 591
0 246
1782 2829
365 1379
356 3308
365 1981
1467 1592
1160 3456
608 777
1319 1904
1315 2384
1008 2706
271 3055
138 1108
1137 2284
2358 2891
143 2125
365 2093
1137 2429
271 5301
2719 3771
366 3989
1137 1421
365 2238
1137 2510
271 5338
608 1044
271 2398
1137 5310
783 2891
1497 2478
314 3050
403 3479
99 1316
271 2511
1031 2665
1041 2793
2621 2731
747 1881
3273 3289
2745 3716
2891 3006
523 1352
564 3476
271 1094
272 3796
385 1904
957 3757
277 3595
271 3120
985 2652
2218 5572
2474 4895
896 1979
1650 3222
1081 1137
2997 4956
271 1429
1041 3927
271 2031
271 2618
1100 2497
138 145
957 4116
400 1180
272 2683
1041 1357
529 1137
1343 3004
783 5336
271 3572
747 3209
33 143
1904 2614
56 2988
2835 3166
271 3070
671 1041
912 2286
917 1137
271 2159
3272 3273
680 1343
331 349
1335 2592
912 2298
1067 2250
271 2317
1137 5321
271 5438
365 2227
271 1766
890 1958
375 1798
5065 5543
1591 4560
271 3619
1960 3721
1101 1137
977 4131
272 1902
1137 4944
2891 3021
729 1034
913 1427
271 1077
1661 3210
1137 4897
365 1311
36 257
1137 5042
749 764
572 802
1051 3695
844 1698
636 1277
985 2744
1406 2234
1108 3558
271 3613
2088 2521
271 2590
365 3471
263 2186
912 1492
271 3419
1001 1984
783 2232
2033 3721
1137 3525
1011 2715
271 3528
1357 5000
1355 1650
1406 2520
833 2104
365 5155
3736 3823
1008 1014
1721 2145
2392 2835
271 2115
912 2391
1635 1641
143 2437
365 2293
1137 2309
1137 3832
572 3720
747 1650
1234 1364
1343 3402
365 747
2145 3362
271 2454
1698 3306
271 3591
365 2472
271 4964
1335 2395
2706 3316
271 1944
272 3710
783 3477
564 1153
743 2468
1012 4051
2618 2706
2172 2468
783 994
1875 1904
1555 1602
1137 1687
3185 3290
365 3052
1704 2891
1633 1659
399 511
523 5142
3871 3949
1419 2417
0 3651
1137 3567
1137 1235
2451 2810
1406 2013
700 858
271 2161
271 2832
365 5238
1137 3045
242 327
523 564
1356 2512
507 873
1343 2730
271 2102
228 2545
842 1397
572 3918
138 1024
271 5200
0 1397
518 523
365 2265
636 1308
271 5313
584 1171
572 3121
2173 2365
747 1630
1021 1043
115 2928
365 2915
680 2581
314 2118
2383 3087
783 4123
890 2077
0 1201
365 2589
272 273
1130 2302
2125 2157
271 523
835 1610
1568 5368
345 986
981 2468
1024 1986
1883 3776
272 575
143 1492
1137 1804
402 533
376 1010
1190 1213
1071 2022
81 99
1406 1567
1906 3839
259 834
272 2576
0 3631
747 835
572 1986
1536 2117
81 269
1022 2022
1620 1635
1137 2945
777 4004
2774 3942
1268 1541
2809 4040
2145 2891
365 5355
1137 1450
1130 3565
5 302
608 3611
1659 3215
1357 5123
1192 1419
564 2302
2238 2333
564 1541
1137 2509
1553 2515
365 546
564 1460
74 116
957 2627
331 623
1469 2863
271 4911
783 3067
641 982
190 636
75 610
2147 2891
271 4956
2468 2679
1492 5126
1893 2793
1320 3523
2891 2993
857 3313
1900 3997
0 3152
783 3698
1247 3001
5318 5324
749 768
2082 3452
1012 3770
271 1270
2085 5343
1525 2235
143 1320
271 1383
2632 2713
1904 1988
985 992
0 36
678 1137
783 5125
1800 2437
2056 2468
1160 1387
365 3643
272 2699
258 1158
1137 3036
1137 1396
1341 3170
1137 2989
1406 2316
0 5391
1136 4548
271 2158
1325 1343
398 3592
365 5472
636 818
228 2441
331 348
1087 1662
1320 5252
116 1549
356 2468
1043 1956
1160 3123
271 2493
365 1024
1048 2817
271 5550
2474 2548
379 2799
564 1343
2670 3750
143 840
980 2795
2615 3780
365 1165
272 3746
1160 2436
272 3889
700 1925
2085 2175
271 1226
2056 2707
1033 2795
525 2495
1591 3192
365 1600
271 1403
2489 2891
1110 1341
864 2468
747 749
1218 3014
988 2077
572 2780
1343 2114
572 2739
1137 2927
365 920
1137 1159
1893 1900
834 909
912 2474
1137 2266
709 833
143 379
271 2114
1137 2219
271 2291
1421 3149
278 304
1137 2453
1942 2024
749 755
564 2085
271 2449
2678 3779
1137 5445
72 598
314 2330
2448 5078
271 3590
529 2468
1346 3249
271 5012
2254 2836
4934 5070
1137 1541
271 1209
2069 2689
120 143
356 3383
1406 5427
1008 1998
1024 1942
764 3339
1137 2648
747 2836
400 1479
868 2144
2114 2759
700 3794
792 1693
1370 1594
344 2000
1904 2818
1157 1172
93 3575
272 2613
912 2905
1137 3566
2004 2623
912 1329
143 155
1274 3573
257 3692
385 599
271 3518
1357 2512
273 1530
271 2835
1048 3743
957 3823
271 3083
143 4934
2668 3818
1893 3934
2088 5006
2786 3965
912 2341
1431 5002
1353 3317
2706 4186
365 2119
2392 3403
490 636
365 2264
93 1370
1137 2336
271 2372
365 2409
1421 5387
1137 2481
271 5489
747 1617
1382 1729
271 2549
1137 5473
1959 1983
1136 1679
271 1870
1421 5183
1030 3781
271 4987
365 1220
408 2095
93 2305
988 3983
912 3727
356 3317
1137 1616
365 1365
38 1093
1268 1274
783 5174
1008 1947
1101 5554
641 4061
762 1638
1137 1714
2641 3851
681 1137
365 1544
2125 5593
271 1459
985 2807
783 4012
271 5461
1406 2901
271 2592
730 2085
1137 3385
785 912
1343 2101
3947 4048
572 2692
2270 5397
1745 2087
2891 5480
0 2443
783 5010
1137 2871
2548 3034
272 1035
2100 4108
259 611
1016 2788
773 3210
365 5354
1137 1449
271 377
608 1881
591 896
783 4148
93 5004
784 1172
0 675
271 2234
365 5388
874 875
783 2743
0 2468
271 1567
1764 1904
271 2347
1137 2508
1108 2235
1237 2841
271 2392
1137 3677
783 2901
912 4922
351 611
783 3066
2318 2844
1352 1727
1686 2114
1506 2436
365 2560
1421 5037
1262 3089
139 145
2114 2891
1137 5012
1230 3656
1964 1965
1871 2066
2365 5102
1370 3197
365 2995
564 783
912 1740
1607 3310
523 1335
1628 1635
0 37
581 1373
2836 3130
1008 1352
2392 2557
400 1182
0 2552
365 3642
2144 5403
1137 3510
86 936
783 1906
313 2600
1160 3119
846 918
1161 2938
1602 3376
271 3574
834 2674
271 2891
1048 3799
1320 1904
356 2145
1533 2085
564 4954
365 5121
235 565
1327 5020
143 358
365 5471
2054 2698
2104 2895
271 5259
636 2190
2087 3074
378 2613
263 842
564 2114
1601 1681
365 2353
1137 5464
1921 3946
797 4036
0 2929
271 3629
1137 5417
1904 3709
1804 3588
1137 4950
271 3666
579 1137
2392 5523
572 990
1137 4903
518 1052
0 4973
1352 1578
1137 1560
365 2933
1904 2474
400 574
915 1137
356 1719
1214 2506
358 365
385 1987
93 689
1213 1430
365 3580
271 3207
1137 2572
1067 3460
1264 1490
1586 1591
1137 2717
1346 1615
271 689
1137 2926
377 988
1335 3577
135 2510
2063 3861
2891 4930
271 3530
912 1268
572 1914
521 4088
314 3174
833 2110
785 1904
912 2377
787 5543
2891 3074
1635 1643
271 1574
143 2439
271 2290
785 5005
1137 2363
1352 2755
271 2403
407 919
271 5404
747 1652
1492 2194
271 2448
769 3215
365 2470
62 821
659 1137
365 924
636 1837
313 2382
785 2875
651 3981
0 5112
749 759
0 26
363 1137
1904 2085
572 695
995 1908
912 3004
271 1487
24 116
2657 3926
1335 3647
2200 3002
651 782
1891 2668
271 3513
1137 2826
1244 3050
0 2143
988 2816
385 622
680 2442
365 4913
912 1135
1893 3933
299 551
138 747
1008 2647
2474 3023
1268 1904
2292 2297
1889 2636
271 5315
1192 1568
1352 2815
1137 2480
271 1752
1137 5472
2474 5459
572 2100
2614 3908
0 2455
1014 2073
365 1219
754 910
271 3722
356 3318
584 1361
2064 2638
400 856
271 1135
1011 3742
636 1841
1137 1568
365 2877
551 649
0 1600
608 2709
271 1458
654 1137
834 4070
365 1688
271 2595
0 3620
2478 5053
0 2333
2641 2705
759 761
271 3436
912 2886
3888 3947
1137 3465
1006 2726
909 4998
1262 3107
365 2828
1356 2064
1137 1358
957 1927
3201 3377
0 2218
589 2216
365 5353
1708 3383
1320 2544
365 4932
1137 1448
143 269
1547 5269
365 5030
1136 1248
365 510
572 3948
365 2090
1137 2418
271 1566
312 3001
1702 1707
271 5415
365 2380
1782 4984
141 143
0 1137
365 689
271 2504
2468 2786
271 5573
797 3984
271 4958
1406 5230
271 1091
1244 2120
783 3708
983 992
145 912
1892 1908
271 1264
2052 2814
402 3073
801 3705
365 3206
365 2994
2022 4073
100 360
365 3496
115 365
2891 3660
1904 2891
1343 2088
909 4953
1137 1177
1980 4179
783 5105
2637 2646
747 3210
0 1011
365 5180
3560 5074
2022 3884
513 523
1008 2737
2662 2706
1227 2241
365 5002
271 1470
366 4037
783 2698
82 2864
636 2191
0 1343
1881 2991
1137 5326
140 271
1201 1406
365 2352
712 1137
743 5003
808 2468
626 3735
857 3377
271 5593
365 1274
1137 2536
590 1485
1783 2478
2384 2389
912 5210
271 5042
263 3613
265 2988
271 1078
272 2032
909 912
271 1191
2085 5216
138 2800
563 565
120 2889
564 5364
271 568
2392 5298
940 953
957 1013
988 1942
263 3920
783 5130
396 523
143 3290
93 2971
365 2966
0 232
1137 2563
0 2
565 887
2043 2704
378 2005
402 817
1266 3178
572 2620
1352 2056
572 1915
2365 3427
833 2109
783 5550
758 1642
365 5152
1137 2127
1012 2773
564 4927
271 3039
1091 2891
1137 2264
767 1625
2114 3771
2125 4909
2078 3458
271 2301
783 5338
564 2224
2309 2891
271 5407
749 753
2510 2959
311 314
2125 2451
114 808
610 2249
577 3053
271 5014
397 1315
1406 3427
1421 5371
0 3179
636 1838
568 778
271 1211
365 3116
272 3871
1499 2421
356 1733
138 272
1942 2225
356 3377
551 740
2392 5262
271 1320
3409 3517
1137 1893
1871 3807
2022 4017
575 1984
1335 3646
600 808
2228 2229
591 618
0 5413
1137 3564
2707 3821
271 976
272 914
93 2610
1908 3958
1745 2122
912 1346
271 2845
2125 3453
764 1664
365 4955
1137 1330
1184 2260
1211 1456
507 874
271 2099
591 942
1524 2705
764 1638
912 2343
833 3607
1008 2632
1136 1364
342 523
1069 1108
271 1541
1152 4925
1743 2140
2779 3832
2778 4061
0 596
2646 3792
271 2374
365 5312
93 777
747 1619
271 1755
857 4555
2632 3943
365 2552
1137 3584
365 1073
564 1792
1137 1769
365 1218
1067 2882
271 5098
1352 4040
1137 1622
636 1842
2476 3559
271 1183
572 2114
365 2876
905 1137
551 648
224 2659
352 1792
1904 2114
271 1469
792 1612
2298 3535
409 537
407 1058
1137 3391
783 1771
523 785
2891 5395
1353 3675
681 1698
271 2752
223 303
81 3131
138 1406
1137 2950
1137 1335
1137 1502
1335 2874
912 2548
229 636
1137 1455
608 1883
1137 2272
271 1561
143 595
3802 4012
2637 4055
1243 3982
1352 2667
72 912
749 756
365 833
1524 3852
764 3209
378 572
1353 5008
1352 1584
365 1335
365 3171
551 735
1137 2493
1897 4005
2088 5296
0 5025
1352 3778
1137 1884
271 596
990 1108
1650 3218
564 5489
143 1370
1137 2662
1871 1955
23 81
912 2836
2891 3663
2429 3460
325 1053
146 2988
1659 3214
2891 5439
2709 3799
3832 4026
271 3568
700 797
271 2901
1268 2433
399 5089
1903 2793
1137 1530
314 3123
1092 1438
2254 3638
104 1667
2084 3593
365 2172
3041 5511
365 5001
1635 1649
1137 5244
912 2302
3720 3765
747 1533
1137 5325
896 2690
271 5434
271 1811
2679 3881
1764 2474
1137 1566
2085 5231
370 1137
358 5517
1390 2563
358 400
1591 3268
2125 5329
271 680
1901 4157
55 257
46 572
1024 3904
271 1525
1137 2562
783 4070
3508 5363
271 846
271 2586
659 5160
3034 4934
783 5259
680 3688
271 3495
1011 2719
271 2872
271 3540
572 1908
1971 2636
833 2108
523 524
271 3038
365 5084
71 81
1137 2216
271 5240
1348 2419
833 5271
680 747
271 1568
868 1904
271 2300
1137 2361
135 1137
1343 5173
271 2413
365 2178
231 365
1035 1909
365 1100
365 2468
271 4960
1122 5261
20 584
0 1193
2137 5077
1235 1675
2709 2772
783 1197
2476 3437
995 1035
2104 5241
636 1839
46 271
700 3864
365 2903
46 382
1343 2479
783 3876
564 850
991 2737
1008 1872
1099 3196
81 5375
271 1481
1137 2606
1976 2706
1009 2023
2074 2780
1137 2751
2007 2702
271 1389
1536 2173
1343 1547
2033 3753
1650 3343
1010 1966
271 2844
1602 3327
2286 4890
1356 3729
2468 3926
2453 5094
564 1944
1137 2154
2709 4065
2104 3472
1137 1410
2125 4991
271 5167
1136 1222
100 564
331 2468
1897 2753
271 2265
1137 2388
271 1540
145 1904
271 2256
302 1942
2676 3821
1137 2341
271 5325
1562 2036
0 1528
314 1160
1137 2486
1239 2828
747 1618
1472 2237
290 1137
680 2585
611 783
271 2550
564 1553
2392 3099
271 4932
2468 2655
1343 3144
271 5109
2819 3764
233 343
608 869
3877 4021
572 896
1048 2697
783 2844
3273 3330
93 788
365 3020
271 2485
912 1763
238 365
271 1468
271 785
2302 3703
783 5202
271 3438
1353 1382
2891 3635
1137 1267
271 3487
1537 2536
913 1622
272 1038
382 1913
764 1701
834 2716
271 2406
271 3041
700 4128
68 1343
2297 3177
2031 2617
572 3950
365 2088
1137 2416
1959 4029
564 2298
271 1560
1357 2435
271 2356
680 3083
1921 1998
1942 3792
3041 5188
271 5409
271 2810
271 2469
1905 1988
1944 4084
365 2433
0 1139
271 2506
1070 1318
1137 3619
2510 2935
1960 2061
764 3210
3273 3292
271 3581
2101 2474
1137 5001
0 3156
1356 2700
551 734
271 1266
116 143
835 1723
912 3468
271 599
680 2240
272 4087
1871 3809
2577 5424
2022 4079
1137 3401
987 1902
1024 3860
1904 2302
2145 3187
1427 1642
1587 3208
888 1352
271 3394
1137 1183
272 2703
271 3571
1137 3024
747 3212
85 365
2561 5443
572 1873
608 1562
365 5178
1137 2977
1135 2474
138 591
1346 4547
1137 1529
1008 2739
1137 2098
783 2663
608 2007
1137 5235
522 523
1137 2332
1672 2145
1357 2471
1874 2771
2474 2836
1137 5324
1137 2541
564 2125
777 1908
379 4181
1137 2392
271 1810
1137 5422
365 5284
1043 2782
910 1663
1031 1942
783 3629
2137 3634
272 349
365 2930
1872 3855
271 1238
2125 2946
1137 3083
2022 3896
271 5217
232 271
81 5266
271 1524
312 5530
30 81
2938 5508
0 4
783 5221
1090 1137
913 3216
1335 3578
747 783
572 1926
272 967
0 5241
138 912
3258 3261
2078 2903
572 1909
1235 3247
0 2277
138 1335
1137 2125
2047 2652
1778 2254
1591 1687
2468 3728
3427 5060
62 365
2125 4907
271 5243
271 2303
921 1050
608 5094
1397 2067
1421 5429
271 2412
365 2177
1019 4024
3252 4546
747 1641
1035 1908
1353 2841
365 1099
1240 3593
2928 4970
365 2467
564 3627
2114 2756
272 1871
1160 2118
783 3472
0 1881
1137 5056
2104 2329
1350 2392
72 135
2005 3756
93 783
354 1137
356 1735
356 3379
271 2309
787 1115
1031 3908
365 3047
1352 3611
0 1558
783 3924
848 2145
271 1480
1137 2605
62 4975
372 702
401 2864
271 3514
3963 5495
1811 1942
1137 1191
1971 2618
349 1035
106 1792
1011 4106
993 1048
228 307
743 1228
2872 3451
549 551
289 401
271 5166
2778 3769
833 3605
1624 3336
572 3915
263 1382
1406 1410
1536 5361
747 1335
2882 5249
934 1406
1137 2340
238 2957
891 1357
747 1621
145 365
271 2545
365 2550
781 1900
888 3920
271 3686
1130 2846
4934 5168
365 1216
271 2043
272 1963
1743 5293
365 2584
407 523
143 1085
971 3832
2468 2878
1352 2297
1980 3766
3083 5120
1981 3899
30 143
379 571
912 1764
271 3147
2080 2468
752 910
0 93
1236 3408
93 3494
3832 4158
1582 1587
2506 3537
344 3740
1782 5275
3563 4931
272 865
783 4969
1137 3470
2392 2452
272 1008
1406 5103
272 2724
1137 2859
1137 1656
0 4962
1137 1347
1779 5140
680 1067
1499 3498
4040 4146
1137 1453
1137 2278
271 5122
365 5027
1035 2821
1381 1743
143 3943
271 5299
2676 3778
271 2468
564 1457
1137 3665
120 121
1536 5115
764 1642
314 5562
1137 5377
120 783
1137 3618
1137 5522
599 1406
379 923
680 2836
143 3004
0 3494
2309 2356
783 3528
523 1358
1137 5000
2346 2891
272 385
564 868
785 2961
1352 3780
143 1335
271 3134
1635 3220
34 143
365 1768
968 1933
1406 1709
2085 2313
285 423
1406 2933
272 3995
2145 3186
912 3130
145 7645
492 636
551 2633
5301 5306
357 358
143 223
271 2854
0 5133
344 345
912 1051
1177 1569
271 3012
833 1904
1137 2178
608 2024
1067 2227
271 2202
1602 3312
365 3600
1906 2774
591 1158
747 2100
641 2631
2891 3448
366 3882
271 2488
365 2349
326 3645
3613 3614
378 892
2510 2849
0 1104
1352 1904
285 1137
365 1271
2125 2254
1067 2943
271 3678
271 5055
2088 3060
2889 3517
30 1343
365 1160
1137 5083
2237 2917
1352 1582
1137 5044
1959 2671
2365 2891
0 1547
365 2963
1137 3227
1004 1942
564 3131
954 987
2022 3976
365 3576
1137 2560
358 2847
2085 2349
2631 2713
365 3465
783 4912
912 2930
1942 2772
1251 1357
1343 1553
2468 4013
3034 3435
783 5434
1137 3059
2015 4072
783 2359
783 5289
271 2987
1727 3256
523 526
896 1352
271 3032
988 2654
2017 3981
1591 1686
365 5439
145 761
2437 2474
271 2302
365 2287
365 596
987 1013
747 1640
271 2460
783 2953
1108 2158
1137 1209
241 3496
271 3597
2698 2699
271 4962
365 1243
623 1035
0 1195
680 2909
93 2360
77 1939
271 5025
686 3499
272 2015
365 3113
1499 2422
551 737
365 1422
365 3046
365 1567
912 1544
1815 3105
1229 2068
2920 3480
81 394
1404 3202
783 7645
783 5353
1268 2085
26 912
1137 2830
1027 1048
0 904
1137 1190
405 1084
1137 2975
2633 2635
359 1137
1928 1936
143 1872
138 1320
383 2510
1364 1693
2125 3164
1008 2635
365 2114
2125 3117
365 5411
272 3776
1254 1339
992 4130
365 568
3682 5426
407 951
1320 2132
747 1620
2137 4998
358 5278
1745 5058
271 4934
1137 3734
1013 2675
271 5111
2903 3639
365 1360
17 257
143 1084
36 2988
1893 2624
784 2510
785 2843
1724 3207
565 1043
762 1635
1137 3137
912 1081
1343 2509
314 2436
976 1357
365 1539
1008 1918
93 564
1998 3718
2412 2482
2254 3455
271 2607
93 2929
923 2025
564 598
1906 3833
1904 4119
2088 5395
3758 3765
0 2432
783 5017
394 2928
1343 2838
988 2784
761 770
1352 1467
2700 3963
1928 1932
1130 1904
1217 1371
5281 5327
138 568
1792 2891
747 1268
1352 3026
1137 1452
143 2085
1380 1792
783 2573
271 2177
1137 5205
1268 5084
271 5298
590 1192
271 2358
271 5411
93 257
19 610
358 4952
1137 3664
355 2254
271 4917
2891 3517
271 1961
271 3653
2220 5134
4934 5149
273 1597
1524 3774
1251 2142
700 3923
1137 5007
0 3158
572 3772
2125 5144
0 365
1012 3712
1602 1725
93 743
271 3129
40 2337
2239 2978
54 365
271 2563
365 3492
761 1107
764 2606
2125 2474
572 2044
747 3130
783 5409
1767 2117
2638 2773
783 5462
988 2756
1048 3804
1582 1601
271 3015
55 2988
1591 1677
365 5109
143 365
2636 4056
680 1318
1137 2322
890 1137
1641 1666
1011 3953
1029 1906
1137 2531
271 5383
271 2491
271 5556
1942 1969
271 3624
743 2600
365 1270
1235 3248
572 987
1343 1406
1172 2510
675 2286
0 3122
365 2928
2377 2474
1132 2343
572 2053
1212 3634
64 576
1137 3081
834 3848
1530 3324
1553 2591
680 2238
728 1090
271 1526
912 1468
1137 2478
890 1049
1130 5567
1081 1904
666 1782
138 783
271 4132
747 769
912 1370
518 2742
1212 1357
1235 3249
271 2986
1108 1405
2894 4922
386 551
1137 2268
743 3559
2043 3905
365 2286
1137 2366
1871 2687
271 5354
138 572
1472 2085
2793 3972
1137 5358
382 2754
2468 2775
271 1219
271 1904
365 2465
764 1137
1908 2821
1358 5270
1006 1137
1137 5062
257 2988
356 3246
1010 1011
365 2900
2114 5191
223 2631
76 2988
1268 3390
2085 3453
2384 5057
1137 3125
271 1445
2678 2719
1406 2333
1553 3168
271 1482
365 3547
58 2437
1406 1430
1882 4147
1893 1960
1137 2748
2709 3739
1137 3552
2392 2490
489 636
271 988
2129 3129
271 3460
912 914
913 1647
1455 4539
272 4136
1137 2974
1061 1108
138 2286
1529 3604
1928 1937
2435 2468
1925 3912
507 878
93 1769
764 1634
1137 2296
2104 3330
358 1083
2775 3974
138 1035
868 1815
747 1623
729 1984
365 712
2125 2483
575 981
564 1358
365 1069
271 3680
2015 2614
747 2474
143 1087
271 1130
2056 2675
1893 2639
46 302
2698 3877
271 4023
365 2872
1080 1137
93 1226
2392 3674
93 642
888 2018
1137 1797
365 3374
81 100
93 3541
365 3664
271 3435
923 1028
1223 3185
272 1010
2611 2709
1346 1712
568 1904
0 2539
2005 2696
1536 2251
271 2941
1923 2717
1265 2125
564 4940
269 2085
890 2722
912 1335
1137 2276
518 2307
365 2085
2128 3004
271 5309
1356 1745
2872 2879
14 398
271 2353
365 2230
358 2281
912 2085
2286 5260
271 2470
1356 3275
398 523
271 2519
2125 3459
764 3862
271 3555
271 5029
783 1137
0 3512
1320 3530
1444 2352
1942 2067
743 2533
272 372
2510 3092
2123 5260
835 1583
572 790
2752 2891
0 5029
271 2401
1138 1343
2638 4159
365 1766
1268 3017
651 1020
81 5205
696 1016
2145 2589
272 2675
1872 2545
2085 2665
1005 2060
272 990
1067 1769
1268 2078
912 2614
783 5457
365 5175
41 5045
1177 1575
238 827
1008 2742
26 747
766 3225
1431 1779
271 2167
365 5465
1137 2176
1591 1597
365 4997
331 341
271 2276
331 1977
271 5265
382 608
783 2759
271 2325
0 5291
1137 2530
864 4134
783 2822
271 1774
271 2490
1352 2019
143 5496
700 1879
271 1823
1524 4093
314 1342
1421 5013
314 2169
272 1894
271 3672
1579 1590
3273 3325
572 980
925 1764
1137 3886
1591 3923
988 2772
1137 5034
365 2927
1137 1763
940 950
1137 1916
257 2194
2085 2394
0 104
365 1738
94 920
1906 3759
2297 2893
1343 2123
1891 2678
271 3491
1406 1961
3832 4058
1015 2658
0 2121
1137 2399
747 913
572 1904
988 1437
277 1320
1137 2114
1147 2089
2254 3606
1942 4034
2022 4052
2078 4904
153 2988
271 2123
1108 4175
70 783
2630 3792
271 1580
271 5365
625 1977
1137 5357
783 3150
120 1343
747 1642
2392 5116
1026 1900
1268 2857
2272 3005
93 2437
700 2026
81 546
271 5021
2292 4998
2476 3433
1406 5208
1244 4910
93 912
1370 1904
1137 3163
783 1359
551 739
271 1335
271 1444
365 3401
2085 2430
271 825
271 1493
354 705
1137 2594
764 788
1343 2078
2822 3716
912 1320
783 7647
271 3463
912 5368
271 2840
2085 3142
358 3562
2254 4935
912 1238
1928 1938
271 2953
760 1659
365 2511
2700 3872
2679 2775
783 2603
998 2765
403 523
365 2112
2392 5426
1343 1461
747 1320
271 1536
0 2961
365 2257
1137 5176
1137 2521
271 2381
747 2302
599 1137
1137 2474
783 2942
1133 2309
747 1622
1043 2021
857 4558
271 3466
271 2546
580 834
62 840
1371 3302
365 1213
2476 3050
1745 3506
1202 2478
365 1358
143 1086
680 3018
1893 2638
34 271
2085 5155
365 2871
5094 5287
1872 4042
523 1541
551 647
1607 3186
365 5217
271 3156
1782 5231
783 3574
0 80
823 832
1909 3719
2540 3592
291 1984
575 1904
0 3623
2618 3941
669 1591
1346 1713
3922 3948
365 2339
1406 1904
485 636
1904 4934
1137 2058
1900 2790
0 523
608 1872
271 5135
2828 5320
990 1013
1782 3441
365 5381
271 5308
2135 5094
747 2125
783 2861
783 2602
2636 3819
365 683
1035 1969
47 2007
271 1963
1878 1896
680 3516
379 2632
564 3566
1011 3795
1314 1406
2392 5165
138 304
1137 5005
1553 2976
2125 2970
358 5493
356 1690
1137 3171
525 2451
2578 5364
365 2988
564 5502
523 5206
0 1745
392 551
2088 2534
747 761
72 271
2107 5103
1782 5370
797 2645
368 565
271 3406
1259 1779
1406 2138
1133 5378
1251 2891
1137 3028
75 271
271 2896
756 910
0 5120
1537 3597
358 1137
998 2618
110 1782
868 1738
271 2166
365 5464
228 2330
1591 1596
2678 2811
680 3164
271 5264
1040 2796
271 1656
271 2324
1137 5312
1137 2529
1745 1762
1942 1988
365 766
1745 3151
1895 4181
276 2392
236 365
257 912
1137 5410
365 1268
656 2828
0 1218
1137 4943
764 1502
783 3625
1137 1553
2392 5129
1672 3243
2302 3665
2254 2594
1137 3087
1137 1907
271 1347
1212 2135
271 3103
1137 1996
1137 2565
1187 2304
2007 2114
1491 1698
1335 3649
947 1108
808 986
0 2523
1406 4906
1803 2392
572 2618
747 912
2777 3952
1235 3251
314 3169
385 3274
143 2286
271 2085
2254 3607
365 5291
271 3628
365 5079
2787 3765
122 228
1745 5474
753 910
419 2988
1137 2364
973 1137
1343 5168
147 610
912 2334
2392 3477
271 1741
783 2954
1011 4101
344 995
402 2475
271 4975
1321 1864
1524 3905
0 3570
356 3289
808 1904
365 917
783 1241
783 1013
399 544
0 5119
912 1901
2057 2618
271 1334
335 611
609 808
523 1343
271 3187
3779 3889
1100 1268
271 824
271 1492
365 5203
909 1394
2516 5295
572 2808
410 1231
1044 2377
2048 3871
1421 3668
1201 2834
154 1110
19 143
271 2952
638 3122
1900 2691
271 365
1137 2302
271 5162
365 5051
271 2222
365 2111
1108 1137
17 1864
1370 4544
271 2271
365 5553
700 2642
1137 2473
1764 2234
806 2114
564 1352
2891 3474
365 1067
1252 3593
1008 2058
356 3182
1352 4046
608 890
143 1081
365 3193
1524 3796
1893 2637
928 1137
2772 4124
1137 1753
758 3211
87 2085
551 646
271 3110
17 2988
2706 3733
1406 3058
365 1536
271 1467
673 909
762 3612
5213 5216
1693 1793
0 2405
271 909
36 1798
783 5209
365 3662
2891 5385
3210 3340
2114 3897
5333 5548
783 5018
2270 3032
857 1727
2114 4008
272 1027
365 4989
2478 2485
365 1561
1137 1488
81 143
1268 1550
575 2762
1179 3095
2165 4960
1467 1808
263 1329
1547 5113
783 3676
271 2178
378 2742
507 618
1108 2396
271 2355
914 3774
564 1550
985 3703
271 5420
2468 2714
93 143
365 2518
1137 3622
2758 2795
356 4571
1624 1656
783 3495
1137 4915
681 2145
93 5214
271 3309
271 1096
365 3165
93 2286
1024 1959
271 1390
365 3455
271 3130
564 1459
2700 4123
365 1764
625 1035
271 1439
1320 1340
0 61
143 1547
572 3727
754 1895
1137 2938
397 523
1010 1888
272 976
2478 5279
271 3582
1979 2726
912 988
1137 1379
271 2899
2468 3947
747 3344
912 1055
271 3008
1591 1678
507 808
572 3992
365 2166
1137 2182
1591 1599
365 4995
1635 1655
3792 3811
1137 5238
271 5267
1536 5309
2510 2571
366 4031
271 2327
1352 1942
1044 3892
1877 2468
2078 5247
365 765
2771 3830
396 2307
1011 4136
747 1553
74 145
1199 2425
409 1318
271 3637
1035 2709
1137 4942
240 2988
271 5051
138 1541
1463 2085
564 3523
365 1156
72 2492
998 3788
671 2622
783 912
143 1137
365 3137
806 958
1530 3208
787 1090
785 1137
365 1591
2774 2797
2891 5218
564 747
138 2254
2256 2898
2468 2471
0 25
1008 1032
24 143
271 3388
1335 3648
2302 3760
77 2634
0 2524
271 3501
1100 2414
0 2123
1236 2085
523 525
1235 3250
523 1383
273 3274
1426 2085
783 2464
365 4933
1137 2257
1929 1935
271 2133
365 2138
314 5003
1040 2746
747 1358
0 1379
747 1944
365 2428
1137 2444
651 1045
1108 4911
747 1644
271 2456
5375 5572
1137 3613
271 3593
1587 1591
911 1137
0 3571
77 1935
857 3207
749 1137
672 2341
70 344
1716 3187
2810 3565
2125 2175
2384 2503
2088 2915
356 3241
890 4065
365 1529
145 960
0 3089
868 2827
271 1329
2085 5278
1802 2891
138 698
572 591
271 1495
1900 4068
2150 2349
1137 2737
138 863
1335 1904
975 3726
1108 1325
1118 1154
257 1137
138 1492
2709 4075
68 3093
1137 2301
271 5173
1137 2382
271 5210
0 1359
401 5089
583 2553
2392 2583
365 564
271 2383
912 2123
857 4556
271 2556
365 2545
143 2614
271 3693
365 2434
2125 3693
271 4930
363 3301
2468 2629
365 1211
608 2100
513 5350
783 1167
1137 1615
891 2743
365 1356
1893 2636
1907 2468
1530 3264
2384 5024
385 2731
402 523
271 3158
2468 3772
365 1680
271 2603
138 224
365 1825
1939 1940
365 3661
2088 5399
1872 1942
572 2717
1223 3186
325 2600
138 962
1137 1350
2177 5345
2694 4057
263 1328
1406 3844
1106 1172
625 1893
1137 2410
583 3470
41 81
2254 2414
909 2292
1137 2555
2478 2934
312 1160
93 285
271 2467
1137 3668
1137 3621
271 5581
976 2697
2738 3832
906 1268
377 3860
365 1183
1585 3186
636 1278
325 365
1137 4995
356 1589
271 1272
2474 4979
1991 2468
1137 1877
365 3454
2473 5177
365 1763
263 3585
2468 3792
1370 1608
11 257
747 763
529 1356
2596 2997
271 2575
2891 3652
2085 2437
572 1033
0 2545
272 2678
2709 3792
272 2012
1010 1889
272 977
783 5421
1137 3018
1136 3299
783 1268
365 2165
143 2474
912 1138
1906 2771
365 2941
365 764
0 2912
271 2439
2468 2751
1871 2693
611 2713
93 146
271 3636
365 5283
271 1254
610 2299
807 2615
271 5050
365 1155
1137 5086
1370 3332
72 145
3453 5113
1067 1388
903 1922
1137 5039
1137 3195
783 3672
1008 2012
365 3069
1041 2010
93 1339
272 625
0 1536
365 2958
743 2169
857 1082
3748 4022
271 855
2254 3161
0 3060
2640 4893
271 3391
2709 3715
271 964
1268 2254
402 2593
321 323
1137 1213
958 2014
2891 4989
1048 3725
271 2998
988 2724
273 3273
912 2468
1100 2125
2085 2924
1994 2778
1237 2468
2809 3982
271 2087
2254 3605
2894 5033
2618 3820
271 2132
1896 2795
2031 2687
271 5185
142 143
1108 2342
1137 2354
271 5366
2512 2537
365 591
1137 5346
358 1740
784 1523
143 912
271 1743
271 2459
2468 2771
49 743
1136 1693
365 1093
77 1085
356 3188
1075 1268
325 2516
1653 1694
356 2871
365 915
295 636
271 4111
143 1108
271 1155
0 3090
365 2896
383 1172
402 1429
700 3974
1137 3113
378 1986
2740 3765
783 3922
680 5265
572 575
257 603
1704 3239
1900 4069
143 1544
385 572
1137 1224
783 4992
1137 1369
1760 2478
271 2917
783 2326
271 2954
783 5333
764 1619
1740 2922
385 1016
1137 2300
1011 2763
523 783
747 1325
762 3343
1343 3517
888 2781
398 2085
0 2964
365 2254
1945 2777
2400 5543
2872 3022
3736 3939
271 1714
797 3858
1043 2022
1698 3218
364 365
868 1137
700 2738
1108 1591
69 81
1942 2059
365 1355
2254 3498
761 1662
1893 2635
1005 2639
2098 3546
1357 2878
1782 5440
271 3104
272 3970
1409 2290
2437 5205
40 1137
143 1358
271 3153
2137 2239
3733 3969
278 1038
0 1904
2468 2706
378 1990
271 911
700 1043
257 523
1137 1268
572 2005
236 1343
1137 2861
1185 3490
1406 4960
747 3340
1901 4007
365 5344
1137 2063
942 1137
1137 2155
1137 1447
0 2898
583 2238
785 5263
1357 3863
271 5305
1352 3521
564 1544
0 1499
272 3880
365 2371
890 1942
365 680
5034 5047
408 523
1108 1764
271 4912
783 3020
1632 1698
769 1658
1137 2244
976 1137
636 1279
2029 4046
491 636
1137 4994
988 3860
1137 3991
1137 1787
3273 3367
365 2840
356 1669
2384 5118
1980 4039
564 785
1421 2262
1782 2139
46 1223
747 762
365 3487
3764 3825
381 2261
93 3845
917 5002
1743 2578
0 2145
271 3576
910 2085
906 2125
572 1896
523 536
1492 5104
2852 5084
271 3010
1932 1933
2379 5507
271 2163
365 5461
1591 1593
138 680
523 2474
564 5492
1913 1919
1140 3041
1137 5236
398 5217
271 2321
797 3881
1472 2125
399 1313
271 2438
673 1212
93 145
2392 5011
1710 3242
2712 3985
1137 4940
143 2665
783 3461
659 1119
271 1081
1524 3743
2254 2823
356 3255
1137 1558
2791 2801
749 762
1008 2891
365 3068
1137 3084
783 1508
1693 2589
783 5252
365 3570
2668 3893
0 27
2012 2351
0 138
365 1147
271 3503
747 772
1776 3641
912 1262
271 2993
93 1137
912 1149
0 3593
0 2923
764 1627
1137 2263
365 5076
1085 2749
365 2136
1108 2343
365 1991
2114 2339
271 2244
1137 5136
636 1292
1137 2353
135 1129
564 2233
143 610
365 590
271 2421
2745 4032
1352 3432
2114 4921
271 1742
2623 3743
1137 5490
1352 3319
1133 2478
93 2433
1921 4093
143 1201
156 1040
857 3205
561 1984
365 1382
1406 2458
1137 5113
844 1057
356 3243
1352 3876
697 1137
271 1154
1137 3167
365 3040
412 1984
143 1397
1113 2891
1137 2964
1406 2852
145 1137
81 115
344 3719
764 2812
272 3762
312 313
2646 2724
1524 3757
143 236
857 3325
241 2602
271 3459
783 2272
138 812
565 963
1137 1368
62 5232
783 2321
747 1137
1901 4034
912 1226
629 3873
132 145
912 2433
523 689
0 4950
1035 3958
3720 3814
564 2286
623 625
608 1942
366 3978
271 2264
636 1296
271 5333
2392 4909
912 2125
1043 2025
0 1135
271 2558
120 5306
143 868
988 2613
2668 2715
344 625
365 1209
0 1165
365 2577
271 5117
1942 2056
1063 1137
783 933
271 1137
2254 3499
608 1004
1008 1942
769 1640
1179 2085
762 1645
680 5200
3961 3985
2114 2588
271 3107
1211 1869
1343 2392
572 621
609 2468
832 1948
2468 3996
1137 1259
591 710
857 1724
3014 5065
1441 2468
0 912
1268 2341
1959 3927
1137 1446
2093 2392
263 1330
1904 2012
365 5020
988 2005
0 3010
1591 1605
1268 3690
1872 2676
378 1008
3802 4021
365 2370
1137 5289
1782 4982
797 4085
1000 2815
2392 5476
2220 2578
1921 4020
1235 2226
0 1274
271 3651
783 3488
1998 2637
888 4066
2007 2689
1783 2125
1235 1611
1252 5002
2612 3765
1382 2145
271 1109
523 1492
1137 1786
885 2744
1268 2608
1980 3921
356 1670
1745 2748
2809 4146
271 2569
2114 4925
912 2114
1817 2248
1236 4964
1108 3543
271 1432
120 4952
783 5129
680 2534
783 4901
