7716 5233
372 1965
3961 3985
271 567
572 1035
611 2669
381 1406
572 810
833 1904
3763 3876
1022 3894
783 2219
1100 3551
372 2012
1352 3826
730 940
238 262
272 1901
271 2863
271 2202
833 927
832 897
1602 3312
271 5383
407 709
526 543
1268 5142
2017 2725
1653 1718
834 4008
344 1008
551 557
145 606
678 1502
2479 2891
1008 3707
747 2100
523 1397
1137 3450
2076 3736
1026 1900
783 5142
366 3882
93 2301
326 3645
302 7641
378 892
564 2891
1575 1591
1900 4133
271 2670
2510 2849
0 1104
882 883
922 1137
1008 1998
1352 1904
120 1137
990 4152
1348 2304
1130 3463
285 1137
69 1316
365 1271
951 1137
2125 2254
1067 2943
833 912
81 350
581 948
271 3207
754 910
1343 1547
2889 3517
747 1620
2815 3725
30 1343
2668 3710
551 554
365 617
777 2392
143 2341
271 2320
192 636
1670 3187
1352 1582
1393 2088
143 3727
81 940
1137 1959
1043 1968
797 897
1356 2292
302 608
271 2123
767 1620
288 611
365 1119
271 1008
272 979
271 3416
1959 2671
1008 1014
591 896
891 3769
2636 3726
912 1378
564 5364
2365 2891
3185 3290
683 1137
0 1547
2147 2891
988 4059
700 2026
2468 3522
1244 3559
271 3665
1352 3557
1004 1942
564 3131
912 1265
1137 1445
890 1942
365 610
833 2105
365 3576
593 1893
271 1207
610 2152
365 5156
0 4984
785 2305
2631 2713
1137 1557
747 1658
1906 2774
1008 1013
2239 2242
271 1193
564 793
365 2335
272 3885
833 835
1942 2772
385 2731
1252 1779
1178 1274
263 1086
2468 4013
1137 2229
2468 2615
3034 3435
487 636
365 1257
0 2432
3845 4098
783 5209
2822 3716
977 2031
257 2197
272 4043
1137 3059
358 2951
783 2359
3948 4160
572 1897
406 780
568 912
365 1402
410 1162
958 2749
271 1532
261 1268
2468 3772
1727 3256
962 972
523 526
912 2478
896 1352
116 143
1019 4024
1037 2022
138 628
572 3121
988 2654
988 3824
564 1777
1137 3680
271 1241
93 3727
591 1158
1137 1695
271 523
365 3206
271 1209
271 1319
2750 4083
572 2074
365 3060
365 587
1700 2468
306 2561
1356 1877
3972 3978
672 2392
2437 2474
957 3805
238 325
700 3794
695 1884
271 2302
641 2631
271 3168
0 3408
1137 1139
566 2891
356 3287
135 2384
143 564
0 937
238 308
365 596
1357 2965
993 1524
138 1343
1137 3074
764 772
1959 3927
997 2789
1872 2015
987 1013
747 1640
1900 4090
1040 4163
143 1088
356 4537
271 2460
518 1428
1022 3786
75 1137
572 1011
2392 3040
0 759
912 1370
1237 2841
241 3496
271 3597
2698 2699
572 2654
271 4962
2125 4899
1130 2846
990 4116
730 950
1014 2073
1406 2173
747 1635
623 1035
0 1195
1137 5043
143 2440
272 4087
93 2360
77 1939
636 1293
1906 2805
1871 3809
1932 1934
686 3499
271 1155
238 319
143 1872
1 1100
271 2420
998 2619
1137 5344
1942 3728
800 903
985 986
3613 3614
271 726
747 1633
350 2928
143 914
365 3113
1553 1904
1090 1115
1137 2692
2692 3936
1099 3239
888 2616
271 1461
747 868
912 1343
551 737
365 1422
271 2784
365 3589
1357 3387
365 3046
912 2235
356 3190
30 357
1370 1904
1002 1984
365 1567
0 1186
271 1370
633 1137
848 913
972 2690
77 1932
636 1284
870 871
706 988
2107 5073
696 1008
2150 3673
145 564
1421 5414
455 2988
271 1821
365 910
1624 1698
564 1480
228 309
651 1039
271 5486
2678 3966
62 745
72 143
743 3145
990 2043
271 1165
551 739
81 394
834 1035
1137 2240
912 3517
636 1279
890 2793
1404 3202
271 614
878 879
93 3104
2064 2638
1268 2085
769 3229
293 2748
572 3720
2638 3959
1137 2385
2510 5538
1027 1048
1041 2725
785 2024
400 856
365 1229
365 1560
2043 3736
271 1443
405 1084
0 2968
0 3533
636 1283
1137 2975
1137 2338
121 365
2633 2635
120 2125
1011 3742
359 1137
1370 1579
1928 1936
365 906
235 565
271 2426
138 1320
138 1893
409 523
764 1627
271 5495
988 2028
365 2872
302 2468
589 591
2810 3772
0 2929
1137 3596
845 1137
271 2595
271 1580
1424 2392
912 1325
365 1077
365 1408
143 785
145 570
1253 3593
1008 2635
1357 2647
1012 1945
381 3517
365 5411
271 4944
2063 3861
747 769
801 1871
365 1553
2145 3187
325 2600
1906 3717
1254 1339
1335 3003
1137 2960
365 747
783 2320
992 4130
72 1551
365 4925
912 1969
272 349
1137 1320
53 271
40 610
365 568
244 2392
1354 3714
365 2970
93 2228
1893 2631
2468 3601
228 238
1320 2132
271 1444
1137 1571
2888 3517
827 828
271 1487
143 2254
0 2888
143 2928
1427 1642
1343 2233
1400 1407
302 988
1959 2045
525 2451
1137 1223
572 1437
271 1561
2137 4998
1137 3425
2769 3711
1745 5058
331 2039
271 4934
1960 2664
143 5224
1048 3743
2631 2634
2125 4936
285 1863
272 1042
1635 1643
1013 2675
564 785
1108 2028
1335 2992
365 1160
912 1024
2105 2111
743 2875
3187 3258
376 2682
365 1360
17 257
143 1084
888 1352
271 2376
365 2397
81 108
1689 3183
784 2510
564 591
271 5445
1942 2689
565 1043
0 246
116 2092
1782 2829
2700 2752
762 1635
325 2285
1137 2891
135 3667
143 680
365 1981
857 3365
143 241
356 3379
636 1126
564 2114
271 1137
1904 3760
410 2545
365 1208
2437 2891
1467 1592
1008 1918
93 564
1160 3456
641 1137
980 3795
564 1130
1319 1904
1315 2384
608 2709
93 271
2412 2482
1008 2706
93 2929
636 1860
1745 3526
564 598
1906 3833
1137 1757
2468 4968
236 281
1904 4119
769 1647
2109 3063
271 2303
365 2535
1137 1791
2502 3000
3758 3765
2358 2891
271 2974
32 584
1137 1710
365 1056
1035 2061
271 1883
1352 2056
143 2125
271 2161
331 1035
271 3106
820 2965
394 2928
1614 3250
271 747
365 1788
143 1181
143 1352
572 622
366 3989
988 2784
365 2238
2891 5167
1352 1467
1871 3717
564 1137
1137 3024
271 5338
271 2237
1524 1764
2706 5123
293 1008
1928 1932
1906 4184
271 2398
1217 1371
610 2091
5281 5327
912 3585
138 568
1792 2891
365 2468
1352 3026
749 776
314 3050
403 3479
271 1262
143 2085
1881 1942
1356 3863
1380 1792
2780 3731
0 5078
764 767
783 2573
1041 2793
138 2474
2022 2625
2786 3965
365 3216
271 2177
1137 5205
365 3004
985 2651
272 977
3187 3296
572 1873
747 1881
1010 1995
590 1192
1137 3593
271 1420
271 2939
271 2358
1431 5002
1137 3004
839 1683
523 1352
2106 2112
1609 3304
365 2545
909 1212
910 1261
93 257
271 1094
143 2237
2069 2821
81 87
523 591
1923 3770
355 2254
1406 2412
912 1320
1137 1492
3187 3263
680 1116
0 1122
3792 4075
2891 3517
783 1899
302 2689
625 1893
957 3757
1602 1698
271 3653
271 3120
271 3567
985 2652
834 1040
1591 1604
2618 4056
896 1979
1872 1904
1024 3797
1081 1137
1137 2531
848 2145
271 1635
2683 3890
1371 3253
1524 3774
1251 2142
2786 3786
783 2429
356 857
1041 3927
365 5439
272 1004
1582 1591
2384 3675
271 2618
271 3057
2088 5070
1000 1048
1100 2497
365 1320
138 145
365 833
957 4116
1108 2696
0 365
764 3223
400 1180
272 2683
2468 4921
365 5480
1183 1268
1041 1357
766 3225
529 1137
3621 3660
1343 3004
2392 5011
93 743
289 396
1137 2363
1011 1917
271 3572
3764 3825
747 3209
272 1883
33 143
1904 2614
271 2911
271 933
2239 2978
56 2988
2678 2811
783 5333
271 377
2821 4162
1137 2545
339 341
1011 1878
54 365
572 957
271 2563
365 3492
912 1108
1108 1918
671 1041
1091 2891
271 3605
271 5542
1082 3278
834 3724
365 1139
917 1137
784 1172
143 257
271 2159
2125 2861
272 3921
764 1621
564 1335
1137 3227
7 1792
365 2264
0 2333
572 2044
143 1343
378 1008
331 349
1952 2022
272 4064
912 2298
2638 2773
263 912
70 271
1352 2777
783 5462
0 1112
2891 5323
1048 3804
1011 4106
2254 2414
747 764
3888 3947
365 1318
2468 3931
271 1766
278 3990
1370 1691
1244 5536
55 2988
954 987
372 591
523 1081
1137 3537
5065 5543
700 1021
143 365
1591 4560
1692 1694
888 2645
1901 4034
2636 4056
561 1984
1101 1137
271 1768
912 1397
93 1325
1899 4046
1011 2701
272 1902
1137 4944
833 926
365 1060
1137 2260
1137 2322
1021 2022
913 1427
2618 3941
1537 3597
1137 1383
551 556
3714 4040
2700 3975
1011 3953
1661 3210
1137 4897
1686 2114
365 1335
344 2061
625 1908
523 2254
36 257
271 2577
1137 5042
761 1117
314 3559
564 568
271 5556
86 241
1137 3621
749 764
521 3754
572 802
271 2173
356 3243
0 1560
2891 5422
1051 3695
372 1904
743 2600
1078 2238
2665 2810
0 2145
138 629
912 1352
272 377
2363 3521
0 2991
1782 5370
985 2744
399 511
783 2044
747 1617
1108 3558
2828 2891
2222 2510
1032 2769
1268 2450
1343 1406
0 4962
675 2286
2088 2521
832 4181
138 1553
143 953
271 1780
271 2432
0 3122
365 2928
2377 2474
1672 2145
3871 3949
924 2478
263 2186
912 1492
754 1087
680 934
1984 3810
1050 2828
169 236
591 1137
572 2053
2125 2379
64 576
783 2232
2033 3721
1893 2638
1137 3525
834 3848
747 1698
1011 2715
1553 2591
584 3764
680 2238
138 1268
1745 1762
1355 1650
272 668
0 988
957 2705
833 2104
2088 5296
93 2397
93 2254
2474 5168
1251 1357
1635 1641
1904 2391
912 1468
844 1591
958 4028
1137 5083
689 5142
777 1343
365 2334
890 1049
1721 2145
1081 1904
912 3004
238 2468
1900 3755
957 2675
2468 3728
271 2115
666 1782
365 3066
0 3060
912 2391
1101 2427
138 783
523 536
1419 2417
1137 1209
518 2742
1212 1357
2063 3768
271 1358
143 2437
2392 2452
365 2293
3258 3259
93 1193
333 611
1137 3832
271 2986
1130 1522
1108 1405
271 596
372 572
3675 5348
1030 3781
331 348
356 3256
1014 2699
912 5045
747 1650
1234 1364
240 2988
271 1201
386 551
1904 1988
912 2922
1137 2268
2392 3696
743 3559
1698 3306
912 2334
377 4160
1268 2588
769 3209
572 2075
1524 2677
1335 2395
1356 2615
912 941
2706 3316
747 774
2043 3905
271 1944
777 1908
271 2317
365 2286
272 3710
138 565
657 2891
564 1153
1871 2687
271 5354
2063 4001
1893 1960
747 1320
1904 2235
2407 3141
1472 2085
1357 2496
2793 3972
46 93
1909 2545
572 3864
1010 1957
747 758
365 2257
1942 2676
2172 2468
138 1352
783 994
1013 3798
572 575
271 2251
1602 3293
2379 5507
1352 1353
1904 1942
2468 2775
271 909
271 1219
408 2095
750 910
1064 1137
2015 4072
272 1352
271 1904
1745 5199
909 2135
764 1137
93 2305
572 1881
1704 2891
1633 1659
1882 3907
988 3983
365 2279
271 1183
636 1294
1571 1591
1553 3168
2085 3043
1571 3269
1006 1137
1421 5367
1137 5062
758 1656
257 2988
1137 5351
138 1319
1745 3101
1137 2432
0 1745
356 3246
747 1632
381 2286
1137 1235
1010 1011
401 856
263 1245
1137 2254
747 1649
747 1777
365 1090
223 2631
93 1544
5 1137
2451 2810
76 2988
271 1096
2125 3653
1406 2013
1406 1430
2384 5057
1356 2445
93 1904
2392 5580
59 912
700 858
358 3150
2678 2719
2928 5106
365 2272
77 1931
1908 3724
1116 1746
1137 2344
957 4152
314 3123
271 2322
0 37
3273 3289
378 758
365 912
242 327
58 2437
564 1481
320 743
641 2748
1356 2512
365 3613
507 873
1882 4147
1343 2730
399 1545
54 5065
2639 2678
1137 2232
1035 1892
747 2302
1137 2748
2709 3739
271 1462
599 1137
228 2545
325 2516
912 1335
271 988
842 1397
783 5018
271 3460
138 1024
2005 3756
871 872
912 914
913 1647
1343 1764
1455 4539
1011 4101
518 523
272 4136
1137 2974
622 3768
358 1184
356 1589
1061 1108
1904 2302
1352 3007
365 1704
2059 2709
1928 1937
365 905
99 1137
4119 4120
595 907
1925 3912
271 2455
1137 2555
923 2025
890 4084
747 1630
1021 1043
115 2928
93 1769
2089 3631
1745 5153
2637 4112
277 365
683 1536
764 1634
1239 1551
1137 1325
2114 4008
358 1083
1137 1229
143 238
314 2118
1600 3187
2478 5433
81 2468
365 5238
138 1035
967 2618
783 3483
890 2077
2742 2799
2709 3956
2125 2181
0 1201
114 3856
868 1815
1708 3360
365 2589
1335 3002
580 834
803 2618
365 2111
1777 3982
1131 4919
363 582
15 81
1622 3225
1573 1591
988 2699
365 1259
261 358
20 81
1777 2016
565 808
1137 3473
345 986
507 871
981 2468
1051 1137
110 143
365 712
2125 2483
0 2889
3121 3728
575 981
2468 3849
564 1358
1137 3474
3875 5177
365 1069
272 575
143 1492
271 3680
783 5002
912 2224
980 2795
2015 2614
1942 3772
1137 1804
270 564
0 798
402 533
589 2216
0 2967
365 3008
1745 5474
747 2474
272 376
378 3956
3187 3261
747 5122
1352 2795
985 1023
1366 1782
143 1087
271 1130
1071 2022
81 99
1406 1567
575 2762
797 3881
1906 3839
523 564
116 712
379 3929
259 834
260 1690
0 3631
747 775
1080 1137
1472 2125
747 835
272 507
572 1986
271 3513
0 1237
1163 3252
888 2018
81 269
913 3216
138 978
591 1038
1022 2022
1137 1797
365 1207
793 2078
564 5078
988 1035
365 3374
365 2244
356 1137
271 5119
2125 5275
1132 2343
777 4004
2774 3942
1268 1541
680 793
2809 4040
2145 2891
2876 3001
81 100
93 5435
2022 3827
141 143
609 808
1942 1944
1137 1450
1108 2082
1130 3565
572 777
2069 2708
5 302
271 3435
1022 3857
923 1028
2412 3563
1223 3185
1259 1779
1137 1709
365 1055
403 2384
2510 2920
2611 2709
143 1320
651 2713
385 1942
1357 5123
1192 1419
356 1736
3201 3277
564 2302
2238 2333
3273 3287
1176 1177
0 1739
2104 3330
271 3154
1923 2717
564 1541
1265 2125
507 2050
2220 5134
1895 4181
1745 3506
145 1107
365 546
957 1352
1137 2903
138 236
1149 1568
890 2722
1942 2225
74 116
957 2627
331 623
260 1695
399 5089
1137 2276
564 912
1908 2061
1137 3461
1547 5113
641 982
1137 1257
0 271
365 1635
1695 2468
1357 2020
376 2684
365 2085
271 1568
223 1137
1893 2624
2468 2679
1356 1745
2872 2879
3218 5257
2968 4934
1137 2737
26 271
271 1481
572 3918
271 5597
1893 2793
1320 3523
2891 2993
912 2085
857 3313
2738 3832
2254 2836
564 3010
912 1635
785 5263
0 45
680 3018
271 3083
2286 5260
2069 2820
1144 2872
1097 1137
1356 3275
1247 3001
3083 5120
912 3278
1137 3008
591 1345
749 768
93 1051
398 523
1012 3770
271 1270
1357 2135
271 3466
1525 2235
271 1104
564 3000
764 3862
1243 2989
749 750
919 2478
1343 2237
271 1383
365 3001
365 2078
1137 5197
69 99
1035 2709
783 1137
2632 2713
912 1777
1884 2706
1010 1019
365 2223
680 5023
1444 2352
1942 2067
797 4078
985 992
0 36
2510 3092
678 1137
1800 2437
271 2479
761 764
2733 2891
835 1583
725 778
748 910
1528 5543
968 1933
108 365
1160 1387
2276 2468
93 138
985 1024
271 2145
764 1640
2752 2891
2676 4092
0 5029
2088 2127
743 1137
1138 1343
93 365
381 912
271 1969
636 658
912 4934
272 2699
30 81
912 5541
564 1635
2618 2682
365 1466
13 143
0 4950
1137 1396
365 1766
19 143
1353 5008
988 3748
1341 3170
2254 2421
1397 2067
1137 2989
2137 3177
1689 1692
1406 2316
314 2382
654 3986
1335 5462
1745 2087
651 1020
551 735
564 1550
271 1524
1975 2709
365 1138
2293 3531
2059 2614
1352 2755
272 2675
271 3621
365 2506
79 271
365 5472
1872 2545
636 818
1005 2060
895 1917
1908 4038
356 1667
358 1565
272 990
1690 3375
1067 1769
777 1942
1745 5487
271 3073
912 2614
572 997
3074 3526
378 3883
365 5001
1087 1662
572 630
1320 5252
116 1549
1635 1649
523 1406
3812 4040
356 3205
41 5045
356 2468
315 4908
271 895
365 3600
1177 1575
238 827
1008 2742
271 2493
26 747
272 3898
271 5187
1048 2817
271 5550
1137 1777
747 1659
271 1004
1431 1779
116 1268
1880 1895
365 2472
379 2799
1137 2176
0 4
2670 3750
2496 5094
1268 2988
143 840
795 2891
331 341
591 676
3041 3453
331 1977
903 1024
1136 3303
271 5265
2615 3780
241 5506
1137 1382
507 878
1871 1904
257 365
271 2325
2769 3806
272 3746
1406 1757
1137 2530
864 4134
783 2822
2012 2624
797 2626
271 1774
1008 1048
2891 5043
1764 2891
1160 2436
1949 2022
1137 2789
1352 2019
2068 2668
143 5496
801 4057
564 1434
2424 4966
700 1879
272 1035
271 1226
1524 4093
2056 2707
1033 2795
2654 4030
747 1533
1591 3192
1421 5013
365 1600
983 2771
271 1403
0 2976
271 3672
1359 2903
138 1226
1683 2468
3934 4022
3273 3325
572 980
401 3481
143 2343
1110 1341
864 2468
925 1764
1059 2085
344 2069
3187 3189
1263 1580
1218 3014
271 312
988 2772
1008 2724
988 2077
572 2780
223 4101
636 661
912 1881
641 4061
1137 1763
271 2973
348 813
1016 2788
940 950
572 2739
801 3705
271 5238
783 3621
272 2015
1137 1916
747 1701
81 120
1893 1900
0 1240
272 1885
1587 2145
271 2282
1012 3790
257 2194
2758 2795
101 564
523 833
2085 2394
1136 1679
1104 1105
0 104
365 1738
94 920
680 1444
797 4036
1893 2623
26 912
1099 2891
1137 2460
1370 1608
1906 3759
143 523
1137 2333
749 762
271 1788
2297 2893
912 1081
747 783
1872 4089
709 833
365 1213
1357 2471
1009 2023
881 882
1343 2123
2022 3976
272 3800
1085 2749
1891 2678
1406 1961
1137 2219
564 833
3832 4058
767 1370
890 3752
365 1255
378 2681
271 2833
0 2121
572 3866
365 2954
271 5007
1683 1685
747 913
1421 3149
399 674
572 1904
988 1437
642 2302
231 365
278 304
277 1320
1137 2114
1352 1630
1137 3427
1942 2024
749 755
564 2085
1147 2089
271 1200
271 2449
2678 3779
1137 5445
1499 2426
1942 4034
1137 3580
2022 4052
1356 1421
1041 4029
1893 3933
761 3231
153 2988
564 2254
2448 5078
1137 2284
365 5280
832 3947
596 2545
1108 4175
70 783
1137 1201
991 2737
572 1944
998 4179
271 1366
923 2649
912 2316
120 358
271 5526
0 102
381 652
625 1977
272 2479
2786 3832
783 3150
730 2914
365 1133
783 2479
120 1343
1048 2004
1137 1541
747 1642
2650 3886
271 856
988 1904
2069 2689
1320 1340
958 3822
827 2476
1352 1354
120 143
1166 1947
600 974
512 523
783 3069
912 1909
314 5316
402 1545
912 2078
868 2818
1137 2063
2272 3005
93 2437
1024 1942
1177 3324
271 5197
764 3339
1243 2136
680 726
0 819
1960 3721
888 2757
712 4927
120 121
81 546
636 1295
1130 2302
747 2836
2292 4998
344 3958
1137 2237
365 3025
138 2614
2476 3433
1406 5208
400 1479
868 2144
2114 2759
2084 5002
271 2422
1370 1594
1555 1602
344 2000
28 2121
1904 2818
271 1739
1157 1172
93 3575
272 2613
1244 4910
80 271
912 2905
2468 3074
1137 3600
1137 3163
1652 3217
783 1359
2512 5095
912 1329
143 155
1274 3573
0 1077
271 1335
257 3692
271 2137
2377 3565
1343 1550
138 1030
1137 2398
365 5388
271 1138
406 523
1136 1371
1029 1906
143 2474
912 1358
273 1530
365 3401
271 2254
2891 3670
77 1930
636 1286
271 5018
783 2743
2085 2430
1205 2526
957 3823
651 2660
2137 5077
1137 1141
834 909
2772 3903
1900 4063
354 705
271 2031
1137 2594
143 2836
143 4934
764 788
564 3411
1137 1591
747 1624
1137 1421
1715 2145
224 988
1893 3934
2088 5006
365 2892
783 2150
400 574
2745 3716
1352 3297
1353 3317
890 3933
1137 1227
145 257
2706 4186
2382 3489
271 3613
93 2114
271 1994
271 3463
356 3199
93 523
490 636
365 1227
46 7641
0 1211
2022 4050
551 2633
271 3497
365 2595
551 552
1137 2336
356 3278
1024 1986
77 1935
912 1238
401 5089
1928 1938
365 904
271 2372
3878 4023
783 2089
1782 5440
2808 3707
271 5489
2903 3059
1524 2705
1406 2234
272 895
2700 3872
1419 2088
1382 1729
271 4000
272 3842
138 271
912 1883
1137 1721
1577 2468
1012 3791
1421 5183
403 523
365 2112
2392 5426
2145 3362
988 2005
58 5205
1343 1461
365 1656
1059 2125
138 2055
365 2474
365 1220
271 1536
2022 4053
0 2961
1161 3005
1137 5176
138 1358
680 5053
271 4890
912 3727
1499 2421
356 3317
747 1138
1137 1947
1876 1966
38 1093
700 984
819 5065
1048 4007
1137 2151
1137 2474
1268 3684
783 2942
271 1822
1133 2309
747 1622
1043 2021
1008 1947
1240 2392
0 2309
0 2890
271 2546
1010 2706
1602 3183
1137 2733
1777 1904
747 761
227 887
1944 2666
2123 5260
1883 3776
762 3224
1035 3958
754 1098
743 2468
1782 3436
6 72
2641 3851
62 840
1371 3302
783 2721
138 272
912 1205
1980 4179
365 1544
2468 2706
76 637
2476 3050
1896 3897
636 1299
985 2807
1137 2514
365 783
3187 3260
1406 3013
1137 1319
365 1358
143 1086
405 523
143 1909
271 2975
1900 2790
133 238
730 2085
2920 3480
0 5317
138 564
34 271
785 912
143 261
1237 2412
1406 2144
3947 4048
365 2871
5094 5287
1872 4042
271 5177
271 2413
551 647
1607 3186
358 400
2891 5480
1160 3123
572 3924
271 3688
1011 1891
1137 2871
636 1285
365 1764
365 1206
2548 3034
1536 2907
2100 4108
272 1957
1357 2445
3837 4040
636 1298
271 3156
31 145
1137 1602
2665 2891
823 832
2737 3882
351 611
912 2341
572 2692
1909 3719
365 5354
564 1051
376 1010
1632 3227
769 3224
3513 5156
314 2330
77 2634
0 2868
575 1904
365 5180
271 4897
1572 1591
669 1591
365 1529
68 1816
0 675
1320 1904
2022 3951
271 2234
859 2891
783 3414
1745 5304
874 875
3922 3948
2063 3938
3041 3573
3241 3330
2775 3974
1137 1425
0 2468
3273 3286
755 910
1013 2627
271 2347
988 3988
1137 2678
1406 1904
1137 2508
564 680
485 636
912 1944
1108 2235
2437 3011
1904 4934
271 2614
271 2392
1137 2058
1137 3677
271 5461
2056 2675
378 1986
1900 4037
399 523
0 523
1893 2639
912 4922
564 850
1137 2774
1137 2896
11 109
365 2915
1942 2709
2554 2706
747 1641
2223 5015
990 1013
372 3708
0 2457
1782 3441
55 257
365 5381
1352 1727
813 1356
1137 3386
138 601
1137 1401
271 4979
1137 2524
271 1422
1137 3385
1506 2436
747 2125
365 1267
3278 3313
139 145
711 832
0 46
2545 4965
2493 3647
5065 5171
807 2615
1764 3565
1964 1965
1908 3719
538 542
271 5027
1871 2066
72 1137
358 5559
808 1008
365 683
1035 1969
47 2007
1137 5461
1370 3197
1353 3203
747 1404
1137 1249
1536 3404
271 1963
1024 3904
1878 1896
379 2632
564 783
143 379
912 1740
754 1895
1607 3310
1008 1893
1011 3795
3728 4004
747 2114
1314 1406
1137 2558
1628 1635
523 680
638 1137
583 3470
2392 5165
564 5350
138 304
1137 5005
271 2478
1035 1881
1727 3296
581 1373
2468 3275
584 1170
365 1430
833 2107
2392 2557
1553 2976
1137 1335
385 622
2144 5403
365 2512
272 2818
356 1690
895 2646
783 2861
17 2198
86 936
783 1906
1872 4014
313 2600
2114 2235
0 2455
2679 3999
1161 2938
365 2988
572 3727
1 5388
834 2674
0 1693
365 1178
783 4070
1733 3278
271 2891
2736 2795
888 984
1048 3799
1192 1407
857 3266
93 642
749 1663
356 2145
1137 1969
72 271
143 1051
271 1110
1035 3753
2085 2437
1406 1772
1702 1707
272 1925
797 2645
1591 2114
1536 5068
1591 3316
2392 5486
143 358
368 565
3453 5113
93 2478
365 5471
815 1871
1890 2618
1406 2138
1782 4984
0 1268
0 1469
2054 2698
1251 2891
840 2260
271 5259
651 961
636 2190
75 271
572 967
1388 4040
271 2896
756 910
2087 3074
271 5083
1137 2536
608 1562
747 766
138 2800
272 808
1601 1681
271 2570
2365 5102
1137 5464
271 5438
1904 1909
783 2698
325 5059
1160 2118
1921 3946
608 4149
912 1811
998 2618
673 1212
110 1782
868 1738
525 1183
1051 2132
1620 1635
365 5464
356 1672
365 2826
1904 3709
2478 3096
808 884
0 849
1252 1338
1804 3588
1137 4950
0 1528
579 1137
1040 2796
271 2526
551 558
271 1656
572 990
238 3699
518 1052
2017 3981
1237 2891
1352 1578
138 626
676 1357
1942 1988
1137 1560
1390 1391
271 839
988 1901
785 5197
572 2758
564 1883
1745 3151
1210 1422
30 2085
1904 2474
276 2392
365 4933
1137 1230
257 912
915 1137
551 649
2894 4922
868 912
1906 2771
356 1719
365 2151
3832 4045
358 365
365 591
1137 1165
365 1268
233 2631
1130 3395
0 1218
1782 3043
385 1987
1137 3014
764 1502
336 611
93 689
1016 2726
138 257
888 2003
564 2398
1213 1430
365 3580
271 2333
138 1108
365 5160
783 3625
917 2168
271 3608
834 4106
3187 3188
1264 1490
622 3861
2125 3117
0 1
271 1782
143 2391
1268 2307
2474 2730
1137 2717
1672 3243
2468 4040
2302 3665
143 1065
885 4045
365 1116
769 1652
1137 2927
2468 2642
1158 2156
2254 2594
377 988
1335 3577
3385 3517
135 2510
1137 1907
2795 3748
1243 2238
1011 2719
1704 1707
68 81
271 2293
741 914
1137 5556
2927 3595
1352 3560
2478 2863
365 2352
1137 1996
912 1268
365 1406
306 5443
521 4088
314 3174
1010 3732
747 4934
2384 2956
365 1270
1137 2565
365 924
1101 3607
72 3053
72 148
72 598
1187 2304
2085 3001
769 1137
2007 2114
1491 1698
1092 2156
584 2141
747 749
912 2286
785 1904
1892 1908
808 986
271 1243
375 1798
0 3445
764 1618
912 2377
787 5543
2891 3074
801 2776
1392 1591
712 1137
271 1574
1724 3207
1894 2646
1803 2392
785 5005
100 564
148 1551
524 2595
365 1382
747 912
2777 3952
550 551
406 2872
572 1003
2668 3893
836 1745
407 919
2636 2643
783 2844
747 1652
1137 1568
747 1024
236 912
385 3274
1492 2194
143 2286
572 3992
271 2448
747 1623
365 5291
358 1137
401 523
236 523
1702 4557
1137 1692
271 1312
365 2828
272 2647
2787 3765
271 3499
356 1708
122 228
52 783
753 910
1591 1599
349 625
1421 3071
60 2988
419 2988
248 562
62 821
802 3986
1212 4953
3682 5426
272 1010
271 1628
365 593
271 1478
521 523
271 3218
523 568
313 2382
764 775
1137 3355
383 2510
651 3981
912 1137
1008 2052
271 2150
1051 2873
76 257
1212 2891
2804 4129
764 1623
0 5112
0 5421
783 2954
407 951
1586 1595
834 988
344 995
749 759
957 3885
1921 4093
365 3593
365 5604
1106 1172
807 2632
271 4975
271 855
1908 2039
363 1137
1904 2085
1137 1193
1108 1325
2774 4054
572 695
308 2516
995 1908
636 1288
263 1412
410 1864
21 5375
2392 3565
1137 2052
263 2449
2384 2389
808 1904
365 586
365 917
572 3736
568 1904
801 2966
1335 3647
412 1984
783 1241
1920 3982
747 1634
783 1013
399 544
271 1738
888 2468
564 4954
572 790
81 1400
272 3776
331 1908
888 4047
0 5119
365 1352
783 2963
564 3727
272 700
912 1901
0 2307
145 271
2057 2618
271 1334
2679 3984
636 1291
1587 1597
1137 2826
1244 3050
1035 1908
1536 2251
3513 3596
747 1664
382 572
238 306
0 2143
523 1343
271 3187
787 1090
3779 3889
1137 2350
379 3811
377 4055
2510 2571
1100 1268
271 824
365 579
271 1492
271 1078
564 1024
1872 2614
272 2032
909 1394
747 1627
912 1135
5095 5387
143 568
683 3535
2516 5295
1213 2117
0 3095
572 2808
299 551
523 1553
138 747
1079 1137
365 1081
1010 1966
271 1343
404 523
263 1330
1035 2039
223 1046
135 1157
1044 2377
93 2480
2048 3871
155 409
2614 4092
1421 3668
700 2041
1268 1904
272 1969
3972 4031
1745 2891
1889 2636
1137 3411
747 1397
687 3648
1352 2815
1067 1335
271 1501
575 2039
681 2468
983 2747
93 783
783 3603
1137 2480
638 3122
1900 2691
564 2960
1137 1138
271 365
365 3096
1013 2043
1137 2302
312 5530
271 5162
2614 3908
1137 1720
145 761
400 527
273 1370
1137 3734
271 2222
846 918
1108 1137
608 794
271 1191
17 1864
564 1460
2706 3747
365 1219
1553 2397
143 1406
833 1543
271 2912
271 2271
271 3722
269 2085
764 1685
985 2797
909 3111
379 1989
584 1361
62 4975
522 523
2891 4989
1035 3724
271 1135
271 1498
315 1341
700 2642
912 2864
636 1841
1137 2473
1888 2618
378 3802
314 4951
358 1185
62 3682
271 362
382 1942
1764 2234
0 2891
806 2114
48 263
764 1659
564 1352
1137 2090
2891 3474
681 1698
365 2963
912 1319
365 1067
120 2889
0 1600
1252 3593
1008 2058
365 920
576 1544
1406 2036
783 2293
356 3182
564 1406
271 1544
764 4974
2733 3977
143 1335
636 1297
1024 1352
1871 2650
2742 4020
654 1137
834 4070
1137 1318
365 1357
381 680
143 1081
978 1912
81 1792
1524 3796
1212 3177
1893 2637
928 1137
2891 3386
2254 2426
1108 1883
2478 5053
1406 2430
758 3211
2125 2474
2641 2705
1079 5571
759 761
271 3436
912 2886
1137 2280
523 1137
636 1275
32 143
1268 1274
1137 5244
551 646
145 747
225 2988
314 3433
1006 2726
909 4998
271 3110
988 2724
17 2988
1356 2064
2706 3733
3792 3811
1137 1358
365 1536
271 1553
1674 1727
271 1467
957 1927
400 5374
2709 2812
988 1008
2706 3931
3201 3377
1533 2085
347 625
0 2405
0 2218
271 2386
797 1137
805 2618
835 1594
783 2085
75 610
958 1008
890 3855
1099 1706
143 269
36 1798
0 1967
3963 5495
271 1797
708 1004
2891 5385
271 1525
1404 1635
2254 2823
783 3068
1421 5429
1136 1248
1040 3895
2114 3897
1008 2631
365 510
5333 5548
572 3948
365 2090
1893 2717
1137 5604
827 831
2979 3609
2085 3404
365 1198
990 1268
272 1027
271 3396
890 1893
81 1137
312 3001
365 4989
1130 1787
365 1343
1268 1550
860 1587
271 2087
1137 1237
1179 3095
365 2380
271 2037
3207 3311
2165 4960
238 1244
138 1137
2632 2635
14 398
912 1533
356 2990
1108 2784
0 1137
365 689
630 809
1031 3792
983 4130
263 1329
2468 2786
365 5023
2894 5033
797 3984
0 257
1327 5020
143 1325
143 1944
1356 2180
365 1137
93 2665
1321 1864
378 2742
1930 1941
344 1892
365 727
1408 1739
1108 2396
1872 3855
2222 2478
0 1093
914 3774
1137 2993
985 3703
1137 3410
241 271
990 5314
2223 3480
271 1154
1582 1587
271 1091
116 1343
271 3391
1137 3137
783 3708
2468 2714
0 5291
1932 1933
983 992
366 3978
1137 2872
145 912
1799 3001
271 1264
2052 2814
2286 2382
224 572
365 2518
1137 2888
138 868
3717 3942
572 2620
1243 5491
1490 3313
145 1137
4 224
1710 2145
1624 1656
365 576
1061 1137
1184 2260
402 1075
729 1034
0 564
1006 3993
314 2436
1602 3327
2022 4073
271 2360
681 2145
100 360
636 1277
1015 2658
1871 2622
1009 1015
272 914
2031 2687
1137 1474
271 3309
988 1921
365 3165
365 3496
115 365
334 611
1351 1792
2891 3660
1904 2891
365 1143
1343 2088
344 3719
805 1931
976 1357
1893 3948
348 1008
1137 5438
958 3858
1024 1959
1008 1010
743 1228
0 3152
1137 1177
142 143
271 1390
143 1137
2872 3451
271 3130
1108 2342
760 1659
747 3210
271 5261
636 1308
1090 5202
0 1011
625 1035
385 3985
1137 1409
670 1137
1352 1597
3560 5074
356 835
488 636
1591 1597
513 523
0 61
143 1050
365 523
1008 2737
312 313
1421 5037
365 2359
912 2343
1244 3389
68 143
365 1539
365 1136
143 988
271 1803
1013 2820
1589 1727
271 3986
1137 2938
1043 2775
2085 2268
365 5002
271 1470
2079 2474
397 523
312 1160
272 976
988 1137
1013 2741
366 4037
2297 3177
271 3582
726 1050
2709 2772
1979 2726
912 988
82 2864
636 2191
608 677
263 842
1881 2991
271 2899
0 3464
1137 5326
859 3683
2468 3947
656 2828
1229 2068
140 271
1904 2341
912 1055
0 52
995 3712
1352 4046
1656 1659
271 3008
833 1137
777 988
365 2365
2476 3437
1591 1678
1011 3779
507 808
743 5003
1591 1697
775 1698
808 2468
626 3735
44 143
1137 2931
857 3377
138 785
1942 2742
1635 1655
138 2125
271 672
378 2613
590 1485
0 2150
1137 5238
271 5042
365 1353
263 3613
358 783
265 2988
551 553
572 1893
575 2694
143 1901
366 4031
271 2327
2891 5317
1352 1942
154 1110
138 627
762 3214
3506 4945
271 2607
365 2446
1877 2468
236 1137
365 765
2771 3830
1927 2641
700 1925
46 271
572 2759
2302 2919
396 2307
563 565
1011 4136
747 1226
747 1553
271 568
74 145
1199 2425
783 2272
271 2174
940 953
957 1013
271 846
988 1942
271 2114
912 1553
747 788
523 1335
396 523
358 1740
402 1151
565 963
331 332
909 5077
143 3290
81 143
365 2966
1067 2129
1137 3035
271 5272
2774 2797
564 3523
143 912
365 1156
764 1619
271 2844
271 794
143 2337
365 3306
680 907
1137 2563
259 611
271 785
72 2492
2137 3138
998 3788
671 2622
783 912
0 2
271 314
271 1777
365 3137
365 1274
1268 2316
2891 3006
1356 3597
1950 1984
766 3209
565 887
271 4023
806 958
2043 2704
1530 3208
93 236
365 5020
402 817
2771 2774
1421 2537
785 1137
1921 3988
1958 1988
365 1260
365 1591
2468 2771
365 792
2114 2756
2891 5218
49 743
1043 2468
912 2274
564 747
138 2254
572 1915
2365 3427
572 1005
1909 1969
783 5550
758 1642
2254 2824
2218 5572
523 525
1942 2100
2468 2471
1942 2007
1477 3083
342 694
1012 2773
1136 1693
1268 1343
1008 1032
24 143
767 1625
988 3829
747 3130
747 1137
1335 3648
2302 3760
833 2109
410 2459
365 1108
1739 5433
2114 3771
0 2524
992 2774
365 2476
365 3063
2697 2748
1160 1527
2026 2616
396 1229
2494 5396
1438 3074
238 326
2737 3874
365 785
0 2123
271 2301
783 5338
1352 1777
564 2224
1108 2614
72 135
2474 3654
271 1528
2309 2891
273 3274
272 372
783 2464
271 5407
749 753
1982 2618
2510 2959
886 2632
988 1915
700 3840
611 679
783 1882
572 1352
379 4086
564 5597
1024 3707
1137 1683
1624 1639
0 143
1929 1935
138 2286
498 1227
365 2138
271 1556
1015 2065
0 25
1137 3128
3187 4537
314 5003
1040 2746
747 1358
1137 2429
1891 2668
2056 2468
564 4927
564 1268
271 5301
2046 2709
397 1315
1406 3427
747 1621
2063 3749
241 1137
1421 5371
747 1944
1745 4920
636 1838
651 1045
2689 2891
747 1644
912 1138
271 273
271 1211
365 3116
1475 1529
271 2456
572 2795
2719 3771
5375 5572
1137 3613
46 377
1343 2838
551 740
1352 2512
1591 3923
271 1320
2474 2548
365 3592
271 3593
1587 1591
783 3877
911 1137
1137 1893
564 2327
271 1591
1182 2382
0 3571
271 2345
636 1289
1871 3807
857 3207
761 770
672 2341
70 344
271 3155
700 973
3876 3913
2022 4017
730 5062
575 1984
811 2706
2384 2503
1005 2668
600 808
890 4065
2228 2229
1137 2510
145 960
257 603
975 3726
564 3476
591 618
271 2324
1335 2894
783 3389
523 1108
271 5159
1137 3564
2707 3821
81 1551
271 976
1011 2763
0 1079
271 1329
2384 2891
1035 2033
1802 2891
1908 3958
1745 2122
486 636
138 698
81 2306
912 1346
1137 2529
572 591
271 2845
271 2248
1160 2162
77 1928
636 1280
912 2254
302 354
410 3692
1100 2414
1137 1330
389 551
564 5502
2700 3963
138 2224
271 2425
93 2238
1893 2641
1137 2155
1137 2494
1211 1456
890 4072
507 874
1900 4068
145 374
116 2515
1130 1904
271 2099
591 942
365 2890
1632 1698
1137 2244
138 863
1137 1665
2078 3458
1335 1904
577 2828
365 868
1008 2632
3112 3513
1623 1655
271 4988
365 766
1137 3736
258 1158
1136 1364
342 523
271 659
1069 1108
271 1541
1152 4925
1976 2706
833 834
0 1165
2618 2619
263 271
271 2300
568 778
2779 3832
2778 4061
1118 1154
783 4969
257 1137
271 1268
2632 2634
271 2374
143 3517
1177 3323
138 1492
145 375
93 777
68 3093
747 1268
1137 1183
747 1619
678 1764
1057 1177
857 4555
2632 3943
271 2043
1137 2301
2891 3586
271 905
1177 1392
271 4960
365 1073
1137 2497
365 1991
1343 3509
2022 3960
1782 3673
1984 2468
291 1984
564 1792
1137 2382
271 5210
896 2012
913 1637
783 5285
844 1057
2751 2793
73 1268
271 1460
0 2094
747 1648
888 3868
608 1352
2676 3902
271 2131
1316 3117
236 365
1352 4040
1137 1622
1137 1324
1422 1764
365 564
1031 2665
591 783
636 1842
912 2123
2085 2559
138 523
2063 2468
2476 3559
120 5306
857 4556
378 988
988 2613
572 2114
365 2876
1574 1591
905 1137
138 833
356 1670
743 3389
551 648
272 3880
601 3889
1148 2085
785 5285
0 80
352 1792
271 3479
363 3301
2468 2629
2157 5507
747 988
1904 2114
365 1211
385 599
271 1469
1160 3485
998 2765
792 1612
1745 3610
2618 2706
783 1167
3187 3262
2135 2137
2298 3535
891 2743
238 1137
3707 4157
1108 1562
132 133
764 777
1893 2636
365 5359
1907 2468
1942 3760
1357 5488
1137 3391
783 1771
507 881
1137 1462
1137 3567
2621 2731
0 3618
1904 1964
1353 3675
564 5621
1530 3264
1074 2085
271 2752
223 303
700 2819
1944 3715
2384 5024
747 1343
81 3131
402 523
271 1999
143 2988
271 3158
138 1406
271 5112
868 1264
2200 3002
271 5337
568 1137
2125 2451
1043 1924
271 2397
1335 2874
114 808
138 224
229 636
2891 3623
1137 1745
1137 1455
313 314
1551 3053
1587 3238
81 5205
572 2717
1137 2272
1137 3627
1815 2088
1223 3186
2668 2680
988 4020
349 1035
409 537
1137 1393
271 3118
747 2316
271 2558
2125 5376
138 962
377 3850
1348 2823
1421 5069
1137 2468
572 618
758 1137
2828 5320
1980 3766
2453 5094
1137 3416
912 1904
365 1243
1991 3807
1975 2810
2145 2589
271 868
143 595
138 1008
915 2891
1357 3563
272 3793
873 874
783 3702
2637 4055
46 1008
1243 3982
957 3962
1137 1738
1352 2667
271 917
54 271
0 2283
769 1636
398 3592
143 2891
2694 4057
2474 3278
263 1328
2891 4946
1406 3844
783 1902
72 912
271 591
143 2306
749 756
1357 2017
1524 3852
271 4919
1137 2572
272 4095
2085 2665
2727 3948
747 3231
834 2686
764 3209
378 572
271 764
2007 2702
41 81
365 2227
365 5193
909 2292
1352 1584
2085 2306
1137 3409
3201 3330
1406 2892
1137 1480
350 3002
0 917
93 285
747 748
564 1944
19 610
1137 3668
1137 1553
365 590
700 1071
0 362
271 914
2709 4065
1897 4005
1006 2761
0 3665
1137 2264
1524 2811
2254 5302
0 5025
1586 1591
271 5142
271 1397
1908 1977
1352 3778
1137 1884
1137 1255
976 2697
990 1108
272 995
272 3796
2063 2663
271 2186
1782 2139
3849 4032
747 3220
906 1268
377 3860
1650 3218
30 143
2476 4951
365 1183
564 5489
1971 2667
143 1370
1137 5228
1585 3186
1900 4069
365 2220
1137 2662
636 1278
912 2079
783 2868
1871 1955
1018 3965
23 81
1067 2227
325 365
1801 2891
1035 1883
912 2836
1352 2033
2891 3663
2429 3460
271 5541
325 1053
1406 2573
1136 1612
271 1272
146 2988
1659 3214
864 3764
1035 1960
2891 5439
271 4926
1008 4168
3832 4026
138 697
1991 2468
1137 1877
783 4012
272 1908
331 344
3802 4012
271 3568
2473 5177
783 2700
1904 3792
1352 2722
271 3147
143 1268
99 1316
263 3585
271 2304
2468 3792
1025 1029
11 257
747 763
529 1356
1903 2793
1137 1530
365 2854
518 3727
1092 1438
0 5162
104 1667
409 907
2084 3593
2160 2506
1972 2019
2706 3074
365 3684
747 1570
2080 2468
572 1033
0 1095
81 2143
0 2545
272 2678
365 2172
1137 2579
2709 3792
331 2468
272 2012
1010 1889
1897 2753
1998 3718
1006 2012
783 5421
93 2286
271 3074
813 1137
68 2085
912 2302
3720 3765
0 3179
2063 2721
1467 1808
271 1064
2637 3904
2679 3751
747 767
120 1108
2618 2803
896 2690
912 2125
572 621
2114 3187
1043 1956
271 1961
608 2812
138 143
1688 3374
1137 1782
572 1024
271 1811
27 1325
365 2165
356 1674
743 3433
622 3973
2173 2365
1591 3196
1901 4164
957 3967
1357 2512
2679 3881
1335 3025
2891 5239
272 4059
1137 3011
264 285
912 5168
3900 5177
1421 5387
2474 4895
523 542
1320 1323
2161 3127
365 1763
271 833
1011 2680
365 764
700 3745
370 1137
1499 2422
1390 2563
59 564
2468 2751
1871 2693
138 707
145 1904
81 5065
1591 3268
611 2713
93 146
272 3871
608 2068
271 3422
1352 1356
2636 3819
769 1640
54 2336
1690 1695
356 1733
271 680
564 5542
272 975
273 1597
365 3627
610 2299
2891 5555
271 5050
1177 1591
365 1721
46 572
1114 2254
1901 4077
365 1155
805 998
1008 1352
93 1226
2379 2915
271 5411
989 2699
272 1921
2007 3891
212 636
887 1984
1406 3696
1942 2013
1370 2474
72 145
3409 3517
1008 1011
271 1346
1067 1388
381 1060
903 1922
1137 5039
659 5160
2343 3278
3034 4934
783 3672
0 5263
365 1114
1524 3743
1008 2012
783 5259
680 3688
1041 2010
636 1276
1348 2420
564 1343
93 1339
272 625
2772 2810
1054 2082
271 2872
271 2130
366 1137
764 3192
143 783
523 2614
743 2169
857 1082
2205 2988
572 1908
1971 2636
988 1998
833 2108
40 2337
2125 5144
2012 3720
523 524
1137 2449
1969 3753
1406 3707
1137 1544
24 116
1108 1904
0 26
271 3038
271 2233
1587 1723
2709 3715
0 3385
1900 1951
783 1405
700 3923
71 81
271 964
523 1541
30 358
143 591
1268 2254
402 2593
271 3500
2049 2709
1137 2216
321 323
2783 2786
1348 2419
0 3158
1406 2979
680 747
958 2014
238 327
868 1904
795 1072
271 3755
1490 1670
1048 3725
783 3911
228 2330
135 1137
356 3285
636 3898
1211 1869
1886 1959
2114 3108
1406 5165
3863 4132
271 2998
1524 3820
273 3273
912 2468
1100 2125
1163 3301
1994 2778
2088 2298
749 752
1237 2468
271 1213
2809 3982
290 1137
1536 2559
1035 1909
2085 4982
119 358
1356 2780
2618 3820
365 1100
365 1431
680 1236
1357 1421
93 680
271 2132
365 5242
1896 2795
272 2816
564 935
87 2085
271 5185
263 5020
1122 5261
1137 1206
1010 1980
20 584
2022 3884
0 2115
1745 5339
890 2056
1235 1675
365 1165
858 3832
912 3435
783 1197
2704 3736
1462 2125
696 999
749 1137
2512 2537
947 1108
1036 2668
2412 3074
995 1035
2104 5241
636 1839
337 611
764 769
523 1883
523 2286
988 2709
2137 2242
747 1492
784 1523
0 232
271 272
271 1743
700 3864
1358 2347
271 2459
365 2903
1352 1357
1137 1688
46 382
755 771
138 1954
365 1093
271 970
344 345
77 1085
1137 2332
783 3876
271 2889
378 4077
401 511
1908 2033
2810 3565
912 1544
1008 1872
826 827
572 3883
636 1290
1137 3040
2709 3959
1099 3196
618 620
81 5375
1653 1694
894 1009
0 1316
365 584
365 915
295 636
271 2419
1903 1904
271 4111
912 2151
2988 3692
912 1130
0 596
143 1108
2224 2302
143 2302
271 2528
2088 2915
365 2896
1137 2751
2074 2780
2004 2623
609 2468
2795 3829
383 1172
572 1914
224 2659
551 1981
1536 2173
700 3974
1901 4157
2125 3126
1587 1599
523 785
1137 3814
2033 3753
356 3187
3277 3278
343 523
271 3129
238 321
0 5475
1274 1343
272 2774
2286 4890
1356 3729
2468 3926
783 3922
1970 2648
680 5265
271 1108
747 1325
549 551
271 1708
272 3889
365 908
271 2424
365 2413
1893 2640
72 3630
1137 2154
1741 2745
1137 2088
365 1099
747 1629
1137 1410
271 1757
143 1544
3736 3823
385 572
2795 3983
1035 1944
1343 3144
271 5167
1352 3769
1136 1222
94 257
365 1079
365 1410
398 2085
1137 2266
1137 1397
988 1894
378 2005
1421 7653
1356 2648
414 2891
1137 1369
365 2339
271 1540
1544 2333
1011 3818
271 2256
271 3727
912 2988
2676 3821
1137 2341
378 4164
1562 2036
1137 3081
749 910
890 2794
1011 3739
271 2954
314 1160
1173 2384
529 2468
1239 2828
1995 2991
747 1618
683 1767
1472 2237
2510 3165
143 1553
680 2585
611 783
385 1016
116 564
1137 2300
762 1626
523 1544
564 1553
365 5027
29 2988
272 572
1585 1698
700 3971
1904 3720
356 3204
868 2827
572 2656
523 783
2468 2655
3832 3840
2631 2632
3802 4021
913 1636
3877 4021
912 1201
271 667
1343 3517
888 2781
1335 3646
0 2095
365 2254
1101 3608
271 5109
2819 3764
1945 2777
2400 5543
233 343
3736 3939
608 869
0 906
271 1714
572 896
93 2610
1745 5268
81 110
3822 3977
2638 3952
1048 2697
1683 2706
525 2495
797 3858
1043 2022
3273 3330
93 788
2253 2863
1179 2085
385 1009
271 2323
271 3425
400 523
1011 3856
895 2742
271 5181
365 5042
314 2169
325 539
3880 4006
751 910
315 1110
271 2225
700 2738
1108 1591
761 1107
1116 1137
1113 1137
272 1894
69 81
912 1763
912 1192
1423 5002
365 411
271 1468
5013 5094
912 2100
1942 2059
747 3727
1236 3408
1688 1717
813 1908
3271 3273
1035 3719
2254 3498
2654 4175
271 2391
365 2392
1893 2635
2679 2775
1745 5518
1005 2639
783 1343
2098 3546
271 2485
271 381
356 3188
783 5202
700 1022
957 1902
1522 3059
564 1433
1137 2286
2637 4021
365 1688
1137 1267
365 1058
260 1600
365 846
868 1137
271 2238
365 2095
271 3104
271 3487
138 1081
378 2722
379 1137
1537 2536
2114 2694
913 1622
2437 5205
1108 2376
40 1137
272 1038
382 1913
1904 1975
3853 3872
271 3153
764 1701
834 1008
2709 2810
834 2716
365 3644
2137 2239
3733 3969
145 523
398 1479
1928 1930
271 3041
0 2577
365 2385
495 1126
0 1904
1343 2114
523 1051
1871 2770
2676 3778
859 2532
68 1343
378 1990
271 911
700 1043
952 1108
769 1634
1357 5000
3006 3557
2031 2617
257 523
1137 1268
934 1406
572 2005
890 4168
236 1343
332 625
572 3950
365 2088
2114 4925
2791 2801
1959 4029
3794 3980
1352 2297
3857 4066
236 564
271 1560
1406 4960
0 1743
271 2356
1137 3886
680 3083
572 3728
1921 1998
1942 3792
1942 2053
1137 1656
1901 4007
271 2810
1524 3805
190 636
1006 2070
1160 2533
1905 1988
1944 4084
2468 2717
599 1011
694 2713
749 1570
1352 2668
0 1139
365 2219
271 2506
1070 1318
271 3452
271 2468
583 2238
272 1966
410 523
365 2119
1137 1882
912 2233
272 1971
2510 2935
271 2769
1357 3863
378 3866
1352 3521
764 3210
1137 1406
365 1776
913 2545
2662 2706
1043 2009
1192 3143
564 1544
1325 1343
271 2085
407 3154
0 1499
1643 3217
1137 5001
2731 2750
365 2371
743 827
271 3137
1356 2700
271 5471
564 2474
551 734
1881 2019
564 5257
238 365
271 1266
271 2729
2891 5540
408 523
1108 1764
1939 1940
835 1723
1356 2216
783 3020
0 1777
271 599
914 3851
680 2240
271 1051
896 4135
1044 2734
747 3223
1073 1137
138 2988
1137 1452
564 2248
1137 2648
957 2703
2022 4079
1137 1463
572 3795
2254 2422
976 1137
993 1048
2468 3943
659 1137
1137 3401
987 1902
1024 3860
2029 4046
768 910
271 3113
491 636
2125 2220
988 3860
120 783
1629 1635
2614 3713
1137 1787
365 1141
2510 3030
1587 3208
1137 3618
608 2048
1875 1904
356 1669
2384 5118
1172 3583
248 636
133 2516
622 4104
272 2703
272 1909
331 347
1010 1888
1137 5242
271 3571
1980 4039
365 1355
1022 2791
85 365
1421 2262
2561 5443
3273 3278
1358 1904
143 2516
271 2307
1137 5323
46 1223
1782 3576
1135 2474
138 591
636 1837
747 762
1137 1635
14 271
1137 1529
406 3613
224 2756
271 1764
761 1662
1008 2739
366 3874
271 2480
3872 5177
365 3853
1137 2098
1137 3653
345 2672
785 2875
1648 1650
3935 3986
2811 3966
271 564
1137 1159
1582 1601
0 3010
1137 2089
1913 1919
917 5002
783 2663
890 1137
1421 2174
572 2618
608 2007
1137 4946
271 3670
271 3085
271 3576
896 3706
910 2085
1438 1486
564 1397
906 2125
1357 3475
599 1406
572 1896
271 1067
271 1510
271 1741
1874 2771
2474 2836
332 1035
1762 3074
271 4132
271 5025
749 1653
1904 2343
379 923
564 2125
890 1958
271 1112
638 5013
271 3010
379 4181
753 3210
581 1108
365 5109
1137 2392
1901 3793
857 1669
271 2692
1871 2664
93 2468
131 1137
1137 5422
365 5461
1043 2782
1044 3792
365 1024
138 680
523 2474
747 785
910 1663
647 739
271 1406
1140 3041
1942 2974
1192 1568
2436 5562
138 572
1756 2254
762 1732
551 555
1031 1942
145 302
38 143
271 2906
813 1035
891 1985
2085 2341
138 625
1268 3690
2137 3634
2510 5348
271 3837
2786 3842
399 1313
957 1981
271 2438
2836 2940
579 3689
696 1016
228 2516
365 5185
784 1106
271 5029
93 145
271 1238
1710 3242
271 2168
1137 1242
2712 3985
2468 3186
1137 3083
1139 1764
2646 3792
604 1172
271 1791
985 3759
2022 3896
783 2321
143 2665
365 2302
909 2239
1137 2318
232 271
912 2474
81 5266
659 1119
271 689
272 331
271 1081
833 2106
271 2979
271 2334
2254 2386
989 2698
575 2038
1008 2821
302 1942
356 3255
977 4131
271 275
2938 5508
116 3144
1236 2085
271 1779
271 3024
1090 1137
747 2224
1137 2085
139 625
365 1113
143 821
1137 5000
272 3970
0 3441
651 671
365 3068
797 1997
1335 3578
680 1318
1993 2706
365 2370
81 357
288 744
572 1926
272 967
3845 4099
0 5241
138 912
783 1118
1562 1942
2078 2903
698 962
572 1909
576 1768
783 5252
0 2277
271 2407
1782 3549
272 3732
138 1335
1137 2125
1320 2160
1901 2709
2047 2652
0 27
273 1702
988 1918
143 1115
572 3709
1524 3905
2100 2474
271 2927
1208 2474
365 1825
2012 2351
1172 2510
0 138
1110 3485
769 3211
3427 5060
143 1358
62 365
1137 2223
747 772
1137 2012
1406 2478
271 1526
572 3772
271 2276
921 1050
2675 3970
2784 3792
2668 3818
1900 3997
378 1942
376 3820
912 1262
365 1396
236 636
1036 2678
271 1530
271 2993
271 2412
365 2177
2468 3836
1668 3187
93 1137
636 1281
1024 4046
1137 1536
749 751
912 1149
271 1410
257 591
1609 1693
979 1904
2071 3765
1914 2795
1137 5497
1137 2700
1137 2263
1137 4013
764 1664
271 783
1353 2841
143 145
1240 3593
890 4120
2510 3569
271 1325
2928 4970
365 2136
1137 2845
377 3929
564 3627
138 700
365 680
1108 2343
272 608
2114 2339
143 1383
272 1871
1506 3170
271 2244
271 3763
636 1292
135 1129
1024 3926
138 2302
564 2233
143 610
0 1881
143 1024
271 2421
273 3265
2745 4032
747 1051
2114 4921
1137 1431
2657 3926
271 1742
278 1038
783 5232
271 2095
354 1137
0 904
2129 3129
365 5281
356 1735
1352 3319
1133 2478
2005 2696
783 5337
787 1115
1031 3908
973 1137
539 1137
138 1051
1406 1424
747 3278
271 5193
730 944
344 4038
1406 3750
1524 2043
143 1201
271 2266
827 830
272 4159
156 1040
783 3924
857 3205
618 621
700 4128
2079 2224
1137 1343
574 2891
271 1702
271 1480
1137 5113
62 1137
365 1218
1352 1979
1942 3754
271 5487
639 810
1352 3876
1136 1137
145 371
2114 3603
697 1137
365 728
271 2100
811 1356
764 1641
372 702
143 271
1646 1659
399 1203
401 2864
365 1368
1942 1969
365 3040
783 2203
1874 2774
651 782
1137 1191
743 4908
365 1561
1971 2618
143 1397
833 1745
322 325
1006 3814
1108 2013
636 1282
271 5094
1113 2891
783 2759
597 2384
0 2456
106 1792
1536 2117
93 1469
2114 2468
93 912
1137 5106
271 2427
81 936
81 115
119 912
0 4954
228 307
1048 2748
227 1984
1421 2468
764 2812
747 1628
289 401
2757 3832
271 1756
143 1547
1524 3757
1635 3210
834 1942
2392 2413
271 5166
2778 3769
143 236
2709 4014
890 4149
1177 1534
60 1211
572 3915
1252 5002
241 2602
263 1382
1406 1410
409 1318
138 812
773 3210
405 509
1536 5361
747 1335
1137 1368
271 1543
1771 2478
1959 1983
0 85
365 1051
365 2125
912 952
912 1541
912 1226
0 79
1137 2453
365 2307
629 3873
1137 5575
132 145
238 2957
891 1357
636 1845
71 271
271 1077
335 611
2064 2777
145 365
680 1904
700 3878
271 2545
48 1330
271 3607
912 2891
523 689
1008 3791
1394 2137
844 1698
1019 2991
539 3001
1923 4051
1872 3723
2740 3765
783 5372
591 747
572 2100
1137 2873
1811 1942
1137 2861
138 1541
1904 2125
564 2286
365 1216
623 625
1235 3304
608 1942
272 1963
1122 5166
271 2264
271 2274
636 1296
912 2665
407 523
1904 3517
3187 3259
0 70
143 1085
1137 1769
971 3832
409 1070
1137 2478
271 958
912 1419
1043 2025
2638 4159
0 1135
564 2298
385 1008
988 2816
2711 4040
762 764
2709 3752
0 5388
271 5180
1942 2692
1008 4112
402 3073
143 868
1553 2374
314 3437
271 2224
1353 1382
0 2324
385 1010
492 636
1458 1492
379 571
2668 2715
912 1764
365 1209
1825 2478
271 2922
365 2577
93 5239
1137 2518
1942 2056
1063 1137
752 910
783 933
315 3683
257 564
1011 3893
93 3494
988 2756
572 987
2506 3537
1137 2471
1782 5275
1356 2554
3563 4931
2007 3945
272 865
1008 1942
271 1254
3041 5188
382 3845
572 2688
5301 5306
762 1645
1137 3470
365 5344
15 1050
1137 2185
0 1359
272 1008
957 3852
2114 2588
143 2114
272 2724
271 3700
659 2907
1352 1946
357 358
1235 3250
729 1984
272 1945
81 635
271 5388
1044 1942
680 1067
1212 2396
365 2384
365 2114
1499 3498
1959 3813
783 2602
4040 4146
1704 3239
1137 1453
236 279
143 833
2903 5208
241 936
832 1948
1160 2382
147 610
3720 3814
271 5122
783 3065
2668 2701
1137 1259
271 576
314 2441
2630 3792
271 825
93 382
591 710
143 3943
2382 5059
957 3803
93 5085
909 912
365 1782
2343 3702
914 1942
1693 3250
909 2297
3082 3149
263 365
3014 5065
1441 2468
834 4087
3273 4573
0 912
1137 5460
942 1137
1268 2341
783 2356
1909 3724
1137 3665
1883 1942
376 1357
564 1437
378 1998
764 1642
271 919
3273 3380
769 1658
314 5562
1764 1904
1887 2618
1904 2012
1356 2789
1137 1148
1438 1745
783 1469
1137 1881
1137 1260
271 5116
513 5350
6 1551
93 3845
244 365
2709 3892
2088 2157
392 551
1356 3074
783 2282
572 611
680 2836
143 3004
0 3494
1212 3634
610 2249
523 1358
1872 2676
1900 2634
518 2307
2384 2904
0 34
271 2619
1008 2891
21 783
2346 2891
1044 3892
1667 1727
783 2100
3832 3835
611 4129
797 4085
1000 2815
365 1147
272 385
1527 2382
1137 2947
1035 2821
271 2151
1343 2515
0 3593
564 868
17 2193
1921 4020
1352 3780
895 988
302 2635
1235 2226
0 1274
2516 5443
271 1474
271 3134
1872 1942
1635 3220
365 1356
1998 2637
34 143
1421 3687
1421 3122
888 4066
365 1768
1137 5357
680 1137
271 2309
2254 2423
1406 1709
1067 2250
1137 2546
857 3325
271 2535
285 423
673 909
1704 3235
2612 3765
1382 2145
271 1109
236 2201
912 1051
271 2474
764 774
2145 3186
0 2585
622 4001
365 1319
523 1492
912 2114
145 7645
1591 1593
365 1140
4934 5070
93 143
1163 1346
885 2744
1177 1569
1980 3921
1137 3116
1745 2748
2809 4146
143 223
1530 3324
271 2854
407 1058
36 2988
365 795
1312 3593
1137 4040
1704 4557
743 3683
154 2516
1235 1616
726 1137
2392 5116
0 5133
1010 3819
2516 3645
365 2927
1352 2611
120 4952
1536 2986
271 2083
1137 5050
365 2356
61 271
271 2321
