7716 7428
783 1750
572 1035
0 2547
783 2219
1137 3491
272 979
271 2863
683 1767
526 543
1268 5142
600 974
572 1897
314 3145
2891 5395
271 2908
381 1406
783 1882
1932 1934
3034 3107
888 2616
882 883
365 4992
1348 2304
951 1137
365 5605
143 2341
271 2320
2468 4107
1670 3187
279 1829
1043 1968
169 279
1137 5461
288 611
365 1119
1371 3253
356 4602
272 1883
1011 1878
279 428
2037 4046
594 2125
81 357
358 5163
610 2152
1137 1557
3565 4092
379 1137
564 5769
143 1138
271 1193
272 3885
356 4542
271 5021
487 636
857 3201
257 2197
272 4043
358 2951
2085 2373
3948 4160
1671 1689
271 1532
2108 5709
279 464
2317 2506
2089 3631
2750 4083
1137 2843
1356 3996
747 775
2125 3407
566 2891
135 2384
0 937
54 2336
993 1524
138 1343
365 4930
2676 4092
572 1011
3792 3891
2392 3040
0 759
1067 2311
2125 4899
271 5187
2200 3002
1137 2223
3182 4568
143 2440
271 2247
1906 2805
0 3130
1263 1580
1 1100
271 2420
1137 5344
1942 3728
271 5473
747 1633
143 914
680 3418
1137 3602
271 5526
2468 3074
1002 1984
0 1186
77 1932
279 432
1956 2022
279 2204
365 1381
145 564
608 1904
1624 1698
72 143
271 1165
1160 2476
912 3517
271 614
755 771
1352 1353
11 109
1900 3777
891 5499
365 1560
271 1443
120 2125
0 1693
1406 1772
1872 3728
1137 1230
2468 4040
801 1871
1235 3298
1335 3003
1137 2960
783 2320
1137 1320
53 271
40 610
143 2254
0 2888
365 5047
271 3511
272 1352
365 2107
365 5404
1137 2371
143 5224
2078 3556
1268 1273
1108 2028
1137 2524
93 4958
241 1343
1130 2607
271 2376
365 2397
1942 3772
271 5445
238 1244
116 2092
2088 5762
1137 5405
990 5314
1872 2683
3129 3565
402 1075
1335 1338
912 3052
271 4943
1904 3760
365 1208
1268 1343
271 5116
564 1130
365 1353
1745 5681
2286 5686
0 3137
783 3693
1745 3526
1137 1757
1978 2045
769 1647
1137 1710
2852 5376
331 1035
271 3106
365 3011
820 2965
271 747
365 1788
2637 4055
143 1352
2891 5167
1871 3717
747 1618
1524 1764
0 85
293 1008
2618 4224
1343 1904
1809 2392
271 905
783 5285
1881 1942
680 2458
138 2474
572 2007
271 5831
3187 3296
272 1031
271 2939
1137 3004
1137 1492
143 2237
271 3048
2692 4291
584 5756
523 591
1406 2412
1137 1227
2400 2420
912 5662
46 1607
271 5130
2933 5400
1591 1604
81 5065
143 564
271 1635
1137 2552
271 3613
356 857
1130 1343
1000 1048
2728 4023
271 1793
955 3792
1183 1268
1011 1917
1137 5514
279 395
2166 3613
0 3518
339 341
988 4059
572 957
1137 4992
116 712
1356 4198
834 3724
365 3306
272 3921
143 1343
2709 4201
271 3078
272 4064
2891 5323
2481 2891
747 764
2736 2795
1244 5536
372 591
1137 3537
1008 4162
912 1397
1899 4046
1011 2701
2891 4946
143 3727
1137 1383
2700 3975
271 2911
1346 1793
1137 2136
344 2061
138 628
523 2254
1137 2089
2100 2474
86 241
521 3754
271 2173
1078 2238
1130 1137
365 5604
271 5279
1234 1235
271 1607
1032 2769
271 2323
1352 1946
271 5388
143 953
271 1780
271 2432
1379 2891
1137 5460
564 1437
1872 2784
924 2478
754 1087
680 934
1050 2828
0 362
747 1698
365 795
1137 4930
279 431
145 591
93 2397
2474 5168
1904 2391
72 148
689 5142
1137 5036
777 1343
365 2921
1739 2151
564 5689
1577 2468
271 1241
0 4999
1101 2427
1137 3074
1343 2306
271 1358
271 3098
238 306
372 572
1370 1579
1764 2919
271 3497
1137 2842
912 941
730 940
747 774
1137 1202
783 5086
657 2891
839 1683
909 1212
785 5476
680 1116
1909 2545
385 864
572 4165
857 3325
289 396
1130 3463
2254 3608
764 1621
1904 1942
263 912
1064 1137
564 2255
2468 4938
909 2135
2125 4898
541 2163
2125 5063
365 2279
2468 4313
271 5363
1008 2821
271 2423
1137 5351
1745 3101
1137 2432
1872 2621
747 1632
747 1777
365 1090
1137 2556
5 1137
271 3605
151 279
622 3782
2063 2663
2392 5580
2928 5106
77 1931
783 3483
271 3102
365 912
0 4933
2022 3827
2639 2678
356 1736
1137 1665
1635 5321
271 2472
871 872
365 2365
912 1777
4313 4317
2085 5483
410 1162
4123 4140
1975 2709
365 1704
2059 2709
595 907
271 2455
783 2981
1745 5153
2637 4112
683 1536
271 5757
1239 1551
1137 1229
143 238
783 5478
1335 3002
580 834
783 2323
1777 3982
363 582
15 81
1160 3426
988 2699
1192 1407
747 1024
507 871
0 2889
1008 4168
1624 3345
365 2106
2697 2748
271 5286
2078 5273
271 2266
983 2771
271 5335
1352 2795
608 1031
271 2552
365 2541
783 3406
365 1207
793 2078
1235 1713
271 5119
2125 5275
365 1352
2876 3001
369 1137
365 1497
572 777
1022 3857
272 1966
1137 1709
60 2988
385 1942
2379 4990
2721 5499
272 700
0 1739
2382 3119
271 3154
1130 2224
507 2050
145 1107
957 1352
138 236
2733 3977
260 1695
271 3440
1137 3461
1137 1257
1900 4187
1695 2468
1357 2020
1137 1319
2679 3751
1887 2636
3218 5257
1137 2995
2159 2903
2033 4060
1061 1137
1903 2793
680 3018
1008 2689
1097 1137
2286 2382
3202 3217
1357 2135
271 1104
365 2078
1137 5197
365 5631
764 2468
608 1972
1010 1019
271 2366
365 2223
1137 5342
2392 3491
3207 3285
271 2479
1108 1904
2276 2468
93 138
1587 1730
783 3389
271 1969
912 4934
764 3228
1343 1346
783 3539
174 279
1689 1692
314 2382
1137 4999
1335 5462
3207 3288
372 3708
79 271
834 1040
895 1917
0 276
271 1397
271 3073
1577 1725
378 3883
1406 2835
1137 2579
747 767
572 3924
3041 4967
271 1004
1343 1764
1137 2941
2709 3804
379 3929
2778 4190
795 2891
271 2857
591 676
1980 4199
1136 3303
1137 1382
572 1899
2769 3806
523 541
138 629
1900 2737
0 2178
1949 2022
1137 2088
365 5101
2125 3100
0 2976
903 960
988 4208
1683 2468
3934 4022
845 1137
143 2343
2177 5660
365 5193
271 5391
1137 5451
636 661
348 813
2415 2478
622 4104
747 1701
81 120
272 1885
101 564
2085 2418
764 4974
1893 2623
1101 3608
3513 5799
572 834
2880 3152
1872 4089
881 882
365 3065
564 833
896 2023
996 2021
1137 2468
1993 2706
365 2954
890 3611
2811 3966
200 279
365 3567
1137 3427
1008 4112
1137 3580
1041 4029
1137 1201
572 1944
998 4179
919 1137
2786 3832
783 2479
1724 3187
1048 2004
1486 3074
271 2083
2618 3941
1137 2260
0 2845
19 2091
271 5197
1243 2136
680 726
888 2757
912 2261
138 2614
365 587
2084 5002
271 2422
28 2121
747 1635
271 1739
271 2535
1137 3600
1652 3217
2512 5095
0 1077
769 3226
890 2056
3076 4597
1137 4973
77 1930
271 5018
365 1379
2772 3903
2104 5124
0 4934
564 3411
1137 1591
271 2833
224 988
0 3094
365 2892
797 903
890 3933
2382 3489
870 871
706 988
2022 4050
2125 2861
4123 4143
2085 2407
365 2567
2085 2504
1908 4038
2903 3059
1137 1139
272 895
0 2318
365 3684
2891 5475
1160 3077
1008 3948
2145 3362
1059 2125
138 2055
1010 1957
1161 3005
138 1358
680 5053
747 1138
93 1904
700 984
819 5065
912 5797
358 1184
1352 3007
1240 2392
2286 5423
1602 3183
1944 2666
762 3224
271 2228
1782 3436
1137 2369
272 2048
1137 5169
365 5547
1137 2514
2679 4307
271 5334
365 5692
1137 2467
271 5447
1011 4214
1406 3166
0 1122
857 4567
2891 3464
271 3688
1011 1891
48 1330
2022 4122
1810 2891
365 1206
272 1957
1235 1712
1137 3166
31 145
1137 1602
271 1138
0 3139
272 3800
564 1051
2088 2884
1632 3227
769 3224
761 3231
1079 4936
730 2914
1572 1591
2022 3951
2063 3938
3241 3330
755 910
93 523
1137 2678
1022 4080
564 680
2180 5365
912 5715
271 794
271 2614
271 5667
2632 2634
1406 1432
1900 4037
700 1071
1942 2709
564 5542
0 2457
1137 1401
833 2112
1137 5777
1137 2994
3849 4032
1035 3753
1764 3565
271 5027
263 842
72 1137
629 4019
263 1327
3872 5177
1353 3203
747 1404
564 2398
0 689
1591 1606
271 1422
3728 4004
747 2114
1137 2558
638 1137
1320 5158
271 2478
1035 1881
2157 2517
764 1235
271 5467
44 595
2114 2235
365 1178
272 1921
271 3837
857 3266
143 1051
271 1110
1137 4998
90 1137
1137 2597
1702 1707
1386 1587
1137 1791
1591 3316
272 507
409 523
3340 3344
2088 2255
1890 2618
651 961
271 2586
747 766
1343 2254
272 808
783 5130
564 1433
365 1792
983 3839
271 3415
271 5812
808 884
0 849
3187 4537
271 2856
572 4300
2457 2891
238 2468
747 3350
138 626
785 5197
271 3022
365 5312
271 4919
912 1325
1008 2621
1896 2804
1137 2232
271 2284
2107 5262
271 5273
271 2333
1670 1690
680 793
271 1782
143 2391
2474 2730
271 5567
365 1116
0 3454
3210 3229
2637 3904
3385 3517
2737 3882
1137 4928
741 914
1137 5556
783 3457
2927 3595
272 1872
365 1406
271 2872
1101 3607
5142 5206
2252 2392
584 2141
271 1243
1392 1591
406 2872
868 2163
2636 2643
1702 4557
272 2647
583 5721
271 3499
1137 2840
271 5768
2891 5540
1406 3604
133 2516
1942 4168
523 568
383 2510
912 1137
638 5013
365 5284
1421 5704
271 2131
1268 3727
271 5196
1908 2039
308 2516
263 1412
410 1864
2392 3565
1137 2052
365 586
572 3736
1137 5349
801 2966
412 1984
1584 1591
888 2468
996 1047
542 1203
783 2963
1011 4106
145 271
2679 3984
271 3607
1137 5575
1688 3280
3513 3596
747 1664
1024 4261
3041 3047
279 461
377 4055
572 1008
365 910
1137 5117
584 5067
564 1024
2810 4286
2405 3542
1213 2117
365 2891
523 1553
159 169
271 1343
1043 4302
344 4238
223 1046
762 1732
1137 3116
1268 2970
833 835
687 3648
1760 4934
271 1501
575 2039
564 2960
1137 1138
1013 2043
271 5759
572 1998
273 1370
0 3036
271 3471
680 4911
271 2912
764 1685
379 1989
1137 1325
143 2433
1035 3724
912 2437
572 4203
314 4951
358 1185
62 3682
271 362
642 1130
0 2891
1659 3345
365 5044
2468 4968
2392 3418
271 1544
1130 2809
629 3824
0 2665
1024 1352
1871 2650
81 2306
683 5361
2392 4913
0 2584
1212 3177
271 5332
2891 3386
2125 2474
523 1137
365 1060
145 747
271 3691
625 4067
271 1541
3611 3615
1674 1727
749 1663
400 5374
2709 2812
835 1594
2606 4919
890 3855
347 1908
0 1967
1571 1591
2392 3619
1137 1699
2125 2943
365 3008
990 1268
2478 5433
2709 4291
270 564
271 2609
365 3510
575 2027
271 5666
2632 2635
912 1533
2392 5636
630 809
1137 2903
271 5715
1137 3515
143 1944
783 5335
365 1137
498 783
271 3555
2222 2478
1137 2993
1582 1587
116 1268
382 4299
0 5291
279 280
2891 3179
1490 3313
271 5807
365 5629
1704 3195
564 2254
271 2360
1137 5340
1707 3196
1871 2622
988 1921
334 611
401 4944
365 5663
1137 3662
365 1143
912 4905
271 2526
348 1008
1137 5438
1082 3240
1177 3324
271 5036
2022 4103
2668 2811
1090 5202
385 3985
747 2433
859 2891
488 636
629 2669
143 1050
1137 4997
683 1137
68 143
2437 5522
1591 3319
1160 1247
271 3986
2085 2268
271 1399
365 3448
271 3075
2709 2772
271 712
1137 2433
859 3683
233 2631
0 52
271 2896
1656 1659
777 988
148 1551
775 1698
365 3627
1137 2931
138 785
1942 2742
138 2125
1755 4934
995 1035
0 2150
1544 1904
572 1893
575 2694
143 1901
2384 3146
747 3337
138 627
271 783
2088 5030
523 2286
131 279
271 2174
636 1860
331 332
81 1137
0 2341
1137 2312
271 5272
1421 2925
143 2337
1406 2580
2137 3138
747 1657
2997 5560
271 1777
2254 2303
3795 3824
3876 5499
1335 5253
3210 3226
1352 1357
1921 3988
2392 5619
365 792
1044 4245
1137 5547
271 4992
236 523
572 1005
1019 4255
2254 2824
1942 2100
988 3829
344 4067
0 1536
1051 2132
2512 2925
138 1137
1137 3079
396 1229
2494 5396
1438 3074
238 326
2384 3675
1035 2061
271 1528
1008 4227
764 777
1137 3425
1982 2618
886 2632
1212 2893
379 4086
1901 4166
0 143
1908 2033
312 2533
271 3498
321 325
0 2114
3736 4197
271 3004
813 1137
2689 2891
912 1138
271 273
1352 1356
1942 4059
271 2130
2474 3034
564 2327
271 1591
1163 3301
271 2243
271 2345
551 558
2474 2871
747 1492
271 3155
3876 3913
271 2416
279 1861
2012 2621
271 1749
81 1407
523 1108
797 4293
0 1079
263 4905
271 3606
1035 2033
625 4038
2638 3952
271 1481
1543 5637
1160 2162
77 1928
279 460
1893 2641
890 4072
365 3102
383 2389
365 2890
1044 2734
1610 1704
356 3367
365 3035
271 659
833 834
743 1228
1370 1691
271 1500
54 3012
575 2038
143 3517
1388 3895
1343 4949
2891 3586
1137 3486
1210 1422
2409 5662
1406 3750
913 1637
1137 1363
1777 5478
2058 2468
73 1268
0 2094
888 3868
2676 3902
2468 3931
1316 3117
2104 3118
1137 1324
271 1822
1137 2149
138 523
0 568
988 2613
1574 1591
271 5170
1702 3372
785 5285
551 1981
769 3209
368 2012
271 5328
2022 2625
302 2635
238 1137
1587 1599
0 2585
1163 1346
1942 3760
1357 5488
271 5441
271 1999
1137 3814
913 3221
1011 4246
1274 2540
143 2988
1235 1714
271 5112
568 1137
672 2392
2005 3811
1790 2379
30 2085
2468 3849
1137 1745
313 314
455 2988
834 1035
988 4020
365 5234
2044 4324
572 618
758 1137
1137 3416
896 1872
1991 3807
1975 2810
271 868
271 2608
271 917
54 271
2512 3554
260 1690
3708 5499
272 1004
1357 2017
783 5334
747 3231
834 2686
365 908
271 2887
272 4110
3201 3330
1137 1480
0 917
700 1022
1335 3025
1591 1698
785 5219
224 3870
783 5733
1524 2811
2254 5302
271 5142
1908 1977
2012 4220
271 2186
1137 2403
271 5255
377 2613
2476 4951
3717 4221
1095 5065
1137 1410
365 2220
912 2079
783 2868
514 523
1801 2891
1397 3562
1035 1883
747 2261
1352 2033
1137 3661
271 5541
1136 1612
271 2521
1035 1960
857 3366
271 5578
1553 2254
2125 5419
143 1268
572 970
2891 3155
783 3548
1010 4102
518 3727
2085 5245
409 907
1343 2437
365 1466
81 2143
356 1667
1268 2988
271 3074
2463 2891
2114 3187
271 2580
277 3595
138 143
1634 1635
572 1024
1356 2648
2891 5196
957 3967
271 2858
1137 3011
3900 5177
523 542
138 624
1773 5094
365 5310
1725 2468
138 707
113 169
0 2868
1871 4126
1114 2254
271 2335
1268 3659
1942 2013
1312 3593
0 1469
1137 5448
608 4149
271 5561
365 1114
116 2144
365 1259
1054 2082
1406 1740
279 427
143 783
2369 5378
1137 1544
523 2614
584 4896
638 5367
0 5100
1900 1951
783 1405
4195 5499
2049 2709
1173 2384
1406 2979
238 327
271 1791
795 1072
1116 3501
1490 1670
636 3898
2114 3108
271 1531
6 72
137 271
1130 1787
271 1754
119 358
4046 4118
1406 5056
783 5273
1137 1206
1010 1980
958 2468
0 2115
1745 5339
1618 1654
696 999
365 3644
958 3832
1409 3141
337 611
365 4925
2044 5499
2872 5696
271 272
365 5282
1702 3329
1621 1635
0 2832
1602 3257
1041 1357
272 2675
2392 3392
224 4125
2386 3638
826 827
572 3883
365 2275
365 584
271 2419
608 4194
912 2151
271 5484
0 833
1406 3105
271 2528
3521 3601
4165 5499
2114 2126
358 5358
1108 1562
2468 2601
785 2569
343 523
365 2599
1139 3021
271 1051
2990 3313
3285 3311
1893 2640
979 1008
227 887
812 2052
572 2618
2088 2298
356 3360
1352 3769
365 1410
1108 2614
1137 1397
27 1325
414 2891
2780 3731
2022 4049
912 2988
271 5109
271 2889
377 4281
1406 1553
2783 2786
143 1553
4231 5499
401 511
564 5213
0 2480
1137 5657
564 5833
3832 3840
913 1636
912 1201
0 2095
1406 3638
29 2988
93 3104
272 4274
608 794
700 4114
1683 2706
2253 2863
385 1009
1764 3419
271 1108
271 5181
365 5042
325 539
0 680
1008 2631
1116 1137
365 411
1137 5174
783 3079
912 2100
747 3727
1688 1717
2654 4175
271 2391
365 2392
1745 5518
2637 4021
1136 1712
365 1058
365 846
271 5115
1258 1406
2709 2810
145 523
398 1479
1524 3805
1553 3402
769 1634
3189 3260
890 4168
365 3218
1008 3791
271 3113
1122 5166
225 2988
1137 3423
0 564
599 1011
694 2713
749 1570
783 4988
1137 2901
1389 1406
271 2769
3832 3868
1137 1406
1335 5237
407 3154
2731 2750
564 2474
2059 2614
564 1777
783 2577
896 4135
1137 2402
564 2248
957 2703
1137 1463
271 2362
2678 3966
2636 3726
1015 2065
271 2475
271 2317
271 5331
271 5540
2614 3713
1959 2045
365 1141
1044 4108
857 3365
1872 2696
2182 4896
272 1909
1137 5517
1137 1635
365 1320
224 2756
345 2672
3576 5384
116 5145
271 564
792 3299
1421 2174
271 3085
896 3706
1357 3475
272 668
271 1510
1762 3074
749 1653
1900 3989
890 1958
753 3210
1901 3793
381 2286
131 1137
1137 2929
747 785
610 1343
1861 2988
1756 2254
38 143
271 2906
813 1035
138 625
1811 1972
279 4887
1648 1650
271 3019
579 3689
651 2713
784 1106
94 257
271 2168
1137 2237
271 2281
909 2239
1137 2318
807 2632
271 2334
1872 2646
747 1659
797 4174
271 1779
1010 3819
169 281
1137 5455
747 2224
564 1434
139 625
365 1113
143 821
0 3441
288 744
700 2009
834 4196
1137 1193
0 4303
783 1118
311 1342
2377 3565
698 962
272 3732
344 3958
272 331
273 1702
271 1207
143 2836
0 3086
1137 1688
138 1030
0 1560
5000 5365
145 2593
1036 2678
271 1530
3041 3573
2468 3836
1668 3187
1137 3431
1024 4046
957 4308
378 1942
1609 1693
538 542
1137 2700
2114 5691
143 145
1137 5756
1137 2845
1506 3170
279 1376
143 1024
859 4908
273 3265
365 5136
984 4003
747 1051
1243 2238
271 275
271 2095
365 5281
801 2776
70 747
138 1051
1406 1424
1067 5390
271 5193
1703 1704
1524 2043
2079 2224
271 1702
365 583
983 2747
1352 1979
1137 2491
271 5487
145 371
365 728
564 1406
2297 3177
783 2972
2670 3809
2 143
2238 2996
271 2037
1006 3814
271 5094
356 3267
2392 5184
93 912
1137 5106
81 936
119 912
0 4954
1048 2748
1421 2468
279 684
1137 3152
890 4149
365 3033
764 3349
1771 2478
410 2459
1160 1527
1622 3227
2474 3654
2125 5767
680 1904
572 3950
2639 4246
1019 2991
783 5372
591 747
1137 2873
1235 3304
0 2991
912 2665
1904 3517
3187 3259
1635 3210
1264 1670
783 5635
385 1008
2711 4040
762 764
1904 1975
5013 5387
271 1560
314 3437
271 2224
912 5703
358 3666
271 1410
271 1557
1825 2478
1137 2518
143 591
257 564
1011 3893
1896 3897
1137 2471
599 4238
271 4900
15 1050
1969 3753
1008 2052
0 3385
2678 4239
659 2907
365 5121
272 1945
81 635
1044 1942
4111 4258
1212 2396
2123 5276
783 3691
2085 2437
834 1942
1160 2382
3189 3259
271 576
783 5404
314 2441
93 382
1268 1335
3687 5670
365 1782
1764 5341
1693 3250
271 3161
3082 3149
263 365
4040 5321
2085 2349
1909 3724
913 2545
378 1998
271 919
365 3652
1352 2668
1887 2618
1438 1745
1137 1260
6 1551
0 1139
271 3564
957 4152
1356 3074
857 1669
1130 3110
1320 4979
1900 2634
856 2891
271 3452
21 783
1708 3360
3832 3835
1527 2382
785 5366
584 3088
271 5136
17 2193
1165 2891
895 988
1421 3122
382 624
0 1316
0 5621
271 2309
2254 2423
1137 2546
2036 2810
271 5430
236 2201
271 2474
622 4001
2392 3159
365 1140
1587 2145
271 1807
2392 5055
2125 2379
271 2523
1670 3240
857 3364
3288 4572
2114 5099
143 833
2234 2501
271 3656
1137 5516
2012 4089
272 1925
1235 1616
726 1137
365 1319
3866 4234
1137 5050
783 3463
372 1965
1268 1325
271 567
572 810
365 2832
1022 3894
581 948
1352 3826
833 927
564 793
834 4008
551 557
271 1505
1037 2022
1008 3707
376 1357
1352 2512
0 5454
564 2891
1900 4133
957 3852
783 5255
922 1137
1137 5719
868 917
990 4152
69 1316
81 350
3159 5568
2668 3710
777 2392
192 636
1393 2088
81 940
0 2183
365 5308
302 608
271 2171
1137 2236
958 4028
2891 3080
572 2688
834 909
0 2981
1137 5228
2468 3522
1244 3559
1352 3557
1352 2777
1137 1445
785 2305
749 764
271 1778
3196 3239
636 658
2468 2615
365 1257
827 828
1137 4932
833 1343
279 421
1137 3913
378 608
568 912
958 2749
2078 5782
962 972
2392 5309
365 5051
1024 2030
912 1883
1137 1695
2667 4224
1343 2491
271 1319
572 2074
365 3060
957 3805
238 325
695 1884
271 3168
1764 5658
238 308
2263 5094
783 5806
764 772
997 2789
1872 2015
564 3000
1900 4090
1343 2286
0 2343
2359 5140
1079 5571
279 1103
572 2654
990 4116
730 950
1406 2173
279 1825
271 2824
1059 2085
271 4912
629 3925
783 5561
800 903
0 1358
1553 1904
529 2468
608 1811
912 2235
2539 3521
3233 3329
848 913
988 2028
985 2797
1421 5414
0 2608
572 3795
564 1480
271 5486
2254 2422
743 3145
797 4177
365 727
996 1043
365 2307
878 879
769 3229
271 2401
2638 3959
2618 2636
365 1229
833 3063
2043 3736
0 3533
279 457
121 365
3675 5348
2125 5186
589 591
59 912
138 257
1424 2392
749 756
365 1408
1253 3593
2125 2903
1012 1945
381 3517
2063 3861
792 4549
1137 1812
365 1553
2145 3187
271 1786
72 1551
1343 2237
377 4287
1051 2873
2468 3601
228 238
2085 2547
21 5375
2888 3517
0 2307
912 2892
271 5755
1137 1223
2769 3711
1137 2872
272 1042
1335 2992
3187 3258
376 2682
18 145
271 2973
1547 5269
1815 3579
1942 2689
1403 3671
271 3394
385 1015
1600 4590
2088 3136
325 2285
135 3667
143 680
754 1098
988 4230
249 279
271 1556
1137 5172
365 3613
2173 2392
3329 3370
93 271
4590 4605
271 2385
1137 2470
271 5442
728 2406
1099 1705
236 281
112 279
2502 3000
279 2011
32 584
365 1056
271 1883
1624 1639
1614 3250
143 1181
356 4537
1011 3779
2891 5519
0 1237
271 5061
564 1137
356 3296
2012 3973
2706 5123
1406 2460
2545 2845
610 2091
1743 2140
1370 3269
749 776
0 5078
764 767
783 3477
601 3889
564 5631
1790 2088
365 3216
365 3004
608 1562
271 1420
2069 2821
81 87
0 5475
3187 3263
1137 2891
747 1130
783 5331
271 3567
608 890
2618 4056
1024 3797
1528 5543
2683 3890
2786 3786
783 2429
1582 1591
271 2974
271 3057
2088 5070
572 3983
2468 4921
365 5480
1782 3405
1137 5191
1524 2677
806 2007
2254 2420
401 5051
365 5514
1137 2545
624 1008
1011 3856
1406 2430
1108 1918
1268 2334
1137 3650
271 5542
365 1139
2114 5139
2392 4992
271 2522
912 5329
271 4923
564 1335
7 1792
3794 3980
1406 3534
1122 5261
1952 2022
272 3611
2101 2474
70 271
2125 2220
2270 3503
750 910
365 1318
2063 2468
279 614
857 3190
764 3192
2392 5288
1692 1694
365 2831
2827 2883
1137 3103
107 564
833 926
1137 2012
551 556
3714 4040
1137 2581
314 3433
271 2577
761 1117
271 5634
564 568
1137 5718
2891 5422
3728 4142
1356 2263
2665 2810
1137 3008
2828 2891
2222 2510
1268 2450
832 4181
979 1904
3871 3949
591 1137
4034 4304
365 2300
1137 5219
138 1268
385 4189
2076 3736
957 2705
1950 1984
271 5397
1733 4589
2318 5313
365 2334
365 1111
1743 4978
957 2675
2891 5698
2479 2891
2700 2891
69 2113
827 831
279 420
138 1544
2125 5324
1268 1406
1219 1406
2891 5792
785 5629
356 3256
271 1201
1111 1137
2392 3696
1200 3004
1067 3483
572 2075
1356 2615
1871 1904
2082 2919
801 3716
2063 4001
584 5569
1904 2235
2407 3141
1942 2676
1013 3798
1704 1705
783 2150
2392 2476
1137 1242
2891 5490
1745 5199
1137 5746
912 1352
1882 3907
564 5099
145 1343
271 2827
783 2308
1571 3269
2436 2468
758 1656
333 611
138 1319
783 2485
2117 2392
271 2692
1137 3636
271 2089
1745 5626
263 1245
1137 2254
2085 3043
783 3068
762 3214
1008 2654
365 5424
410 1826
2560 2891
0 1406
2012 4135
365 2272
1137 2344
2125 3653
1553 5651
564 1481
641 2748
93 2610
1035 1892
271 4979
69 99
4148 4269
1884 2706
1110 3170
271 5088
622 3768
143 1065
365 905
1137 5104
99 1137
4119 4120
1397 5203
890 4084
700 3881
277 365
797 897
1580 2468
1012 3790
135 5538
81 840
967 2618
1116 1746
2742 2799
2125 2181
2022 4052
401 3481
803 2618
2063 3973
3273 3320
1622 3225
261 358
914 4280
1777 2016
565 808
783 1761
1137 1141
1900 4063
1051 1137
2392 5677
3121 3728
271 3429
1137 3474
2919 5546
2085 5831
783 5002
783 2283
891 1985
0 798
1237 2412
1406 4978
271 2927
1745 5474
365 1343
3187 3261
2700 3910
271 2972
747 3541
2468 3257
1137 1457
783 5645
523 680
868 3162
1163 3252
4578 5531
2704 3736
988 1035
365 2244
356 1137
271 5340
2392 3534
93 5435
1942 1944
1108 2082
2412 3563
2510 2920
228 2516
2392 5551
3273 3287
1176 1177
365 2568
5095 5387
236 591
116 1549
1137 1749
564 912
1908 2061
1547 5113
0 271
365 1635
2114 2581
271 3114
223 1137
2468 3186
1051 1343
1008 1901
2022 4080
564 3010
912 1635
0 45
2069 2820
1144 2872
271 5673
271 3466
1243 2989
919 2478
783 5330
273 3181
1137 3035
747 3219
523 2125
680 5023
273 4575
783 5616
761 764
748 910
108 365
1408 1739
1320 5503
271 2145
2088 2127
783 2578
138 698
381 912
596 2545
912 5541
1692 3198
564 1635
13 143
1353 5008
2254 2421
1137 2544
680 5523
2137 3177
1163 4582
2451 3527
1208 2474
2022 3979
365 1138
2293 3531
271 3621
365 2506
1073 1137
358 1565
1137 4958
271 3658
523 1406
3812 4040
356 3205
30 81
365 2941
1370 3238
1137 1777
1051 1533
2275 2392
1880 1895
1268 3541
116 3144
1352 3828
2496 5094
3041 3453
271 3086
1872 1894
271 727
257 365
279 948
3822 3977
1008 1048
3297 4577
1137 2789
2068 2668
599 912
801 4057
2424 4966
1942 2722
1137 2934
0 3665
271 2870
271 1797
1359 2903
1013 4200
747 2316
747 3340
3187 3189
271 312
1008 2724
1984 3810
271 5238
271 2282
54 5065
523 833
1871 2664
680 1444
1099 2891
1137 2460
749 762
271 1788
1085 2749
365 2478
365 1255
224 572
356 4579
271 5007
1683 1685
143 1236
1137 5067
405 509
1352 1630
1499 2426
279 426
1356 1421
783 2356
365 2589
271 1366
2709 4245
120 358
0 102
832 3947
272 2479
681 2145
2650 3886
271 856
143 3541
827 2476
1166 1947
2017 2725
314 5316
271 2984
680 3674
0 819
712 4927
263 1086
1137 2125
2891 4040
1402 5020
783 5672
80 271
1137 2253
271 2137
365 5423
1137 2398
2891 3126
1136 1371
271 2254
912 5613
5391 5457
651 2660
1343 5750
1872 2613
1235 4547
859 1182
747 1624
1715 2145
1137 3593
1352 3297
344 1008
145 257
868 3579
769 3219
783 3442
356 3199
868 4894
365 1227
0 1211
365 2595
2630 2677
365 904
783 2089
1893 3948
372 1904
285 1863
1419 2088
138 271
1137 1721
1900 3755
907 5784
58 5205
2384 2904
365 1656
2022 4053
271 3142
1137 1947
1876 1966
1048 4007
1508 2125
2392 5678
145 1528
0 2309
1010 2706
2891 5400
1137 2733
1777 1904
1573 1591
1137 3473
1406 5088
271 3477
783 2282
138 978
4000 5499
3187 3260
1137 1804
376 2684
133 238
0 5317
138 564
314 5549
143 261
1699 3076
2088 4963
365 5250
417 2988
271 5177
1136 1256
271 2237
2034 4040
3593 3686
1370 4565
1357 2445
912 2088
572 630
378 2681
376 1010
1704 3235
3513 5156
331 2821
1921 4333
857 4568
271 4897
2891 3457
68 1816
271 3697
783 3414
3273 3286
271 1994
1013 2627
988 3988
271 5063
912 1944
2437 3011
2087 5339
399 523
1137 2774
2554 2706
749 751
3809 4118
2223 5015
271 5016
1137 3386
1130 2333
271 3162
1137 3411
711 832
0 46
2545 4965
1908 3719
1139 5465
946 3391
1914 2795
808 1008
271 912
241 271
1137 1249
1137 5689
0 3631
783 5442
1137 2987
138 601
3273 4555
1727 3296
2468 3275
1108 2435
135 1157
17 2198
747 1397
608 2013
2679 3999
1137 2406
271 5250
0 1319
2254 2426
365 5512
3138 5688
1536 5068
2392 5486
0 1093
279 301
815 1871
1320 3023
0 1268
1421 5198
59 143
840 2260
1192 2185
1243 5701
572 967
1388 4040
271 5083
365 1316
3374 4591
1782 5384
1160 2118
1421 2537
912 1811
564 5678
564 5078
564 3581
1006 4095
356 1672
2478 3096
572 1352
1243 5264
1252 1338
1693 3298
271 726
238 3699
676 1357
1390 1391
271 839
572 2758
271 5644
912 1503
403 2384
2557 5568
868 912
3832 4045
1137 1165
1782 3043
1137 3014
1016 2726
271 2982
988 2772
365 5160
747 3343
3187 3188
4096 4097
783 5591
1158 2156
365 5355
2088 3098
120 1108
2795 3748
1343 2665
271 2293
3922 5499
1137 5217
1352 3560
381 1060
1010 3732
747 4934
2384 2956
26 271
72 3053
1160 5090
769 1137
762 5257
169 285
1524 4044
271 3640
365 2477
1317 5328
764 1618
279 422
524 2595
365 1399
550 551
572 1003
125 279
1591 3232
236 912
5013 5094
813 1908
271 2161
1357 4107
1137 1692
1343 2468
2738 3909
271 1312
1782 3673
356 1708
0 2283
1591 1599
2104 5097
349 625
1366 1782
271 1478
521 523
271 3218
1137 3355
1881 3728
76 257
1212 2891
1704 1707
0 5421
957 3885
365 3593
1406 2144
2774 4054
1083 2923
271 2837
2125 3397
1137 3042
708 1004
747 910
263 2449
1406 2478
1745 5487
3182 4569
680 1236
331 1908
2125 4936
322 325
2007 3897
2272 2304
365 2125
2392 3397
2392 2969
382 572
895 5177
365 2270
1130 3650
1137 2350
365 579
1872 2614
145 375
683 3535
848 2145
2125 5516
1079 1137
365 1081
680 907
404 523
1035 2039
4289 5741
2614 4092
700 2041
272 1969
1067 1335
3506 4945
681 2468
783 3603
271 1175
365 3096
1137 1720
400 527
271 1768
576 1768
365 3029
2706 3747
143 1406
271 1461
833 836
1388 2034
271 1498
378 3802
382 1942
783 5195
1137 3472
2063 3749
912 1319
143 241
2891 5608
783 2293
1137 1365
2742 4020
3792 4075
1137 1318
381 680
81 1792
1199 2425
138 565
912 1108
0 2882
1137 2280
32 143
271 523
625 1908
271 5289
1177 3323
271 1553
2109 4937
271 5342
912 5045
143 2407
271 2386
271 5455
1704 3236
1099 1706
0 2456
783 2203
365 1267
1404 1635
584 3764
271 5628
271 3553
1893 2717
1137 5604
2979 3609
636 2576
365 1198
2891 5575
890 1893
272 376
1902 4200
860 1587
1137 5010
3207 3311
2085 2128
1406 2562
356 2990
1108 2784
769 3337
0 257
143 1325
271 3124
365 3001
344 1892
985 1024
1137 3410
3074 3526
116 1343
241 5506
797 2626
3218 5596
271 915
279 1375
1137 2888
1251 5508
138 868
1243 5491
1710 2145
1137 3033
747 3221
1137 1393
1137 1474
564 4956
406 523
2808 3707
1008 1010
2085 3001
1177 1591
271 5261
1591 1697
1137 1409
2254 2427
670 1137
356 835
365 523
271 2486
365 2359
1244 3389
271 5539
365 1136
143 988
271 1803
1013 2820
1589 1727
785 5686
2079 2474
356 4553
1013 2741
1137 4956
726 1050
507 1872
608 677
2892 5610
271 5082
797 1137
995 3712
1137 5054
833 1137
62 1137
2114 3012
44 143
271 672
400 523
2891 5236
1130 5270
551 553
2891 5317
1745 2891
747 758
236 1137
1927 2641
572 2759
271 5647
48 263
365 2219
389 551
608 2067
747 788
909 5077
271 3532
5339 5626
1799 3001
747 3342
4096 4098
271 314
271 1543
766 3209
821 840
2078 4924
1958 1988
1043 2468
912 2274
271 5345
1352 3561
785 5616
365 5739
271 5398
1942 2007
342 694
2125 2458
365 2331
608 4299
912 1541
365 1108
1739 5433
3232 3297
992 2774
912 5168
0 79
2737 3874
365 785
81 566
1963 4046
271 5001
4111 4209
241 936
2157 5507
2137 5595
700 3840
611 679
1529 5533
912 1904
1099 4578
1137 3128
3707 4157
271 3180
764 913
2046 2709
521 4194
59 564
572 2795
0 2474
365 3592
30 358
1137 1192
1182 2382
1268 2114
365 5242
912 2891
2891 3552
700 973
811 2706
272 4172
1970 2648
1335 2894
2468 3084
1544 2333
271 5159
890 2794
81 1551
885 4045
2384 2891
120 1137
486 636
138 2988
271 2248
2254 2304
783 3113
912 2254
302 354
410 3692
143 2306
271 2425
912 5502
638 2537
1137 2494
271 5482
116 2515
914 3851
1575 1591
271 5531
577 2828
365 868
1623 1655
271 4988
356 4589
271 5101
2618 2619
1894 4157
608 988
143 1115
1057 1177
344 4038
1177 1392
1743 5293
381 1901
1984 2468
271 1460
2392 2413
271 2597
1872 3723
2085 2559
271 3430
990 4197
1148 2085
2474 3429
271 3479
2751 2793
747 988
0 785
0 2085
1677 1704
1745 3610
1137 2957
3187 3262
1137 1317
132 133
365 5359
507 881
3273 4542
912 2316
2700 5499
2474 3001
271 5117
271 5288
271 2348
271 5337
1043 1924
271 2397
1137 5305
1551 3053
3910 3911
2071 3765
62 745
1137 3627
1815 2088
2668 2680
1591 3317
271 4944
2125 5376
377 3850
1348 2823
1421 5069
1137 1683
272 377
271 1093
325 5059
272 3793
783 3702
1137 1738
3565 5349
769 1636
365 2837
143 2891
271 591
272 4095
2412 3074
271 764
2205 2988
2085 2306
1137 3409
1021 2022
350 3002
2891 3670
2125 5798
912 1525
271 914
1006 2761
1881 2019
2891 3623
1137 3507
2063 3768
526 3504
1137 1255
777 1942
272 995
1745 5268
747 3220
572 1881
1971 2667
271 2892
1335 2960
1356 2445
1018 3965
766 3218
2093 2380
2254 3678
2085 3404
271 5151
138 697
4040 4276
331 344
591 1038
1137 5243
1352 2722
3802 3862
271 2304
1025 1029
1406 3088
271 1765
1998 4188
1972 2019
747 1570
0 1095
271 3622
622 3861
5065 5171
365 1024
1006 2012
1137 5511
68 2085
1745 4920
2063 2721
271 1064
783 3621
2618 2803
857 3273
271 2604
2125 5126
1137 1782
356 1674
1591 3196
568 725
1901 4164
2891 5239
272 4059
1764 2892
551 552
365 1749
1320 1323
2161 3127
271 833
1011 2680
700 3745
1931 1941
358 4967
608 2068
1137 5706
271 3422
1690 1695
3876 4218
272 975
1137 3613
2891 5555
143 1909
271 1219
1137 5812
989 2699
365 5158
1942 3908
700 4193
1406 3696
1370 2474
1008 1011
0 5263
1214 2506
271 5235
1348 2420
2772 2810
306 5443
1602 3295
2478 2861
313 5530
1212 4953
1137 2449
749 759
71 271
271 1785
1137 5441
271 3700
2392 5452
271 1902
2395 5699
271 3755
1137 5539
279 416
356 3285
1886 1959
608 834
1406 5165
3863 4132
1524 3820
1040 3895
271 1213
2085 4982
1356 2780
1357 1421
1006 3993
1137 3135
263 5020
271 1363
2891 5139
912 3435
2455 2891
1536 2392
93 5751
764 769
523 1883
2137 2242
0 232
1008 1031
1358 2347
3876 4111
271 970
2026 2616
365 3591
1137 3040
2709 3959
618 620
680 1067
912 1130
1553 3655
1137 4040
641 4100
764 1640
365 5063
2795 3829
271 2138
365 2123
2125 3126
2752 5499
523 785
93 5085
747 1343
2891 5043
271 2251
356 1490
271 1708
271 2424
365 2413
625 3740
1741 2745
1235 4548
747 1629
2872 5251
271 1757
1035 1944
365 5855
365 1079
2170 3041
272 1971
271 3727
279 452
2429 2865
356 3273
749 910
1011 3739
2510 3165
1462 2125
762 1626
523 1544
272 572
1585 1698
1201 2549
93 5239
356 3204
2631 2632
1137 1807
271 667
2468 3727
271 2596
81 110
1316 5712
241 5493
859 2532
3880 4006
751 910
271 2810
143 3943
1113 1137
912 1192
0 5161
3271 3273
1035 3719
271 2968
365 3853
1356 3597
271 381
783 5641
957 1902
365 5503
1137 2286
271 2238
365 2095
1137 5214
138 1081
378 2722
604 1172
1108 2376
2341 5634
912 5580
93 5510
271 5336
143 523
2683 4227
0 2577
365 2385
523 1051
1871 2770
909 2297
138 833
949 1137
4934 5498
1872 3811
271 2322
783 3070
564 3700
584 1130
934 1406
1131 4919
3870 4030
913 3213
834 4087
236 564
572 3728
1942 2053
1137 1656
1750 5202
1160 2533
1764 5482
769 1659
365 2854
1667 1727
410 523
1137 1882
401 1241
526 1488
378 3866
365 1776
238 262
1343 1815
1192 3143
93 5646
2007 3945
2405 2596
572 2780
2085 5509
0 5496
365 1810
271 2729
2343 3702
1356 2216
680 3397
783 5098
747 3223
2293 4901
1137 1399
271 2895
365 5185
2468 3943
241 5653
138 2224
2810 3772
1629 1635
1172 3583
654 3986
144 2395
331 347
1137 5242
1356 3863
1022 2791
783 5734
143 568
143 2516
271 2307
1137 5323
1067 5341
14 271
406 3613
271 1764
366 3874
271 2480
1137 3653
2646 3953
0 1112
2088 5738
1944 4121
1137 4946
783 5100
271 3670
279 415
138 1553
1438 1486
2022 4156
764 3223
271 1067
332 1035
271 4132
1904 2343
271 1112
279 637
279 430
365 2826
1108 1325
1776 2288
383 1106
271 1406
365 2971
2436 5562
279 453
551 555
844 1591
20 81
260 1600
1137 2568
366 4133
985 1023
1586 1595
365 3473
271 5641
564 5229
1273 1489
1139 1764
1640 1651
833 2106
0 2286
989 2698
1008 1012
271 3024
138 1492
1137 2085
143 2235
797 1997
3845 4099
1137 5222
271 5347
1562 1942
271 2407
1782 3549
1320 2160
1901 2709
747 1648
988 1918
857 4580
678 1764
572 3709
689 1343
769 3211
365 2474
271 4890
365 5771
365 783
2125 5319
376 3820
365 1396
236 636
93 2385
1252 4947
564 1397
1137 4013
365 1430
890 4120
2510 3569
271 1325
2474 4934
401 856
272 608
143 1383
271 3182
525 1183
2145 4577
2022 3960
1024 3926
2700 4143
155 409
365 3556
1872 2005
767 1370
783 5232
401 523
1137 5749
539 1137
730 944
257 1268
272 4159
618 621
1137 1343
2618 4199
572 3866
639 810
1136 1137
2114 3603
271 2100
811 1356
764 1641
1646 1659
0 3048
3621 3660
608 1944
983 4130
597 2384
2114 2468
365 576
271 2427
1323 2474
1137 5267
783 3160
271 5492
747 1628
271 1756
1137 5484
1177 1534
2085 2313
365 2446
564 1268
1137 3400
888 1018
279 455
1492 5207
868 5097
3926 4324
2064 2777
700 3878
359 1137
539 3001
572 2100
1904 2125
1104 1105
2363 3521
2425 5401
0 70
951 2113
912 1419
1587 3238
273 1223
2745 4338
2709 3752
1942 2692
0 868
3187 4554
271 3473
0 2324
271 2556
1458 1492
1137 2947
0 5162
2078 5229
271 2971
1942 4194
2194 2988
1356 2554
1406 2429
143 257
783 5640
382 3845
2786 3842
2107 5602
271 5125
143 2114
0 3060
3210 3335
365 5391
358 3669
1268 3684
1137 2511
1079 2609
365 2384
1959 3813
0 5637
980 3795
236 279
2903 5208
2382 5059
764 3212
1335 5585
2810 4201
365 3176
1883 1942
3273 3380
271 1268
769 3342
1356 2789
271 5012
783 1469
244 365
2451 5225
2088 2157
564 5492
572 611
865 3823
2836 2940
1553 3273
0 34
271 2619
783 2100
611 4129
279 2215
2392 5646
584 5436
271 3396
1137 1615
1137 3505
2516 5443
783 5337
747 3222
1421 3687
680 1137
1137 1479
409 1070
958 3858
2078 5063
2468 4903
4934 5701
130 358
1704 4557
2516 3645
1352 2611
93 365
1137 1462
365 2356
61 271
365 1133
611 2669
271 1812
3763 3876
5169 5793
1100 3551
271 5597
1346 3247
272 1901
271 3665
832 897
271 5046
407 709
1653 1718
4111 4126
145 606
1137 4898
523 1397
1259 3539
1137 5043
93 2301
0 369
2150 3673
1008 1998
833 912
365 2970
551 554
1137 2575
1690 3375
1137 1959
271 5640
700 2819
271 1008
271 3416
1137 2921
891 3769
1236 3175
2891 5557
912 1265
833 2105
365 5156
912 1024
1008 1013
385 896
1252 1779
1178 1274
2392 2945
3845 4098
1357 2496
572 3864
1137 5221
1602 3293
1477 3083
510 1704
957 4280
572 3727
912 2478
3728 3850
1137 5447
1137 3680
1011 4155
783 4100
306 2561
365 1250
564 2145
279 418
2125 5318
356 3287
145 570
1357 2965
0 3479
154 2516
2177 5413
143 1088
2163 2392
1022 3786
1137 1680
572 997
2088 5138
3763 4170
1099 3193
912 1553
238 319
271 1474
1137 2603
957 4332
350 2928
1090 1115
1137 2692
1099 3239
747 868
912 1343
958 3822
271 2784
365 3589
1357 3387
271 3516
30 357
912 1358
633 1137
972 2690
1888 2618
3405 3576
696 1008
1553 2374
271 2950
228 309
308 365
1320 3029
1137 2240
890 2793
2592 2891
293 2748
1137 2385
271 5201
785 2024
1733 3313
0 2968
1137 5121
1137 2338
1051 2520
584 1170
271 3518
271 2426
1507 2392
138 1893
271 5495
302 2468
1137 3596
2392 3094
271 5680
365 1077
143 785
1067 2865
271 3608
783 3449
2468 2642
2341 2348
279 454
2088 3013
912 1969
75 1137
244 2392
336 611
1893 2631
1137 1571
143 2928
572 1437
1008 2024
365 3025
1960 2664
279 434
2631 2634
3935 5499
271 2598
81 108
564 591
0 246
2405 2975
1782 2829
0 3630
1348 3607
356 3308
365 1981
1137 5648
271 1054
1467 1592
271 2933
608 777
1319 1904
1315 2384
1008 2706
2392 2907
271 3055
138 1108
2358 2891
143 2125
1137 2429
271 5301
1872 3883
2719 3771
1371 4550
1137 1421
365 2238
1137 2510
271 5338
608 1044
271 2398
1137 5310
1497 2478
314 3050
99 1316
271 2511
1031 2665
271 5624
1041 2793
868 1264
3273 3289
1335 5584
523 1352
564 3476
271 1094
2286 5824
272 3796
385 1904
957 3757
1602 1698
1259 5432
1745 5837
271 3120
985 2652
2218 5572
2474 4895
896 1979
1650 3222
1081 1137
2997 4956
271 1429
1041 3927
271 2618
1100 2497
138 145
957 4116
400 1180
272 2683
2891 5435
2474 4544
529 1137
1343 3004
783 5336
1137 5692
271 3572
747 3209
3236 5531
33 143
1904 2614
56 2988
2988 3421
271 2280
272 2678
2835 3166
271 3070
365 2963
671 1041
912 2286
917 1137
271 2159
3924 5499
3272 3273
331 349
1335 2592
1067 2250
1874 2774
1137 5321
271 5438
365 2227
366 1137
271 1766
365 5652
523 1081
375 1798
5065 5543
1591 4560
2088 5740
271 3619
1101 1137
977 4131
1553 2266
1137 4944
2891 3021
729 1034
913 1427
764 3217
271 1077
1661 3210
1137 4897
2679 4247
676 3546
0 4971
365 1311
36 257
5013 5069
1137 5042
747 1658
564 5675
1051 3695
844 1698
2239 2242
985 2744
1406 2234
1108 3558
2088 2521
564 2988
271 2590
365 3471
2675 3736
271 5643
263 2186
912 1492
271 3419
1001 1984
783 2232
2033 3721
1137 3525
1011 2715
1160 3050
271 3528
1357 5000
0 2531
0 988
833 2104
365 5155
3736 3823
1008 1014
1721 2145
271 2115
912 2391
1635 1641
3845 4097
143 2437
365 2293
1137 2309
4166 4230
1137 3832
572 3720
747 1650
1234 1364
1343 3402
365 747
271 3468
271 2454
1698 3306
271 3591
365 2472
271 4964
1335 2395
2706 3316
2687 3809
271 1944
272 3710
279 445
564 1153
1012 4051
2618 2706
377 3860
1875 1904
564 935
1137 1687
3185 3290
365 3052
1704 2891
1633 1659
399 511
523 5142
564 5038
0 1553
2709 4255
4070 5499
760 3220
1419 2417
2392 5720
2177 5500
591 617
0 3651
1137 3567
1137 1235
273 1386
0 2478
2451 2810
1137 5739
320 743
279 1204
3832 4078
700 858
2647 2777
365 5238
1137 3045
857 1733
242 327
523 564
1356 2512
507 873
2318 5736
0 599
912 5829
842 1397
1137 4995
572 3918
365 5417
271 5200
0 1397
518 523
365 2265
271 5313
584 1171
365 574
572 3121
271 2373
2173 2365
747 1630
1021 1043
115 2928
680 2581
314 2118
2383 3087
890 2077
0 1201
1335 5583
272 273
2125 2157
225 279
835 1610
345 986
981 2468
1024 1986
1883 3776
3875 5177
272 575
143 1492
1406 3013
1130 3703
552 646
402 533
314 5090
2085 2410
378 3956
1190 1213
1071 2022
81 99
1406 1567
365 2105
1906 3839
259 834
272 2576
572 2699
747 835
572 1986
81 269
138 988
1022 2022
2238 3541
1620 1635
1137 2945
777 4004
2809 4040
2145 2891
564 1904
1137 1450
1130 3565
5 302
2891 3195
765 910
2350 3144
608 3611
1659 3215
1357 5123
1192 1419
564 1541
523 912
777 2019
365 546
1871 2651
93 5428
564 1460
2478 3035
74 116
957 2627
331 623
1469 2863
271 4911
641 982
190 636
75 610
271 2274
2147 2891
271 4956
2468 2679
1893 2793
1320 3523
2891 2993
857 3313
1900 3997
0 3152
3944 3986
783 3698
1247 3001
5318 5324
749 768
2082 3452
1012 3770
271 1270
2085 5343
1525 2235
356 1682
747 1640
143 1320
271 1383
2632 2713
2709 4311
385 1010
326 5684
0 36
678 1137
783 5125
1800 2437
2056 2468
1343 2101
1160 1387
365 3643
272 2699
258 1158
1137 3036
138 1008
1137 1396
1137 2989
1160 3145
2270 5397
1136 4548
1079 5718
271 2158
398 3592
365 5472
636 818
228 2441
331 348
1908 4096
3210 3211
1087 1662
1320 5252
271 2316
2405 5623
271 4962
356 2468
271 1761
1986 3968
271 2493
2392 5407
1048 2817
271 5550
379 2799
564 1343
2670 3750
271 5040
2615 3780
365 1165
2891 5820
272 3746
1160 2436
272 3889
72 3630
2085 2175
976 4100
271 574
2894 2939
2056 2707
1033 2795
1212 5595
525 2495
1591 3192
365 1600
259 611
271 1403
1764 4226
747 749
1218 3014
1388 4283
988 2077
116 564
761 3339
1343 2114
917 2168
1137 2927
365 920
1137 1159
581 1108
833 2111
912 2474
1524 2739
1137 2266
709 833
143 379
271 2114
1137 2219
3845 4096
271 2291
1421 3149
278 304
1686 2606
1137 2453
2818 3949
271 5405
83 2988
1942 2024
749 755
564 2085
271 1733
271 2449
1137 5445
72 598
314 2330
2448 5078
271 3590
365 5280
373 2988
1346 3249
2007 2756
279 444
2254 2836
4934 5070
1137 1541
271 1209
2069 2689
120 143
356 3383
912 1909
868 2818
1024 1942
764 3339
1137 2648
747 2836
1764 5635
2700 4138
400 1479
868 2144
700 3794
1370 1594
344 2000
1904 2818
0 236
1157 1172
93 3575
1137 3566
2004 2623
912 1329
143 155
1274 3573
4097 4099
257 3692
385 599
783 5054
3330 3383
273 1530
271 2835
957 1981
0 2988
1048 3743
957 3823
271 3083
868 2468
143 4934
2668 3818
1893 3934
2088 5006
2786 3965
912 2341
1353 3317
2706 4186
365 2119
1926 3800
2392 3403
743 5710
365 2264
1137 2336
271 2372
365 2409
1421 5387
1137 2481
271 5489
1235 4552
107 138
4041 5499
1382 1729
271 2549
1137 5473
1137 3418
1959 1983
1136 1679
2392 5420
271 1870
1421 5183
1030 3781
271 4987
365 1220
408 2095
93 2305
988 3983
2891 2964
912 3727
1357 5683
356 3317
1137 1616
365 1365
38 1093
783 5174
1008 1947
1101 5554
641 4061
762 1638
279 1862
1137 1714
2641 3851
2690 4074
365 1544
2125 5593
271 1459
985 2807
271 5461
1406 2901
405 523
271 2592
730 2085
1137 3385
3623 5137
785 912
378 1986
3947 4048
584 5379
572 2692
0 5391
2891 5480
0 2443
783 5010
1137 2871
272 1035
2100 4108
1591 1593
1016 2788
413 1782
1008 2708
773 3210
365 5354
1137 1449
1137 1237
608 1881
783 5653
2744 4045
0 675
271 2234
1547 2125
365 5388
874 875
271 5303
2646 3727
271 1567
1764 1904
271 2347
1137 2508
271 5412
1108 2235
1237 2841
271 2392
1137 3677
783 2901
783 5332
912 4922
351 611
1137 3630
783 3066
2318 2844
271 4959
1352 1727
1686 2114
2679 3832
1506 2436
365 2560
1421 5037
279 484
2144 5403
139 145
1137 5012
1130 2919
0 4912
1871 2066
2365 5102
1406 5624
272 2225
516 7663
133 3001
365 2995
564 783
912 1740
1607 3310
236 1268
1008 1893
257 281
523 1335
1745 2913
1628 1635
0 37
564 5350
581 1373
2836 3130
833 2107
2392 2557
0 2552
365 3642
680 2442
272 2818
271 5798
1137 3510
86 936
783 1906
2007 3771
783 5338
846 918
1161 2938
1602 3376
271 3574
834 2674
271 2891
1048 3799
887 1984
1320 1904
356 2145
1533 2085
564 4954
272 4166
912 2526
235 565
1591 2114
1327 5020
143 358
365 5471
4096 4099
271 5259
903 1922
1320 5253
116 1550
2087 3074
378 2613
564 2114
988 1942
365 2353
1137 5464
1921 3946
797 4036
365 1130
271 3629
1137 5417
271 5598
1904 3709
1421 5019
1804 3588
1137 4950
271 3666
4930 5048
579 1137
1138 1268
2392 5523
273 1574
1137 4903
518 1052
0 4973
1352 1578
3041 5679
1137 1560
365 2933
1904 2474
1591 3274
400 574
915 1137
572 2056
356 1719
358 365
1370 3197
385 1987
1213 1430
365 3580
271 3207
1137 2572
747 748
1264 1490
1586 1591
1137 2717
1346 1615
271 689
1137 2926
377 988
1335 3577
135 2510
1700 2468
68 81
2891 4930
271 3530
3258 3262
912 1268
521 4088
314 3174
833 2110
2474 3273
1137 5807
925 2238
785 1904
2468 4934
138 1130
912 2377
787 5543
2891 3074
3883 3964
1635 1643
143 747
271 1574
143 2439
271 2290
785 5005
1137 2363
271 5359
1352 2755
271 2403
783 2844
747 1652
4148 5499
1492 2194
271 2448
769 3215
365 2470
3218 4565
2007 2759
279 447
659 1137
377 2073
365 924
313 2382
785 2875
651 3981
2804 4129
0 5112
783 1345
271 855
363 1137
1904 2085
278 3990
572 695
995 1908
912 3004
271 1487
24 116
2657 3926
1335 3647
1587 1723
651 782
0 5412
3876 4148
657 1137
1891 2668
271 3513
1137 2826
651 671
271 5790
0 2143
988 2816
277 1489
777 7654
379 3811
1745 2276
3187 3240
1343 2887
0 2254
1649 1652
365 4913
912 1135
1893 3933
299 551
138 747
1008 2647
2474 3023
402 2593
271 5202
2392 3404
1268 1904
1889 2636
271 5315
1352 2815
1547 5679
1137 2480
271 1752
1137 5472
2474 5459
2614 3908
145 761
53 912
1793 4551
271 3685
1137 5617
754 910
271 3722
356 3318
584 1361
2064 2638
400 856
1011 3742
365 2877
5339 5726
2891 3060
551 649
0 1600
608 2709
271 1458
271 5111
834 4070
365 1688
2478 5053
0 2333
2641 2705
759 761
271 3436
912 2886
3888 3947
1137 3465
1006 2726
909 4998
134 279
365 2828
1356 2064
1137 1358
957 1927
2891 3663
3201 3377
2007 4084
36 2988
0 2218
2392 7703
365 5353
1708 3383
1320 2544
365 4932
143 269
365 5030
3968 4267
1136 1248
365 510
572 3948
365 2090
1137 2418
271 1566
312 3001
271 5415
365 2380
1782 4984
141 143
0 1137
365 689
2468 2786
271 5573
797 3984
271 4958
0 1183
1406 5230
271 1091
1335 5046
1244 2120
983 992
145 912
1892 1908
271 1264
2052 2814
402 3073
801 3705
365 3206
783 5716
365 2994
2022 4073
100 360
365 3496
115 365
2891 3660
1904 2891
1343 2088
909 4953
2891 5436
1137 1177
2637 2646
747 3210
2474 3282
365 5180
2022 3884
179 279
513 523
1008 2737
2662 2706
1406 5789
365 5002
271 1470
988 1137
366 4037
2054 2699
783 2698
228 2330
636 2191
0 1343
1881 2991
1137 5326
792 3302
271 2495
365 2352
365 1721
743 5003
808 2468
626 3735
1137 5416
1036 2668
271 5593
365 1274
1137 2536
590 1485
743 5316
1783 2478
2384 2389
912 5210
271 5042
263 3613
265 2988
271 1078
257 523
857 3283
909 912
271 1191
2085 5216
138 2800
279 632
563 565
120 2889
564 5364
271 568
2392 5298
940 953
263 3920
271 2570
396 523
2045 3907
0 1544
143 3290
81 143
365 2966
271 933
2392 5116
1137 2563
0 2
565 887
2043 2704
1904 4119
2771 2774
1266 3178
1236 1343
2565 2891
138 2254
572 1915
2365 3427
833 2109
783 5550
758 1642
365 5152
523 525
1012 2773
564 4927
271 3039
1091 2891
1137 2264
279 1504
4040 4167
2125 4909
2078 3458
271 2301
2891 3218
564 2224
2309 2891
271 5407
749 753
2510 2959
311 314
2125 2451
114 808
610 2249
577 3053
279 329
1005 4097
271 5014
397 1315
1406 3427
272 2012
279 559
568 778
271 1211
365 3116
272 3871
1499 2421
138 272
1942 2225
356 3377
551 740
2392 5262
271 1320
1137 1893
1553 3130
1871 3807
2022 4017
575 1984
1335 3646
600 808
281 2206
2740 3765
3182 3321
591 618
0 5413
1137 3564
2707 3821
271 976
272 914
143 1969
1343 1544
1908 3958
1745 2122
1901 3898
912 1346
271 2845
272 2773
2125 3453
764 1664
365 4955
1137 1330
1184 2260
1211 1456
507 874
271 2099
1524 2705
1632 1698
1137 2244
1008 2632
783 5792
0 4962
1136 1364
342 523
1069 1108
1343 3509
1152 4925
912 3585
2779 3832
2778 4061
0 596
1792 2891
271 2374
564 1883
271 1155
5013 5198
857 4555
2632 3943
365 2552
1137 3584
0 3090
365 1073
1343 1492
564 1792
1137 1769
365 1218
1067 2882
271 5098
1352 4040
1600 4604
1815 5479
0 4950
0 1944
2476 3559
1406 5570
271 1183
365 2876
2786 4278
905 1137
551 648
224 2659
1028 2022
1031 4014
352 1792
1904 2114
271 1469
365 3378
792 1612
2298 3535
409 537
407 1058
1137 3391
783 1771
912 2224
385 622
0 3618
271 5207
1353 3675
681 1698
223 303
81 3131
331 4038
138 1406
1137 2950
365 5217
3187 3207
1137 1502
3074 5450
1335 2874
1137 1455
608 1883
783 5655
365 5497
1137 2272
271 1561
1733 3281
0 5739
143 595
2699 3968
2468 2716
1352 2667
680 5639
72 912
365 833
3517 5756
1524 3852
764 3209
378 572
2007 2702
365 1335
365 3171
272 3784
551 735
1137 2493
1897 4005
2088 5296
0 5025
1352 3778
1137 1884
271 596
990 1108
1650 3218
564 5489
143 1370
1137 2662
1370 1601
1871 1955
23 81
1659 3214
912 2836
271 5683
2429 3460
325 1053
2392 2559
146 2988
365 3640
2891 5439
2709 3799
3832 4026
62 3420
1137 5680
271 3568
271 2901
1268 2433
399 5089
231 1137
1137 1530
165 279
314 3123
1092 1438
2254 3638
104 1667
271 4917
2084 3593
783 5739
365 2172
562 636
3041 5511
365 5001
1635 1649
2392 2986
1137 5244
1137 2333
3720 3765
747 1533
1137 5325
896 2690
271 5434
1480 5709
1024 3611
365 5648
176 636
783 2987
271 1811
2088 5712
279 292
365 5793
271 5592
1764 2474
2022 4225
1137 1566
2085 5231
370 1137
358 5517
1390 2563
279 425
358 400
1591 3268
2125 5329
271 680
1901 4157
55 257
1024 3904
271 1525
783 2326
1137 2562
3508 5363
271 846
783 5146
659 5160
3034 4934
271 5655
783 5259
680 3688
271 3495
747 1617
1011 2719
376 4275
783 5432
2125 3416
271 3540
271 1192
3258 3260
572 1908
833 2108
523 524
1406 3707
1343 5574
0 591
271 3038
365 5084
71 81
1137 2216
271 5240
1348 2419
833 5271
680 747
868 1904
271 2300
1137 2361
135 1137
1343 5173
271 2413
365 2178
231 365
749 752
1035 1909
1082 3308
365 1100
365 2468
271 4960
20 584
0 1193
2137 5077
1235 1675
2286 2961
2476 3437
271 2150
985 4204
2104 5241
46 271
365 2903
1343 2479
564 850
378 4077
991 2737
1008 1872
1099 3196
81 5375
2478 5504
377 4271
1137 2606
1976 2706
1009 2023
2074 2780
271 5739
271 1389
0 1352
81 5529
1343 1547
271 5784
2033 3753
1650 3343
1010 1966
271 2844
272 2774
2286 4890
1356 3729
2468 3926
2453 5094
564 1944
1137 2154
2709 4065
2104 3472
314 5535
2125 4991
271 5167
1136 1222
100 564
331 2468
1897 2753
1137 2388
271 1540
145 1904
271 2256
302 1942
2676 3821
1137 2341
271 5325
1562 2036
0 1528
314 1160
365 5703
1137 2486
1239 2828
568 747
1472 2237
290 1137
3420 5336
680 2585
611 783
271 2550
988 4121
2392 3099
518 5728
1137 5623
271 4932
2468 2655
279 477
233 343
608 869
3877 4021
2005 3792
572 896
834 1394
279 562
1048 2697
271 5404
365 1507
3273 3330
93 788
4032 4338
365 3232
365 3020
271 2485
238 365
0 1777
271 785
1343 2102
783 5202
271 3438
1353 1382
2891 3635
1137 1267
2392 5799
3794 4248
271 3487
1537 2536
913 1622
272 1038
382 1913
271 3425
764 1701
834 2716
271 2406
271 3041
700 4128
68 1343
143 271
762 769
2125 4963
0 3018
365 2088
1137 2416
1959 4029
564 2298
381 1138
1260 4891
1357 2435
271 2356
680 3083
1921 1998
1137 2497
3041 5188
271 5409
271 2469
1905 1988
2468 2717
743 3169
1553 2144
2392 5040
271 2506
1070 1318
1137 3619
2510 2935
1160 5549
912 1370
764 3210
1406 5149
271 3581
1726 3187
1137 5001
2034 4249
0 3156
1356 2700
1904 2433
551 734
365 1479
271 1266
116 143
835 1723
912 3468
271 599
680 2240
271 3135
272 4087
378 3877
2577 5424
2022 4079
909 3138
1137 3401
1024 3860
768 910
1160 2600
1427 1642
1587 3208
888 1352
783 4930
1266 2085
1137 1183
2007 3764
271 3571
1137 3024
747 3212
85 365
2561 5443
572 1873
1358 1904
783 5460
365 5178
1137 2977
1135 2474
138 591
1346 4547
1137 1529
783 5573
1137 2098
608 2007
1137 5235
522 523
1137 2332
1672 2145
1357 2471
1874 2771
2474 2836
1137 5324
365 5758
1137 2541
564 2125
777 1908
379 4181
1082 3273
1137 2392
271 1810
271 3630
1137 5422
764 1623
1043 2782
910 1663
1031 1942
783 3629
2137 3634
1541 1777
272 349
143 1130
365 2930
1872 3855
2125 2946
1137 3083
2022 3896
2636 4056
232 271
81 5266
271 1524
312 5530
2261 2468
2938 5508
0 4
783 5221
2618 4275
1090 1137
1931 1933
271 5654
913 3216
271 5767
1335 3578
747 783
572 1926
272 967
0 5241
138 912
2078 2903
572 1909
1235 3247
4040 4328
0 2277
138 1335
400 5038
2047 2652
1778 2254
1591 1687
1137 2964
271 2126
2468 3728
3427 5060
62 365
2125 4907
271 5243
399 1566
271 2303
365 2288
608 5094
2784 3792
1397 2067
271 2412
365 2177
1019 4024
3252 4546
747 1641
241 1268
1035 1908
1137 5497
1353 2841
365 1099
1240 3593
2928 4970
365 2467
3285 4599
564 3627
697 1166
272 1871
271 3763
279 440
1137 5056
2104 2329
1350 2392
72 135
2005 3756
354 1137
356 1735
356 3379
1343 2478
787 1115
1031 3908
365 3047
1352 3611
0 1558
574 2891
1213 1463
271 1480
1411 2323
1137 2605
62 4975
372 702
271 3514
3963 5495
107 1316
1811 1942
1137 1191
1971 2618
349 1035
990 4240
106 1792
564 3727
993 1048
228 307
227 1984
2872 3451
549 551
289 401
2757 3832
3853 3986
271 5166
2778 3769
762 3218
2007 3891
1624 3336
60 1211
572 3915
263 1382
1406 1410
1872 2818
1536 5361
747 1335
2150 4981
2341 5418
365 1051
1797 3490
1137 2340
1587 1597
365 2405
238 2957
891 1357
747 1621
145 365
365 2550
781 1900
888 3920
271 3686
1130 2846
2822 5499
365 1216
271 2043
272 1963
583 4917
365 2584
407 523
143 1085
971 3832
2894 5256
1529 5591
1185 3490
1980 3766
0 5063
3083 5120
30 143
379 571
912 1764
2709 4286
271 3147
2080 2468
752 910
0 93
1236 3408
93 3494
3832 4158
344 3740
1782 5275
3563 4931
272 865
0 3620
1137 3470
2392 2452
272 1008
1406 5103
272 2724
1137 2859
1110 5710
1137 1347
1779 5140
1928 1931
2392 7706
1499 3498
4040 4146
1137 1453
1137 2278
271 5122
365 5027
912 5557
365 5344
271 5299
358 5410
914 1942
2676 3778
271 2468
564 1457
1137 3665
783 3676
764 1642
314 5562
365 2522
1137 3618
783 3014
1137 5522
599 1406
379 923
680 2836
143 3004
2309 2356
783 3528
523 1358
1137 5000
2346 2891
1137 1671
272 385
1160 3119
564 868
785 2961
1352 3780
143 1335
271 3134
1635 3220
331 4096
34 143
271 5581
356 1724
1242 2891
700 3971
365 1768
968 1933
1406 1709
3222 3348
46 913
285 423
272 3995
2145 3186
912 3130
1110 4908
551 2633
357 358
143 223
271 2854
0 5133
344 345
912 1051
1177 1569
271 3012
783 5749
1137 2178
608 2024
1067 2227
271 2202
1137 5234
1602 3312
365 3600
1906 2774
564 1553
591 1158
747 2100
641 2631
1067 2129
271 2488
326 3645
3613 3614
378 892
2510 2849
0 1104
279 294
1352 1904
2891 3494
285 1137
365 1271
2125 2254
271 3678
271 5055
2088 3060
2889 3517
30 1343
365 1160
1137 5083
2237 2917
2392 5126
1137 5044
1959 2671
2365 2891
0 1547
385 1991
1137 3227
1004 1942
564 3131
954 987
2022 3976
365 3576
1137 2560
358 2847
1745 2881
2631 2713
365 3465
783 4912
912 2930
271 5649
1901 1942
1942 2772
1251 1357
2468 4013
783 2182
3034 3435
1024 3615
564 5257
783 5434
1137 3059
2015 4072
783 2359
783 5289
271 2987
1727 3256
523 526
896 1352
271 3032
988 2654
2017 3981
365 5439
912 2381
2437 2474
365 2287
0 3408
749 750
271 2460
783 2953
1108 2158
2903 5145
241 3496
271 3597
2698 2699
279 330
365 1243
623 1035
0 1195
680 2909
93 2360
279 443
686 3499
1108 2892
272 2015
365 3113
365 2901
1499 2422
271 5004
551 737
365 1422
2903 5725
365 3046
912 3541
365 1567
2007 2694
2087 5626
912 1544
1815 3105
1229 2068
81 394
2891 3593
69 1401
271 2986
0 2468
1268 2085
26 912
271 5786
1027 1048
0 904
1137 1190
0 783
405 1084
1137 2975
2633 2635
1137 1335
1928 1936
138 1320
0 2929
2125 3164
271 5161
1008 2635
261 1343
365 2114
2125 3117
365 5411
272 3776
1254 1339
992 4130
2646 4099
365 568
3682 5426
377 1990
407 951
747 1620
1959 1978
2392 5425
2137 4998
358 5278
1745 5058
271 4934
2678 4274
1137 3734
2703 2706
1013 2675
279 479
564 5835
143 1084
1137 5091
1893 2624
784 2510
2890 3517
1724 3207
565 1043
1251 5665
762 1635
912 1081
314 2436
976 1357
365 1539
1008 1918
93 564
1998 3718
2412 2482
2254 3455
271 2607
564 598
1906 3833
611 4109
402 817
2088 5395
3758 3765
314 5356
0 2432
394 2928
1343 2838
761 770
1928 1932
1130 1904
1217 1371
5281 5327
138 568
2150 5369
747 1268
1352 3026
1137 1452
19 279
143 2085
1380 1792
783 2573
271 2177
1137 5205
271 5298
590 1192
271 2358
271 5411
19 610
358 4952
1137 3664
355 2254
279 285
271 1961
271 3653
783 3418
2220 5134
4934 5149
700 3923
1137 5007
0 3158
572 3772
2125 5144
2468 2474
0 365
1012 3712
2251 2354
1406 5452
93 743
271 3129
40 2337
54 365
271 2563
365 3492
761 1107
1782 5369
764 2606
1031 3778
572 2044
271 5734
783 5409
1767 2117
783 5462
1048 3804
271 3015
55 2988
1591 1677
365 5109
2125 5645
365 2502
143 365
912 5635
271 5217
5063 5534
1137 2322
962 1872
1760 5592
1641 1666
1011 3953
1029 1906
1137 2531
271 5383
365 5762
271 2491
271 5556
1942 1969
857 3307
271 3624
365 1270
1235 3248
572 987
1343 1406
1172 2510
675 2286
2759 5499
0 3122
365 2928
120 121
1132 2343
572 2053
1212 3634
64 576
1137 3081
834 3848
93 1343
1530 3324
1553 2591
680 2238
271 1526
1745 2880
271 5611
1137 2478
890 1049
1130 5567
1081 1904
666 1782
0 1883
138 783
0 4969
747 769
1137 1209
518 2742
1212 1357
1223 1699
1235 3249
1764 1777
783 5546
1108 1405
1227 2241
240 2988
386 551
589 2216
1137 2268
17 257
2043 3905
366 4069
365 2286
988 4188
1137 2366
271 5354
138 572
1472 2085
2793 3972
1137 5358
1441 1602
271 5403
2392 5115
279 1495
2468 2775
271 5512
271 1904
93 2438
365 2465
271 4973
764 1137
764 4597
1358 5270
3828 5741
1006 1137
257 2988
356 3246
162 279
271 2222
1010 1011
2114 5191
551 736
223 2631
76 2988
1268 3390
2085 3453
2384 5057
1137 3125
271 1445
2678 2719
1553 3168
58 2437
1872 1998
1137 2399
1882 4147
1893 1960
3688 5667
1137 2748
2709 3739
1137 3552
158 279
2392 2490
489 636
271 988
564 5194
2129 3129
1137 5740
271 3460
912 914
913 1647
1455 4539
400 1130
1346 1759
272 4136
1137 2974
1061 1108
696 1016
1529 3604
1928 1937
2435 2468
507 878
222 279
764 1634
1137 2296
2104 3330
358 1083
2775 3974
138 1035
3720 3809
868 1815
1981 3475
747 1623
729 1984
0 1130
365 712
2125 2483
575 981
564 1358
365 1069
271 3680
2015 2614
2085 2341
747 2474
143 1087
271 1130
2056 2675
1893 2639
2510 5348
271 4023
365 2872
1080 1137
138 304
2392 3674
93 642
888 2018
1137 1797
564 5529
365 3374
81 100
914 4266
365 3664
271 3435
1223 3185
728 5504
272 1010
376 4223
2611 2709
1346 1712
568 1904
0 2539
2005 2696
609 808
271 2941
1923 2717
1265 2125
564 4940
2392 7708
269 2085
890 2722
912 1335
1137 2276
0 145
2012 4202
3210 3340
2128 3004
1022 2801
2751 4237
1356 1745
1343 3541
271 2353
365 2230
117 281
358 2281
1547 5617
912 2085
271 5410
2286 5260
271 2470
912 5461
564 1459
1316 3682
398 523
1192 5368
271 2519
2125 3459
764 3862
271 5029
783 1137
1320 3530
1444 2352
1942 2067
272 372
2510 3092
2123 5260
2733 2891
783 3461
1130 3760
572 790
2752 2891
0 5029
1138 1343
2638 4159
365 1766
1268 3017
1625 1652
651 1020
81 5205
138 2286
271 2979
2145 2589
385 608
1872 2545
2085 2665
1005 2060
272 990
1067 1769
271 3580
912 2614
783 5457
365 5175
41 5045
1177 1575
238 827
1008 2742
26 747
766 3225
1431 1779
271 2167
365 5465
1137 2176
2791 2801
700 4278
3736 4025
331 341
271 2276
331 1977
382 608
271 2325
1137 2530
864 4134
325 2516
2774 4221
271 1774
271 2490
365 5644
2468 2748
143 5496
1745 5726
700 1879
1524 4093
314 1342
1421 5013
314 2169
272 1894
2123 5194
271 3672
3273 3325
572 980
925 1764
1137 3886
1591 3923
272 2052
1137 5034
365 2927
2786 4235
1386 1583
940 950
1024 1921
1137 3080
1600 1696
1137 1916
279 853
2085 2394
81 2468
0 104
94 920
1906 3759
2297 2893
3866 4191
1891 2678
777 834
271 3491
3832 4058
1015 2658
2891 4984
1022 4178
747 913
572 1904
988 1437
277 1320
1137 2114
1147 2089
302 624
2078 4904
153 2988
271 2123
1108 4175
70 783
1137 5148
271 5365
2187 5238
625 1977
0 2596
1137 5357
783 3150
864 4290
120 1343
747 1642
988 1904
857 4594
1026 1900
912 2078
2272 3005
2392 5574
496 636
81 546
279 437
2292 4998
2476 3433
1406 5208
1137 5061
1244 4910
1137 3163
783 1359
551 739
365 1420
271 1335
365 1565
868 2968
271 1444
365 3401
576 1544
2085 2430
271 825
2775 2891
271 1493
354 705
1137 2594
764 788
81 5132
110 143
271 942
912 1320
2478 5222
1745 5304
271 3463
2244 2847
912 5368
271 2840
2085 3142
358 3562
1928 1938
271 2953
760 1659
365 2511
2700 3872
81 1184
564 5597
998 2765
403 523
2392 5426
1343 1461
747 1320
0 2961
365 2257
1137 5176
1137 2521
138 1954
2105 5296
271 2381
599 1137
1137 2474
2891 5660
783 2942
1133 2309
747 1622
857 4558
2341 5493
271 2546
914 3967
913 3341
2478 2614
62 840
1371 3302
1011 4239
365 1213
2476 3050
1745 3506
523 1319
1202 2478
365 1358
143 1086
1008 1352
271 5846
1893 2638
1553 2397
34 271
2085 5155
365 2871
5094 5287
1872 4042
551 647
1607 3186
138 1352
271 3156
1782 5231
783 3574
0 80
823 832
2468 5602
1909 3719
2540 3592
291 1984
575 1904
0 3623
3832 4003
669 1591
1137 5647
1487 2395
3922 3948
3876 4261
365 2339
783 5500
1406 1904
485 636
1904 4934
1008 2699
1900 2790
0 523
608 1872
271 5135
2828 5320
2463 2502
1782 3441
314 1110
365 5381
100 635
2135 5094
747 2125
783 2861
783 2602
1431 3593
1137 3670
2636 3819
365 683
1035 1969
47 2007
834 4106
271 1963
1878 1896
379 2632
564 3566
1011 3795
168 279
2679 3825
988 3946
1314 1406
2392 5165
1137 5005
1243 1961
1553 2976
2125 2970
358 5493
356 1690
1137 3171
365 2988
564 5502
523 5206
0 1745
392 551
2088 2534
747 761
1137 1969
0 60
955 2816
2107 5103
1782 5370
797 2645
368 565
271 3406
1259 1779
1406 2138
1133 5378
1137 5675
1251 2891
1137 3028
1130 5499
783 5456
756 910
0 5120
700 4177
1537 3597
1904 1909
1246 2384
358 1137
998 2618
110 1782
868 1738
271 2166
365 5464
1904 1988
1591 1596
2678 2811
680 3164
271 5264
1040 2796
271 1656
271 2324
1137 5312
1237 2891
1137 2529
1745 1762
1942 1988
365 766
1745 3151
1895 4181
276 2392
236 365
257 912
1421 5615
271 2443
365 1268
656 2828
0 1218
1137 4943
271 5048
764 1502
1137 1553
2392 5129
2087 2272
1764 2342
564 3296
356 1726
1137 3087
1137 1907
271 1347
271 3103
1137 1996
1137 2565
1187 2304
2007 2114
1137 4597
1491 1698
912 2933
1335 3649
947 1108
808 986
0 2523
912 2692
271 5763
2699 4188
913 1665
1406 4906
271 2823
1803 2392
1343 1635
747 912
2777 3952
1235 3251
314 3169
385 3274
143 2286
271 2085
2254 3607
365 5291
1137 2258
271 3628
365 5079
2787 3765
122 228
52 783
753 910
1421 3071
419 2988
1137 2364
271 1628
147 610
912 2334
2392 3477
271 1741
783 2954
1011 4101
344 995
3217 3350
365 2463
402 2475
271 4975
599 3998
3565 5614
1321 1864
1524 3905
1325 1904
279 436
356 3289
808 1904
365 917
783 1241
3845 3846
1591 3254
399 544
888 4047
0 5119
912 1901
2057 2618
271 1334
335 611
279 433
2683 3793
523 1343
271 3187
3779 3889
1343 5084
1100 1268
271 824
271 1492
365 5203
2516 5295
572 2808
3187 4603
1044 2377
1421 3668
1201 2834
2085 5796
154 1110
19 143
271 2952
638 3122
1900 2691
271 365
1959 3847
271 5162
700 4232
224 4273
1316 5023
1108 1137
859 3389
17 1864
1370 4544
271 2271
365 5553
365 2401
365 5698
1764 2234
1797 5743
564 1352
2891 3474
365 1067
0 1051
1252 3593
1008 2058
356 3182
271 5104
1352 4046
365 1357
143 1081
365 3193
1524 3796
1893 2637
928 1137
2772 4124
1137 1753
758 3211
783 5758
87 2085
551 646
2389 5608
26 1343
271 3110
17 2988
2706 3733
271 1467
3763 4272
762 3612
5213 5216
1693 1793
0 2405
1421 5785
271 5669
271 909
36 1798
783 5209
365 3662
2891 5385
365 2085
5333 5548
783 5018
1745 2216
3288 7709
0 3010
857 1727
272 1027
2019 4210
271 5309
365 4989
2478 2485
1137 1488
1137 5231
1268 1550
575 2762
4 957
1179 3095
2102 2104
2165 4960
3792 4252
1467 1808
263 1329
365 5023
1110 3683
271 2178
378 2742
1108 2396
271 2355
914 3774
564 1550
985 3703
271 5420
2468 2714
271 5469
93 143
5695 5696
365 2518
1137 3622
271 5570
2758 2795
356 4571
2891 5690
1624 1656
783 3495
1137 4915
2891 5771
93 5214
857 3320
2891 3445
271 3309
271 1096
365 3165
1351 1792
1024 1959
271 847
271 1390
365 3455
2700 4123
365 1764
625 1035
271 1439
2119 2437
0 61
365 1909
271 3401
1137 2938
271 5806
397 523
1010 1888
272 976
2478 5279
271 3582
271 5855
1979 2726
912 988
1137 1379
271 2899
1137 5819
2621 3738
2468 3947
747 3344
3273 4596
1932 1939
1591 1678
2392 5016
216 279
507 808
1006 2070
1137 2182
4123 5499
271 5218
365 4995
1635 1655
3792 3811
2891 5592
1137 5238
271 5267
2510 2571
366 4031
271 2327
1352 1942
279 1832
1877 2468
2078 5247
365 765
2771 3830
777 1919
1011 4136
747 1553
74 145
0 1108
912 4894
271 3637
365 1260
1035 2709
402 1151
1137 4942
365 2635
271 5051
138 1541
1463 2085
564 3523
365 1156
2003 3832
857 3284
72 2492
998 3788
671 2622
783 912
143 1137
572 2620
1872 3844
279 424
806 958
1530 3208
787 1090
769 1619
785 1137
365 1591
590 912
271 1346
2891 5218
279 855
564 747
271 5103
3050 4993
1909 1969
2256 2898
2468 2471
0 25
1008 1032
24 143
271 3388
747 3130
271 5661
1335 3648
0 136
77 2634
0 2524
3795 3992
271 3501
1100 2414
0 2123
1236 2085
1137 2127
1235 3250
523 1383
273 3274
1426 2085
783 2464
365 4933
1137 2257
1929 1935
271 2133
365 2138
314 5003
1040 2746
747 1358
988 4191
747 1944
365 2428
1137 2444
651 1045
1108 4911
747 1644
271 2456
5375 5572
138 1024
271 3593
1587 1591
911 1137
0 3571
77 1935
1100 2969
749 1137
672 2341
70 344
1716 3187
2810 3565
2125 2175
2384 2503
1005 2668
890 4065
365 1529
145 960
1745 5729
0 3089
868 2827
271 1329
2085 5278
279 7653
1802 2891
1703 3297
572 591
2468 3736
271 1495
999 3993
1900 4068
2150 2349
1137 2737
138 863
1335 1904
3182 3187
975 3726
1965 2070
3911 5499
783 4969
257 1137
564 4971
1130 1522
2709 4075
68 3093
1137 2301
271 5173
523 7663
1137 2382
271 5210
0 1359
401 5089
583 2553
365 564
271 2383
305 2085
912 2123
857 4556
996 1037
365 2545
3288 4599
143 2614
365 2434
2125 3693
271 4930
363 3301
2468 2629
365 1211
608 2100
513 5350
783 1167
2135 2137
365 1356
1893 2636
1907 2468
564 5621
1530 3264
2384 5024
385 2731
402 523
271 3158
2468 3772
988 1915
365 1680
271 2603
365 3516
271 5668
138 224
365 1825
365 3661
2088 5399
1872 1942
572 2717
1223 3186
325 2600
138 962
1137 1350
2429 4959
1602 3327
915 2891
5054 5094
1343 1429
2125 5649
2694 4057
263 1328
1268 1442
1406 3844
1099 3232
1106 1172
2272 2363
0 3008
2727 3948
583 3470
41 81
2254 2414
909 2292
1137 2555
2478 2934
312 1160
93 285
271 2467
1137 3668
788 1427
1137 3621
2891 3505
1704 3362
2738 3832
970 5499
906 1268
365 4997
365 1183
1585 3186
325 365
59 81
356 1589
1406 2573
271 1272
864 3764
2474 4979
1991 2468
1137 1877
365 3454
1130 3665
263 3585
2468 3792
1370 1608
11 257
747 763
529 1356
2596 2997
271 2575
2891 3652
2160 2506
1063 1137
572 1033
272 834
0 2545
832 2022
1421 5371
1010 1889
272 977
783 5421
1137 5673
1136 3299
344 2058
2474 3181
3837 4331
1782 5796
572 3993
365 2165
912 1055
143 2474
1137 1425
264 285
0 1335
272 3898
271 5379
365 764
271 2439
2468 2751
1871 2693
611 2713
93 146
271 3636
365 5283
271 1254
0 380
610 2299
807 2615
365 1155
1137 5086
2104 2307
1370 3332
890 4042
72 145
3453 5113
1235 2474
1067 1388
700 3955
1137 5039
1137 3195
783 3672
1149 1192
1008 2012
2125 3004
365 3069
1041 2010
3415 4934
93 1339
272 625
1591 1597
365 2958
743 2169
857 1082
0 26
2254 3161
2640 4893
271 3391
2709 3715
271 964
1268 2254
1137 5700
271 3500
1136 3248
1553 5639
1137 1213
958 2014
2891 4989
312 2382
1048 3725
271 2998
988 2724
912 2468
1100 2125
2085 2924
1237 2468
2809 3982
271 2087
2894 5033
2618 3820
271 2132
1896 2795
2731 4220
271 5185
142 143
1108 2342
1343 2407
1137 2354
271 5366
2512 2537
365 591
358 1740
784 1523
143 912
271 1743
271 2459
2468 2771
49 743
5633 5658
1136 1693
365 1093
77 1085
2471 5137
356 3188
1137 2410
356 3291
813 5499
356 2871
365 915
295 636
271 4111
2678 4213
143 1108
93 777
2126 2392
279 660
383 1172
402 1429
271 1328
1137 3113
4123 4139
1370 1681
271 5448
11 2988
572 575
1704 3239
1352 2019
1900 4069
143 1544
1893 3736
385 572
783 4992
1137 1369
1760 2478
271 2917
610 3131
377 624
3846 4096
271 2954
783 5333
365 5372
764 1619
1995 2991
385 1016
1137 2300
241 1137
365 2109
523 783
91 279
747 1325
762 3343
1343 3517
888 2781
398 2085
271 2265
365 2254
3707 4271
1945 2777
2400 5543
2872 3022
3736 3939
271 1714
783 5048
271 5499
797 3858
1043 2022
1698 3218
868 1137
365 2433
1108 1591
1904 3720
69 81
279 474
1942 2059
761 1662
1893 2635
1005 2639
783 1343
1421 2512
2098 3546
777 2974
1357 2878
137 531
1782 5440
2700 3900
271 3104
272 3970
1409 2290
2437 5205
40 1137
143 1358
271 3153
518 2307
1668 3260
2137 2239
3733 3969
278 1038
0 1904
2468 2706
378 1990
271 911
783 4983
271 5716
1137 1268
572 2005
236 1343
1137 2861
1352 2297
1406 4960
1901 4007
1268 1544
3889 4228
1137 2063
1137 2155
1137 1447
0 2898
583 2238
785 5263
271 5305
1352 3521
564 1544
2668 4213
0 1499
272 3880
859 5684
365 2371
890 1942
271 5471
1591 4544
365 680
408 523
1939 1940
988 4086
271 5025
769 1658
912 2343
273 1584
833 1268
976 1137
5094 5220
2029 4046
491 636
1137 4994
988 3860
1406 2520
1137 3991
2251 2392
1137 1787
3273 3367
365 2840
356 1669
2384 5118
1274 2891
564 785
1421 2262
572 624
1782 2139
2891 5321
46 1223
747 762
365 3487
62 1409
2270 3032
917 5002
890 1137
564 5134
0 2145
271 3576
910 2085
906 2125
572 1896
523 536
1492 5104
2852 5084
271 3010
1932 1933
909 2468
2379 5507
271 2163
365 5461
619 621
138 680
523 2474
365 1775
1913 1919
1140 3041
1137 5236
398 5217
271 2321
797 3881
1472 2125
399 1313
271 2438
507 4113
673 1212
1710 3242
2712 3985
783 2857
917 5049
1137 4940
143 2665
93 5135
365 5741
659 1119
1524 3743
564 1056
356 3255
1008 3968
1137 1558
564 5768
1008 2891
1137 3084
783 1508
1137 5289
923 2649
5506 5515
783 5252
365 3570
641 1985
2668 3893
0 27
1130 1777
271 5663
2012 2351
0 138
1160 3174
365 1147
271 3503
747 772
0 2125
279 467
271 5758
271 2993
758 1635
93 1137
912 1149
0 2923
764 1627
1137 2263
365 5076
271 5797
365 2136
909 2137
1108 2343
365 1991
271 2244
1137 5136
1137 2353
143 610
271 2421
2114 4921
271 1742
2623 3743
1137 5490
1038 1872
1352 3319
1133 2478
973 1137
1921 4093
700 2022
143 1201
156 1040
857 3205
561 1984
365 1382
0 2121
1406 2458
1137 5113
636 1831
356 3243
697 1137
271 1154
1137 3167
365 3040
365 1561
143 1397
1113 2891
279 450
145 1137
81 115
344 3719
312 313
143 1547
1524 3757
2085 5711
1008 3866
143 236
834 1904
241 2602
271 3459
409 1318
138 812
565 963
62 5232
783 2321
108 2517
747 1137
1901 4034
629 3873
132 145
912 2433
523 689
1035 3958
1010 4039
365 2108
1553 4985
564 2286
608 1942
366 3978
271 2264
271 5333
2392 4909
1406 1430
912 2125
0 1135
988 1872
271 2558
120 5306
1872 2742
143 868
0 1054
1352 1678
1137 3720
2668 2715
344 625
365 1209
0 1165
365 2577
279 469
1942 2056
279 2209
783 933
271 1137
2254 3499
608 1004
1008 1942
769 1640
1179 2085
762 1645
680 5200
356 1670
271 3107
1211 1869
1343 2392
609 2468
832 1948
1988 2013
2468 3996
1137 1259
591 710
957 3803
2774 3843
1467 1591
3014 5065
1441 2468
3273 4573
0 912
1268 2341
1959 3927
1137 1446
2093 2392
1904 2012
365 5020
2709 4210
572 1562
93 3845
1591 1605
0 1325
1268 3690
1872 2676
3802 4021
365 2370
2468 4198
1782 4982
2818 3880
797 4085
1000 2815
2392 5476
2220 2578
912 4917
1921 4020
1235 2226
271 3651
1137 5515
1998 2637
1783 2125
1235 1611
1252 5002
2612 3765
1382 2145
271 1109
1067 2614
523 1492
0 5719
1137 1786
769 1652
1980 3921
3961 3985
1745 2748
2809 4146
2114 4925
912 2114
659 5143
1236 4964
1872 1901
1108 3543
1137 5467
271 1432
1872 3784
120 4952
783 5129
3832 4193
680 2534
