7716 1198
372 1965
1745 3506
236 591
833 835
365 546
271 567
957 1352
747 1352
269 2085
81 2516
19 143
564 4940
1137 2260
81 940
107 143
365 6036
1110 5710
608 834
271 2358
0 145
271 5383
271 365
572 1035
365 3096
912 2468
75 610
912 1268
365 2085
271 5487
1008 3707
2891 5480
566 2891
119 358
145 591
1008 1901
138 1343
365 1100
1357 1421
2033 4060
143 1406
365 1268
833 2104
564 2891
138 236
271 572
608 1904
142 143
74 116
747 1268
20 584
584 1361
1137 1325
107 108
1011 3742
398 523
271 1270
988 2891
312 2382
833 912
1553 2891
2125 5690
2104 5241
2889 3517
81 5205
46 271
48 263
523 2286
564 1352
2891 3474
1013 3994
143 912
783 1137
69 1316
35 5815
1137 5342
365 1093
1268 2891
169 279
1110 4908
326 5684
747 1553
302 608
3014 5065
272 372
2091 5816
2007 3792
2584 2891
272 572
271 1008
143 2337
81 2306
747 1130
1008 1872
1137 1318
365 1357
1008 1010
108 365
3409 3517
81 1792
93 138
325 2516
271 2145
912 2377
0 271
1942 4168
365 584
116 712
912 2286
564 912
2125 2474
0 819
564 3131
1352 2777
81 5266
0 1104
87 2085
912 1130
143 783
143 1108
610 2152
365 5156
145 747
143 1901
564 1792
379 1137
1008 1013
81 5529
365 2828
379 4319
0 2468
385 896
551 1981
2468 2891
1901 1942
2891 5575
314 2382
2474 2891
2033 3753
143 747
402 523
271 5342
1013 2043
1137 5697
1885 4395
313 314
1872 1942
138 2286
912 5045
238 326
385 608
11 2988
912 3282
2474 3273
834 1040
365 908
143 269
271 2424
0 276
378 608
1942 4305
912 2614
271 358
591 2125
3753 4305
385 572
572 3948
116 143
1008 1035
331 2468
1108 2614
523 1406
2085 2891
41 5045
138 365
610 1343
30 81
27 1325
312 3001
1008 2742
1137 1343
26 747
365 1343
565 1043
302 1942
747 912
564 2254
730 950
238 325
0 143
379 2799
564 1343
0 4
0 3408
279 418
223 4305
0 1137
795 2891
1239 2828
238 308
143 1553
1110 3683
2891 5120
0 102
1137 4348
365 3001
378 2742
143 358
241 1137
115 2928
138 629
271 1635
75 1137
138 1024
523 783
1008 1048
48 1330
747 1325
599 912
30 2085
398 2085
2424 4966
116 1268
2400 5543
120 1137
29 2988
143 2440
2005 3792
1406 5779
145 912
93 143
81 110
224 572
912 1553
1137 2888
138 868
1043 2022
271 2420
20 81
385 1009
145 1137
271 1108
2891 5690
93 912
138 1035
2392 2444
143 680
912 3218
529 2468
62 912
271 312
912 1343
365 1422
69 81
116 564
271 2784
238 365
2382 5059
1137 2392
2539 3521
988 1921
3241 4636
31 145
143 238
2891 3179
1035 3719
143 1782
2654 4175
2007 2114
62 3445
1893 3948
1048 2748
914 1981
145 564
365 3466
988 2005
2085 3001
54 5065
523 833
1054 2082
143 1325
46 1591
611 5499
72 143
308 365
1893 2623
0 890
1101 3608
6 1551
81 394
868 1137
2286 2382
912 3517
81 257
69 1401
365 5180
914 1942
878 879
859 2891
599 4238
912 2254
40 1137
179 279
143 1050
365 523
93 1137
271 2114
143 523
2043 3736
81 1407
68 143
145 523
2562 2891
271 3041
143 988
2633 2635
120 2125
0 2478
1137 1335
0 2121
81 2299
0 1693
143 271
272 808
350 2928
138 1893
747 913
988 1137
143 914
143 1236
302 2468
325 539
81 2152
1137 1268
912 988
1137 2114
890 4168
1137 1379
271 712
2631 4319
0 1343
1881 2991
564 2085
1137 5819
912 1325
859 3683
833 1137
138 143
0 257
236 564
271 3608
381 3517
1268 1904
1356 1421
271 5177
68 81
1942 3792
3041 5188
801 1871
365 1553
62 1137
1901 4007
216 279
138 912
507 808
271 3720
148 1551
783 2320
610 5713
808 2468
912 1969
599 1011
44 143
365 591
1942 2742
271 3520
138 2125
228 238
1070 1318
271 5540
365 2928
2888 3517
747 868
143 2254
143 2928
0 1218
1048 2004
572 1893
257 523
13 143
957 1981
1356 2700
1352 3521
1352 1942
272 1352
1137 1406
0 2891
120 143
365 2107
365 3218
1877 2468
1137 5661
236 1137
223 601
271 783
143 257
34 81
120 2889
1024 1942
912 1192
859 5684
2443 2891
912 1024
3187 3258
0 5496
1035 4060
18 145
988 1942
81 546
564 2474
81 5816
36 2988
747 788
81 108
783 5289
564 591
81 143
365 2966
0 4342
1137 5083
271 599
365 576
1101 1137
1921 3792
591 1024
0 236
591 747
365 1981
2891 3445
1137 3600
143 241
783 912
0 2
271 314
143 1137
551 739
385 599
1008 1918
93 564
272 331
564 1130
787 1090
2145 3187
143 2474
2891 5592
0 5241
271 2254
93 271
1008 2706
988 1918
747 1024
365 1591
564 598
365 1379
101 2891
138 257
133 2516
564 747
940 950
2007 3764
2088 5395
138 2254
272 1909
138 1108
236 523
2358 2891
325 5059
523 525
0 2988
1942 2007
331 1035
783 5460
394 2928
365 1160
1137 5323
46 1223
145 257
2891 5949
138 591
81 145
271 5661
143 1352
18 81
988 2784
365 5731
365 1108
147 610
564 1137
238 2468
81 1551
1137 2098
788 1635
1184 2260
271 564
2494 5396
610 2091
5281 5327
783 2891
1792 2891
365 2468
890 1137
912 1406
365 712
2891 3218
224 988
1881 1942
2867 2891
608 2007
271 5489
0 2145
1137 3474
271 3670
271 1528
138 1553
138 2474
2891 5352
54 271
1008 4227
0 36
2891 5475
145 607
138 271
1137 5460
1236 3408
2891 5395
114 808
271 5025
1008 2066
257 365
564 2125
58 5205
890 1942
523 1352
577 3053
834 909
271 1553
0 25
19 610
271 381
81 87
381 2286
523 591
0 5475
1137 5422
0 2114
2647 2777
58 271
1108 1325
523 2474
344 1008
572 4305
1048 4007
2400 2420
1137 2474
271 1406
1137 2891
46 1607
358 1184
2891 3517
145 1528
2891 5792
271 3466
1764 2082
2706 4186
138 564
912 3186
608 890
271 1211
59 564
81 5065
1528 5543
271 747
143 564
138 272
783 5305
143 1130
37 271
0 2474
365 3592
14 271
228 2516
271 3057
523 912
1137 1893
1137 1192
271 1591
138 145
608 1901
0 365
912 2891
119 130
133 238
730 2085
1137 3385
365 5480
34 271
0 1122
0 833
272 2647
417 2988
271 907
40 2337
0 2286
1160 2476
1137 3596
271 1782
1607 3186
33 143
564 5489
365 846
1136 1693
143 3517
523 1108
271 2889
1236 2085
107 564
272 2678
1137 5871
564 1553
272 914
93 2891
272 1035
1035 2033
93 2610
1044 3792
54 365
572 957
564 2988
912 1108
925 2474
138 2988
1035 2742
0 2828
143 2516
572 591
21 783
81 5815
747 783
1909 3719
2683 4227
1137 2468
1137 1330
564 1335
730 940
7 1792
365 2286
143 2306
0 564
608 1881
72 2134
2494 5289
608 1044
1137 2494
846 3693
730 2914
19 5816
576 1768
1024 2891
591 1981
138 1335
912 2478
608 988
365 2890
2286 2891
0 27
3273 3330
2891 5323
577 2828
3241 3330
1137 5949
365 868
2481 2891
783 5792
93 523
365 1318
1268 2085
523 1137
0 138
26 912
55 2988
372 591
0 1352
365 2474
62 365
5065 5543
833 834
271 2614
143 365
271 2392
1406 2556
2468 2706
365 783
0 2125
257 1137
564 2286
399 523
0 523
608 1872
81 1184
138 1008
81 566
912 3474
2828 5320
678 1764
2891 4657
1668 3187
1406 2478
1108 1137
378 1942
912 1149
271 2911
808 4319
257 591
350 3002
1137 1401
1137 2700
271 1422
2631 2713
2891 5779
680 3418
143 145
271 1325
0 783
1137 5756
0 46
86 241
1035 3753
2114 2891
985 1024
236 365
1137 5238
272 608
1137 3670
2891 5422
72 1137
2254 5327
365 564
1380 1792
271 912
591 783
81 2143
241 271
365 1270
302 4319
17 2988
143 610
143 1024
2476 3559
859 4908
107 138
3187 3259
1010 1011
133 3001
2828 2891
147 5815
564 783
6 72
0 1782
365 5281
143 2614
352 1792
1130 2891
2125 3693
1564 2891
3 5815
1877 4348
401 523
747 988
1379 2891
138 601
365 1211
2377 2474
988 1885
313 2382
1035 1881
1050 2828
591 1137
302 2635
238 1137
833 2107
358 365
156 1040
833 2891
523 1343
912 2114
365 795
86 936
1871 2468
2007 3771
365 2272
3513 5156
0 988
143 1268
365 2988
2494 3418
912 2125
365 1356
107 5731
2474 3001
72 148
325 2382
271 2891
271 1192
392 551
747 1343
2 143
385 2731
356 2145
1137 1969
564 833
143 2988
271 1110
138 1406
107 1316
0 5119
271 2037
564 2145
890 1893
747 2125
1101 2427
138 783
365 1137
272 507
409 523
0 1093
1137 5305
2700 2891
518 2742
138 224
0 1528
271 846
572 1011
271 2427
81 936
1551 3053
1351 1792
2539 2891
344 3719
0 1268
455 2988
62 745
834 1035
271 2320
1223 3186
572 3720
312 313
81 350
372 572
747 1650
1008 3948
3517 5460
240 2988
365 747
143 236
271 5083
400 523
745 5731
272 1871
146 2988
564 2114
564 1268
409 1318
17 257
747 1335
46 913
365 2472
1921 3946
143 595
358 1137
271 1093
365 1130
279 455
365 1792
110 1782
108 2517
59 912
747 1137
1149 1192
138 1137
1035 3720
629 3873
138 565
1137 5575
132 145
2478 3096
138 572
572 2037
143 2891
145 365
72 912
271 591
3506 4945
46 2891
365 833
3517 5756
2457 2891
365 2088
74 145
356 1137
787 5543
539 3001
783 5664
378 572
676 1357
1904 1942
2205 2988
263 912
271 2474
0 1054
138 523
2085 2306
1137 3409
1325 2891
1104 1105
608 1942
1210 1422
0 2991
276 2392
410 5928
81 1070
257 912
912 1352
5342 5928
2891 3670
868 912
0 1553
912 2988
2043 2474
143 379
271 914
38 143
591 2286
233 2631
1137 2478
610 868
0 5025
0 2143
257 2988
333 611
25 5816
584 5756
1137 3720
3083 5120
572 834
1137 2572
1650 3218
365 2114
572 1881
564 5038
1137 1553
1406 2043
2043 3994
365 1090
223 2631
1159 3041
2890 3517
1008 2654
23 81
325 365
18 241
143 1115
59 81
5 1137
1352 2033
0 1406
551 2633
0 93
325 1053
377 988
271 1137
365 5238
3385 3517
76 2988
138 833
271 6036
1008 4168
365 912
598 912
81 5045
81 120
819 5065
523 564
1179 2085
365 1406
143 2114
0 599
26 271
0 2358
272 1008
72 3053
1969 3753
1137 2748
0 3385
99 1316
599 1137
912 1335
2468 3792
271 988
271 2443
11 257
584 2141
81 115
529 1356
0 2254
314 3559
2584 5238
271 1104
912 914
69 99
409 907
1044 1942
564 1024
138 1130
518 523
223 1137
747 2474
801 2776
3720 3765
3241 3282
834 1942
1137 1453
236 279
99 1137
595 907
365 1024
988 2654
1406 5499
1160 2382
507 878
68 2085
271 576
143 591
125 279
2104 3330
236 912
1137 5818
143 2286
271 2085
747 2114
81 2468
365 1782
2463 2891
271 1421
2114 3187
1406 3707
1877 4342
263 365
2742 2799
745 841
365 3600
787 1115
81 2914
0 912
1137 1782
122 228
1335 3002
572 1024
271 2468
52 783
2 81
15 81
1343 2891
608 1024
2891 5540
2125 2157
271 523
271 1268
331 4319
2004 2623
1352 2668
565 808
81 369
2891 5664
271 3083
783 3014
110 143
0 1130
271 3218
120 358
551 646
0 2085
3900 5177
272 377
912 1137
1764 2474
599 1406
3875 5177
76 257
365 5871
0 1325
572 611
271 833
271 272
523 1553
1553 3273
1137 1804
1130 3703
385 1942
523 3517
358 400
0 26
138 1352
1008 2891
611 2713
93 146
1008 1942
308 2516
48 66
271 1130
2157 2517
0 4305
572 1915
81 99
53 271
55 257
410 523
564 868
610 2299
2891 5555
1745 5487
259 834
801 2966
233 271
143 2468
1137 5515
747 835
1693 2891
1137 2562
331 344
1008 2647
90 1137
81 269
1008 1011
912 1901
145 271
271 2535
1192 1407
564 5529
365 2125
988 1035
271 3513
912 925
271 5119
3513 3596
2145 3186
572 3736
409 1070
15 1050
365 1352
564 1406
271 3187
2145 2891
369 1137
914 4266
2478 2891
141 143
271 824
1745 2748
572 1008
72 2492
1108 2082
143 223
143 833
5 302
1872 2614
1406 3418
1137 3617
271 2404
1108 2784
66 81
365 2891
1137 2286
130 358
138 747
71 271
0 591
159 169
2392 2476
145 2891
271 1343
404 523
271 1564
344 4238
365 2392
93 365
71 81
30 358
271 4175
138 1268
