7716 1278
372 1965
523 912
236 591
564 4940
365 546
271 567
572 1035
747 1352
269 2085
81 2516
312 2382
2562 2891
74 116
81 940
238 308
365 6036
2468 3792
608 834
564 912
0 145
271 5383
271 365
957 1352
365 3096
912 2468
410 523
75 610
365 2085
2891 5395
890 1893
138 572
1137 2237
566 2891
119 358
576 1768
1108 1137
598 912
138 1343
365 1100
1357 1421
2033 4060
143 1406
833 2104
3241 4636
1008 1901
271 572
608 1904
142 143
2694 2776
747 1268
20 584
584 1361
1137 1325
0 2474
107 108
1011 3742
398 523
912 3474
271 1270
1008 2706
19 143
1804 2125
833 912
1553 2891
2125 5690
3513 5156
2377 3565
2104 5241
2889 3517
0 2891
143 1320
2468 2891
523 2286
365 3001
2891 3474
564 5529
271 272
783 1137
0 1051
0 1600
608 2709
69 1316
35 5815
1137 5342
365 1093
1268 2891
169 279
326 5684
747 1553
302 608
3014 5065
0 36
271 1108
2007 3792
2584 2891
1024 1352
271 1008
272 1921
747 1130
1008 1872
1137 1318
365 1357
1008 1010
108 365
3409 3517
81 1792
608 1901
325 2516
271 2145
518 523
138 565
1942 2742
1942 4168
365 584
116 712
912 2286
2125 2474
747 2474
564 3131
1352 2777
0 833
0 1104
523 1137
912 1130
143 1108
610 2152
365 5156
145 747
2631 2713
1110 3683
379 1137
1137 2474
81 5529
365 2828
379 4319
81 2143
271 1553
1901 1942
0 1782
314 2382
2474 2891
2033 3753
143 747
747 1343
271 5342
365 5731
1137 5697
1885 4395
313 314
81 5205
834 1942
912 5045
23 81
385 608
11 2988
912 3282
2474 3273
271 1051
365 908
143 269
906 1268
0 276
378 608
1942 4305
783 5289
912 2614
271 358
138 1406
3753 4305
385 572
143 5496
572 3948
2890 3517
1008 1035
365 1079
331 2468
988 2654
523 1406
2085 2891
41 5045
138 365
1008 3707
27 1325
312 3001
1008 2742
1137 1343
26 747
2424 4966
365 1343
912 2988
1406 5499
564 2254
116 1268
3517 5460
238 325
1043 2022
379 2799
564 1343
0 4
0 3408
279 418
223 4305
0 1137
795 2891
1239 2828
107 143
564 2474
1472 2237
143 1553
0 257
138 783
1137 1401
143 1325
988 2891
257 365
378 2742
3517 4940
272 572
68 2085
138 629
75 1137
138 1024
523 783
1008 1048
48 1330
747 1325
523 1352
599 912
2700 2891
398 2085
3720 3765
1137 3617
2400 5543
29 2988
143 2440
2005 3792
1406 5779
145 912
0 236
81 110
365 1600
259 611
912 1553
1137 2888
93 143
138 868
577 2828
2748 3792
3273 3330
138 912
1179 2085
385 1009
394 2928
145 1137
365 1981
572 957
2891 5690
138 236
350 2928
143 914
2392 2444
680 3418
271 2810
2104 3330
60 1211
271 312
912 1343
365 1422
69 81
116 564
271 2784
46 1591
238 365
2382 5059
1942 3792
2539 3521
988 1921
564 2891
72 148
119 912
279 455
31 145
143 2286
2891 3179
1035 3719
143 1782
2654 4175
2007 2114
62 3445
1893 3948
1048 2748
914 1981
145 564
365 3466
988 2005
2085 3001
834 909
523 833
1054 2082
1137 2286
611 5499
72 143
308 365
2891 5422
1893 2623
26 912
912 2474
996 1043
1160 2476
2891 5480
868 1137
2286 2382
912 3517
81 257
138 1081
69 1401
365 5180
914 1942
878 879
859 2891
0 2468
1268 2085
138 1035
572 3720
143 1050
365 523
143 379
2662 2706
2709 2810
271 2114
143 523
2043 3736
81 1407
68 143
145 523
143 1024
271 3041
143 988
2633 2635
120 2125
523 1051
1137 1335
0 2121
143 912
788 1635
81 2299
0 1693
143 271
138 1320
138 1893
747 913
988 1137
365 846
143 1236
302 2468
325 539
1137 5515
1356 2662
1137 1268
912 988
59 912
890 4168
1137 1379
271 712
2631 4319
365 2088
1881 2991
564 2085
1137 5819
912 1325
859 3683
233 2631
138 143
236 564
365 2114
381 3517
564 1130
1356 1421
271 5177
0 564
68 81
833 1137
3041 5188
801 1871
0 5241
62 1137
1901 4007
529 2468
216 279
912 1406
507 808
912 3218
148 1551
783 2320
610 5713
808 2468
599 1011
1137 1320
53 271
0 2478
81 350
138 2125
228 238
1070 1318
2891 5592
21 5375
2888 3517
747 868
143 2254
71 271
143 2928
1048 2004
572 1893
143 1901
13 143
957 1981
1356 2700
1352 3521
1352 1942
81 5815
272 1352
1137 1406
1137 2260
365 2107
365 3218
1877 2468
1137 5661
236 1137
46 271
730 2914
34 81
120 143
120 2889
1024 1942
564 1268
859 5684
2443 2891
74 145
2395 5496
0 819
890 1942
1035 4060
18 145
988 1942
81 546
912 985
81 5816
36 2988
747 788
365 1051
81 108
912 2478
116 143
565 1043
365 2966
0 4342
1137 5083
271 599
747 1335
1600 4590
591 1024
1137 2392
912 1081
143 2337
3517 5756
143 680
271 2535
2891 3445
2007 2694
143 241
783 912
0 2
271 314
143 1137
551 739
331 344
271 1335
385 599
1008 1918
93 564
912 1764
0 27
3187 3258
787 1090
2145 3187
143 2474
143 595
271 5540
271 2254
93 271
223 1137
988 1918
2891 5664
365 1591
564 598
365 1379
1043 2468
783 3014
564 747
940 950
2007 3764
2088 5395
138 2254
272 1909
138 1108
236 523
2358 2891
325 5059
224 988
0 2988
1942 2007
365 712
271 3608
0 25
1136 1693
365 1160
912 1320
46 1223
145 257
2706 4186
138 591
271 747
271 5661
143 1352
18 81
365 1320
988 2784
365 1108
147 610
564 1137
81 1551
1137 2098
743 5710
1335 2891
365 2392
608 1044
271 564
2494 5396
610 2091
238 326
783 2891
1792 2891
365 2468
890 1137
107 5731
2891 3218
523 525
1881 1942
2867 2891
608 2007
1380 1792
0 2145
1137 3474
107 138
271 1528
138 1553
138 2474
2891 5352
132 145
906 2125
272 372
912 2451
2891 5475
145 607
138 271
2091 5816
1137 5460
1236 3408
988 1915
114 808
271 5025
1008 2066
1110 5710
564 2125
271 2358
0 1352
0 143
241 1137
747 1320
1921 4397
54 5065
783 5460
19 610
271 381
584 5756
381 2286
523 591
0 5475
1137 5422
271 783
38 1093
2647 2777
58 271
1108 1325
523 2474
1137 5323
572 4305
377 988
1048 4007
2400 2420
610 1343
271 1406
1137 2891
46 1607
358 1184
2891 3517
2468 4397
145 1528
2891 5792
271 3466
143 358
1764 2082
2891 5949
138 564
912 3186
608 890
271 1211
59 564
81 5065
1528 5543
101 2891
143 564
271 1635
783 5305
1472 2125
143 1130
365 1090
37 271
271 1320
747 2125
365 3592
14 271
228 2516
30 358
1745 3506
1137 1893
1137 1192
271 1591
138 145
93 138
0 365
143 3693
119 130
133 238
325 2382
730 2085
1137 3385
365 5480
34 271
81 5375
0 1122
0 890
81 5266
272 2647
93 743
564 1352
1101 3608
417 2988
271 907
40 2337
0 2286
523 2125
1137 3596
1607 3186
33 143
81 394
30 81
143 3517
523 1108
271 2889
1236 2085
272 2678
564 1553
143 783
272 1035
1035 2033
93 2610
1044 3792
54 365
120 1137
564 2988
2043 3994
925 2474
138 2988
1035 2742
0 2828
143 2516
572 591
611 2713
344 1008
2125 3693
2709 3889
912 2254
1909 3719
2683 4227
1137 2468
1137 1330
564 1335
7 1792
365 2286
143 2306
591 747
608 1881
72 2134
2494 5289
1184 2260
1137 2494
846 3693
81 145
19 5816
1024 2891
591 1981
1942 2709
1782 3549
138 1335
1137 2125
608 988
365 2890
314 1110
272 331
2891 5323
40 5815
143 1115
3241 3330
1137 5949
365 868
2481 2891
783 5792
48 66
365 1318
410 5928
87 2085
0 138
179 279
55 2988
271 659
372 591
5281 5327
365 2474
62 365
5065 5543
833 834
271 2614
143 365
271 2392
912 1024
1406 2556
1079 1137
2468 2706
2286 2891
365 783
0 2125
257 1137
912 1137
399 523
0 523
608 1872
107 564
138 1008
81 566
551 646
81 143
2828 5320
678 1764
2891 4657
1668 3187
1406 2478
747 835
378 1942
912 1149
271 2911
808 4319
257 591
1108 2784
659 1081
138 628
1137 2700
572 834
271 1422
564 1792
2891 5779
143 145
271 1325
0 783
1137 5756
138 1268
0 46
86 241
1035 3753
2114 2891
1764 3565
272 608
1137 3670
272 1871
72 1137
1008 1013
365 564
271 5489
271 912
591 783
572 1915
241 271
365 1270
138 523
17 2988
1130 1137
564 833
2476 3559
20 81
859 4908
271 3670
3187 3259
996 1037
133 3001
747 1051
2828 2891
147 5815
564 783
868 912
6 72
365 5281
801 2776
352 1792
1130 2891
326 3645
1564 2891
3 5815
747 2114
401 523
747 988
1379 2891
365 2928
331 1035
2377 2474
988 1885
0 2085
1035 1881
2157 2517
591 1137
302 2635
238 1137
833 2107
271 914
2891 5575
833 2891
523 1343
912 2114
365 795
145 591
86 936
747 783
2007 3771
141 143
365 2272
365 1268
0 988
2254 5327
365 2988
2494 3418
912 2125
564 1406
2474 3001
610 868
81 2306
271 2891
271 1192
93 912
2 143
385 2731
402 523
1137 1969
0 60
143 2988
143 1051
271 1110
591 2125
107 1316
90 1137
271 2037
564 2145
81 1184
1101 2427
2891 5120
365 1137
272 507
409 523
0 1093
1137 5305
30 2085
518 2742
138 224
271 846
572 1011
271 2427
81 936
81 115
1351 1792
2539 2891
344 3719
0 1268
455 2988
1137 3600
143 2614
834 1035
271 2320
1223 3186
840 2260
312 313
81 1070
372 572
747 1650
0 271
40 1137
240 2988
365 747
143 236
271 5083
400 523
745 5731
1921 3946
81 2152
3900 5177
564 2114
272 808
409 1318
17 257
350 3002
365 2472
365 591
272 377
1335 2395
358 1137
271 1093
365 1130
730 940
365 1792
110 1782
108 2517
1137 2114
747 1137
1901 4034
988 1035
138 1137
1035 3720
629 3873
271 3513
54 271
2478 3096
271 2420
38 143
572 2037
143 2891
1472 2085
577 3053
145 365
833 835
72 912
271 591
3506 4945
365 833
912 2891
2457 2891
2478 2891
138 257
834 1040
238 2468
539 3001
783 5664
378 572
676 1357
1904 1942
2205 2988
263 912
271 2474
1137 1782
2392 2476
302 4319
2085 2306
1137 3409
1325 2891
1104 1105
608 1942
1210 1422
365 5762
143 610
276 2392
236 365
572 1881
257 912
912 1352
5342 5928
2891 3670
564 5038
0 1553
2043 2474
358 365
591 2286
1137 2478
0 1218
1101 1137
0 5025
138 833
745 841
365 1352
257 2988
333 611
25 5816
81 87
271 5487
271 1782
3083 5120
257 523
271 3520
1010 1011
1051 2891
1137 2572
1650 3218
0 1054
564 5489
1137 1553
365 576
1406 2043
1137 3720
1745 5487
30 143
1159 3041
1008 2654
2451 2810
76 2988
325 365
18 241
0 2114
59 81
138 272
551 1981
5 1137
3241 3282
0 1406
551 2633
0 93
143 591
257 564
271 1137
365 5238
3385 3517
93 1137
146 2988
313 2382
271 6036
1008 4168
271 2424
365 912
143 257
81 5045
599 4238
819 5065
523 564
912 1268
365 1406
0 599
26 271
0 2358
1406 3418
72 3053
1969 3753
143 2114
365 1553
0 3385
99 1316
599 1137
912 1335
1137 2748
271 988
271 2443
11 257
584 2141
529 1356
1108 2082
314 3559
2584 5238
271 1104
912 914
69 99
409 907
1044 1942
564 1024
138 1130
912 2377
787 5543
93 523
1551 3053
1008 4227
93 2891
1352 2033
138 2286
1137 1453
236 279
99 1137
595 907
365 1024
1108 2614
747 912
1160 2382
0 2991
507 878
115 2928
271 576
325 1053
125 279
1239 1551
236 912
1137 5818
356 2145
143 238
271 2085
912 1108
81 2468
365 1782
2463 2891
81 840
271 1421
2114 3187
1877 4342
263 365
2742 2799
44 143
365 3600
787 1115
81 2914
0 912
271 3720
122 228
1335 3002
271 2468
52 783
365 1211
2 81
15 81
1343 2891
608 1024
2891 5540
2125 2157
271 523
271 1268
331 4319
2004 2623
1352 2668
0 5496
565 808
81 369
747 1024
271 3083
133 2516
1051 1137
110 143
0 1130
271 3218
120 358
0 1343
138 1051
365 2891
6 1551
46 2891
1764 2474
599 1406
3875 5177
76 257
392 551
365 5871
0 1325
572 611
271 833
845 1137
130 358
1553 3273
1137 1804
1130 3703
385 1942
730 950
358 400
1137 5871
138 1352
1008 2891
21 783
93 146
0 102
308 2516
564 1051
81 120
271 1130
1050 2828
0 4305
271 2228
81 99
55 257
1137 5238
302 1942
610 2299
2891 5555
572 3736
259 834
801 2966
233 271
365 1335
1872 1942
564 2286
365 1356
1693 2891
1137 2562
143 2468
81 5496
1008 2647
0 5119
272 914
81 269
1008 1011
62 912
912 1192
145 271
2516 3645
46 913
1192 1407
1013 3994
365 2125
1149 1192
1137 5575
564 591
156 1040
356 1137
271 5119
3513 3596
2145 3186
344 4238
409 1070
15 1050
0 2143
1110 4908
271 3187
2145 2891
369 1137
914 4266
58 5205
0 1528
271 824
1745 2748
572 1008
72 2492
0 2254
912 1901
143 223
143 833
5 302
1872 2614
272 1008
912 925
271 2404
60 2988
5762 6011
66 81
48 263
1406 3707
523 1553
138 747
0 26
0 591
159 169
145 2891
271 1343
404 523
271 1564
143 1268
912 1051
1044 2377
93 365
71 81
271 3057
271 4175
1268 1904
