7716 9291
783 1750
572 1035
1674 3187
0 2547
680 4948
271 5803
1137 1175
2891 6255
272 979
271 2863
683 1767
526 543
600 974
572 1897
314 3145
0 3618
638 5226
271 5961
566 2891
1664 3357
3763 3876
3034 3107
608 1904
868 1782
1348 2304
951 1137
1137 5227
365 5605
143 2341
271 2320
2468 4107
1670 3187
999 1006
279 1829
1942 2008
169 279
583 5491
288 611
365 1119
2891 5706
1371 3253
356 4602
272 1883
572 3720
1011 1878
279 428
379 956
890 2137
107 365
594 2125
3051 5905
1137 5084
2784 4340
358 5163
610 2152
143 6026
2100 2474
3565 4092
1343 5677
564 5769
712 4927
143 1138
271 1193
2618 4359
271 5848
272 3885
271 5162
365 3067
271 5021
487 636
2125 2827
257 2197
272 4043
358 2951
2085 2373
3948 4160
783 1556
777 1919
1671 1689
271 1532
529 4341
2125 5865
271 6277
564 2993
1008 1035
2089 3631
3820 5741
983 3830
257 1864
271 2706
3187 3207
2750 4083
1343 1566
1117 3333
1356 3996
747 775
868 2341
2125 3407
271 5948
1353 3563
135 2384
54 2336
138 1343
5493 5916
0 2924
1137 5941
2676 4092
271 6098
3792 3891
2392 3040
0 759
1067 2311
3792 6539
2125 4899
271 5187
143 2440
271 2247
783 3108
93 2301
1263 1580
2445 4344
271 2420
1137 5344
2863 6175
271 5473
747 1633
143 914
2345 3173
622 4279
680 3418
1137 3602
271 5526
4421 5499
4148 4261
271 2031
77 1932
279 432
706 988
2107 5073
279 2204
365 1381
145 564
888 2616
1624 1698
365 5497
72 143
271 1165
1160 2476
912 3517
271 614
755 771
608 2692
11 109
1900 3777
891 5499
271 1443
2125 5948
120 2125
271 1488
2468 5579
1406 1772
409 523
365 6158
996 1968
1137 3482
1137 1230
4186 4454
2468 4040
801 1871
1235 3298
1335 3003
1137 2960
783 2320
1137 1320
53 271
0 949
40 610
365 4902
1160 6312
143 2254
4201 6279
271 5174
365 5047
272 1352
365 2107
1602 3200
365 5404
1137 2371
143 5224
1900 3997
1035 4038
1108 2028
118 120
93 4958
1139 1210
1130 2607
271 2376
365 2397
365 5694
1942 3772
271 5445
116 2092
2088 5762
1137 5405
990 5314
271 5610
402 1075
1335 1338
271 4943
1904 3760
365 1208
2437 2891
564 1130
279 2208
365 1353
833 2891
1745 5681
0 3137
783 3693
1745 3526
1553 5223
1137 1757
769 1647
2341 3669
1137 1710
1035 2061
377 4208
331 1035
564 6232
1186 2891
792 4708
1016 3993
271 747
365 1788
2468 2716
143 1352
3321 3330
2891 5167
1871 3717
1524 1764
0 85
1137 5461
2618 4224
1809 2392
271 905
783 5285
1881 1942
138 2474
572 2007
271 5831
572 1011
3187 3296
1777 5390
272 1031
271 2939
1137 3004
1137 1492
224 4011
785 5219
271 3048
3801 4001
584 5756
988 4429
523 591
1591 1702
271 6117
1406 2412
1137 1227
2400 2420
912 5662
2928 5699
912 2429
4319 4382
2933 5400
1673 4647
1591 1604
81 5065
143 564
271 1635
1137 2552
0 3408
356 857
890 2545
857 4540
271 3463
1000 1048
4305 4460
2728 4023
1357 2017
955 3792
3596 5540
1183 1268
271 5582
1137 5514
279 395
868 4894
4385 5569
271 1063
2166 3613
868 1397
0 3518
2891 2988
339 341
988 4059
2512 3071
3187 4701
271 1108
764 3209
1160 2876
1356 4198
1965 4465
834 3724
272 3921
143 1343
591 1981
344 1910
1704 4644
3879 6100
47 1013
2891 5323
1906 3717
2481 2891
747 764
2736 2795
1357 3475
783 5449
372 591
2474 4643
1137 3537
133 2533
783 5305
1008 4162
3832 4036
912 1397
1899 4046
1011 2701
868 2306
2891 4946
1137 5678
1137 1383
2700 3975
271 2911
1346 1793
2017 3848
344 2061
138 628
523 2254
1137 5896
1137 2089
86 241
521 3754
271 2173
1051 5026
1078 2238
764 1627
1130 1137
2468 4261
365 5604
271 5279
1234 1235
271 1607
1032 2769
783 5907
1352 1946
271 5388
143 953
93 382
271 2432
1379 2891
1137 5460
564 1437
924 2478
680 934
891 4233
1050 2828
551 735
747 1698
365 795
358 5209
279 431
1871 2468
145 591
2303 6055
2474 5168
785 2891
2114 5579
72 148
3187 4665
689 5142
2618 4356
1137 5036
777 1343
365 2921
1739 2151
1522 2478
564 5689
1577 2468
271 1241
271 2491
365 3066
1101 2427
1137 3074
1130 6005
958 4144
271 1358
271 3098
271 6167
93 1193
238 306
5371 6086
372 572
1370 1579
1137 6063
2007 2137
1745 6085
1764 2919
3167 5548
868 2391
783 5277
271 3497
1137 2842
107 3599
271 5774
912 941
730 940
747 774
1137 1202
3792 4523
1881 1919
783 5086
657 2891
271 5951
844 4691
839 1683
909 1212
680 1116
1909 2545
385 864
1137 5979
572 4165
1243 2235
289 396
668 3792
1130 3463
783 5664
2254 3608
764 1621
1904 1942
271 6109
263 912
1024 2468
1064 1137
958 1942
2468 4938
909 2135
2125 4898
541 2163
271 6164
365 2279
2468 4313
271 5363
1095 5065
1553 4305
680 868
3973 4319
1008 2821
271 2423
1137 5351
271 5472
747 1632
747 1777
365 1090
1137 2556
5 1137
271 3605
2125 3653
622 3782
2606 4667
2063 2663
2392 5580
277 365
77 1931
783 3483
1015 4285
2105 5296
365 912
0 4933
3273 4664
2022 3827
322 2217
2699 6526
356 1736
378 3968
1137 1665
1137 1410
1635 5321
1397 3562
107 1235
1035 1883
912 1777
4313 4317
365 1559
2085 5483
1641 3202
410 1162
4123 4140
564 715
365 1704
271 5683
143 1764
971 1071
1641 3347
595 907
271 2455
365 4577
783 2981
4132 4434
1745 5153
0 3665
2019 4479
1239 1551
912 1326
1553 1708
1877 4342
2341 6361
783 5478
1335 3002
913 3341
271 5907
363 582
15 81
1343 2891
783 6346
1160 3426
988 2699
1137 5959
271 2521
271 6016
1192 1407
912 3186
747 1024
272 4301
1008 4168
1624 3345
365 2106
2697 2748
271 2266
271 5335
2131 5094
1352 2795
608 1031
271 5775
3763 3943
1733 4540
783 6136
2384 5577
3576 5275
1137 6229
1942 2007
1035 2692
913 3216
365 1207
365 5193
1235 1713
271 5119
0 4322
279 2211
365 1352
3187 4672
378 4166
369 1137
2510 6198
365 1497
868 2884
572 777
2307 2891
1022 3857
1764 5919
177 279
1137 1709
60 2988
385 1942
1130 5965
2721 5499
6270 6280
2392 6116
0 1739
2382 3119
271 3154
507 2050
145 1107
957 1352
138 236
1149 1568
271 2724
2733 3977
143 3333
271 3440
1137 2897
1137 3461
1137 1257
1900 4187
376 2684
2679 3751
1887 2636
3218 5257
271 2938
1871 4379
1981 4284
1137 2995
2159 2903
1061 1137
1343 6398
680 3018
1008 2689
1137 1530
1097 1137
2286 2382
271 6116
1130 3551
1357 2135
596 2545
654 3975
271 6024
365 5631
359 2088
1040 4163
764 2468
608 1972
271 2366
365 2223
1137 5342
2631 4319
2437 5558
975 4359
271 2479
365 2368
2276 2468
93 138
912 2079
3849 4458
1587 1730
783 3389
271 1969
271 3661
3727 4099
764 3228
942 5094
271 5075
81 2143
174 279
1396 6160
314 2382
1137 4999
1335 5462
3207 3288
0 2324
1591 3317
0 2178
1745 5805
769 3358
79 271
562 636
1137 3173
895 1917
0 276
271 1397
271 3073
1577 1725
378 3883
1406 2835
611 3867
1137 2579
747 767
1764 2892
1359 2088
3041 4967
66 271
271 1004
271 3412
1137 2941
795 2891
271 2857
591 676
1980 4199
783 2266
1137 1382
572 1899
868 2450
523 541
747 3351
138 629
1900 2737
2891 5043
1137 5903
1949 2022
365 5101
891 4463
958 3842
1370 4565
3517 4940
0 2976
903 960
988 4208
1683 2468
3934 4022
1406 5739
845 1137
143 2343
2177 5660
271 5391
271 1783
365 2340
1137 5451
636 661
3491 5392
792 4676
747 1701
1137 6173
0 1240
2478 6168
279 430
271 5434
912 4657
1893 2623
1101 3608
1093 5065
1137 1547
1942 3728
572 834
3866 4325
2880 3152
2012 3814
1735 3182
365 3065
564 833
0 6316
890 3752
1137 2468
2618 4199
1464 6091
116 868
2676 4305
93 5872
365 1268
890 3611
200 279
365 3567
1137 3427
3296 3365
1008 4112
1041 4029
401 542
1137 1201
572 1944
998 4179
868 2343
314 1748
1871 4386
271 5950
1382 2872
2891 5070
912 5817
2786 3832
271 6063
1724 3187
1048 2004
1486 3074
868 1541
271 2083
1137 5931
2618 3941
1137 2260
783 3069
0 2845
912 5735
271 5197
2443 2891
93 6291
1243 2136
680 726
1035 4060
912 2261
135 1344
3736 3851
138 2614
365 587
271 2422
28 2121
271 1739
271 2535
1137 5495
913 3354
1137 3600
1652 3217
2512 5095
81 261
769 3226
2468 2606
271 2858
1137 4973
77 1930
271 5018
3290 4564
2891 5490
1137 6282
2772 3903
564 3411
1137 1591
271 2833
224 988
365 2892
797 903
2356 6305
1008 2044
2382 3489
271 5016
1956 2022
271 3193
4123 4143
2085 2407
2125 5946
271 6250
365 2567
2085 2504
2903 3059
1137 1139
272 895
0 2318
365 3684
1160 3050
912 2903
1160 3077
2145 3362
1059 2125
138 2055
1010 1957
271 2950
1161 3005
138 1358
680 5053
4440 5569
747 1138
2647 2777
1637 1641
819 5065
507 870
1137 1471
808 4113
1240 2392
1602 3183
1944 2666
762 3224
271 2228
365 2105
1137 2369
272 2048
1024 4420
1137 5169
1137 2514
1871 2651
271 5334
0 3135
271 2378
365 5692
1137 2467
271 5447
1011 4214
1406 3166
107 120
996 2782
857 4567
2891 3464
2891 5925
271 3688
764 1642
608 4457
2022 4122
1810 2891
365 1206
272 1957
1137 3166
279 2210
31 145
1137 1602
1137 6326
271 1138
272 3800
564 1051
2088 2884
1632 3227
769 3224
314 2330
271 1251
1136 4676
1079 4936
730 2914
1572 1591
683 2392
783 1457
1137 4292
2063 3938
3241 3330
755 910
93 523
1671 3198
564 680
1137 3418
792 4683
912 5715
271 794
4132 4320
783 5174
271 5667
52 2143
1406 1432
1900 4037
271 907
1137 1480
857 4687
1942 2709
1901 4157
1492 3542
783 5332
2384 3550
808 4319
271 5825
1137 1401
833 2112
3765 3783
1137 5777
1137 2994
1130 6191
271 6006
1035 3753
2474 3186
1764 3565
1382 1698
271 5027
263 842
72 1137
629 4019
785 5362
494 636
1137 6131
3872 5177
1353 3203
747 1404
564 2398
0 689
365 5630
147 5815
1591 1606
271 1422
3728 4004
747 2114
1137 2558
884 4189
638 1137
1320 5158
271 2478
1035 1881
2157 2517
764 1235
992 4534
2392 5479
912 4904
379 4339
745 746
5027 6131
564 6034
2114 2235
1235 1759
747 2545
2105 2980
0 1693
365 1178
356 4688
272 1921
349 1008
3577 5999
857 3266
143 1051
271 1110
1137 4998
90 1137
1702 1707
1710 4562
1386 1587
1130 6028
365 3600
2512 5212
1591 3316
272 507
3340 3344
2125 6112
1890 2618
81 5906
2891 5303
895 4336
651 961
1804 3069
2891 5325
747 766
272 808
271 2570
564 1433
365 1792
868 2237
271 3415
271 5812
271 5561
3876 4209
0 849
3187 4537
572 4300
365 2219
2457 2891
783 2219
868 2451
238 2468
3875 5741
1189 2439
747 3350
138 626
785 5197
271 3022
912 5869
365 5312
271 4919
1346 4681
1040 4329
912 1325
868 1777
1137 6047
1137 2232
1110 6077
0 1944
1421 5813
2107 5262
271 5273
271 2472
271 2333
3041 5245
279 1830
1670 1690
680 793
271 1782
143 2391
271 1963
271 5567
1959 2020
365 1116
0 3454
3210 3229
3385 3517
2737 3882
1137 4928
741 914
370 1137
783 3457
5037 5094
2125 5329
2125 4948
303 551
797 3832
2709 3889
365 1406
2478 6175
2392 5619
1101 3607
5142 5206
2252 2392
4427 4512
584 2141
949 2891
271 1243
1392 1591
271 2008
1006 1035
406 2872
868 2163
271 1529
868 1352
2636 2643
271 6278
267 523
272 2647
271 3499
1137 2840
271 5768
3035 3112
2891 5540
1406 3604
133 2516
1942 4168
523 568
271 6062
1012 4366
912 1137
365 5284
271 6111
1421 5704
2626 3832
271 2131
1137 6075
271 5196
308 2516
410 1864
381 5783
2392 3565
2468 3275
365 586
572 3736
1137 5349
584 4896
801 2966
2392 3484
1942 2043
1584 1591
888 2468
2088 5801
996 1047
365 2311
542 1203
783 2963
1011 4106
145 271
2341 5418
271 3607
1137 5575
3513 3596
747 1664
1024 4261
3041 3047
77 1929
279 2201
572 1008
365 910
1137 5117
584 5067
3780 4081
564 1024
2891 5923
1024 2751
1213 2117
365 2891
1893 4292
523 1553
1243 3470
159 169
271 1343
344 4238
223 1046
762 1732
2125 6056
2392 5898
833 835
3818 4305
687 3648
2404 2988
575 2039
1008 3983
564 2960
1137 1138
1041 4147
2089 2388
1013 2043
365 6155
1008 4157
379 3987
1422 3099
572 1998
273 1370
2015 4416
271 3471
680 4911
271 2912
1137 5876
764 1685
273 4600
379 1989
1137 1325
868 1904
1035 3724
246 279
572 4203
314 4951
358 1185
62 3682
271 362
642 1130
0 2891
1659 3345
764 1659
365 5044
2510 5015
81 3333
2468 4968
1137 2368
1035 4643
3707 4257
271 1544
764 4974
629 3824
271 2340
1024 1352
1871 2650
683 5361
4261 4427
608 1049
378 4480
572 3772
1212 3177
912 2113
271 5332
2891 3386
857 4566
365 5836
523 1137
143 5816
365 1060
1760 5592
2088 5652
271 3691
625 4067
271 4936
3611 3615
1051 5042
1674 1727
749 1663
2891 5860
400 5374
2709 2812
1589 3273
0 3140
1893 2678
2606 4919
890 3855
1571 1591
400 6044
2392 3619
1137 1699
1343 2551
2125 2943
1925 4232
385 2733
2478 5433
1008 1896
270 564
1051 1193
611 3918
271 2609
365 3510
575 2027
271 5666
365 2323
912 1533
2392 5636
630 809
1031 3792
1137 2903
271 5715
1137 3515
358 912
2359 6111
81 3237
143 1944
783 5335
988 2891
365 1137
498 783
629 4392
4153 4417
2222 2478
3211 3353
1137 2993
271 6001
116 1268
382 4299
0 5291
1406 5779
0 2903
2891 3179
1490 3313
815 1871
3707 4305
365 5629
1704 3195
564 2254
271 2360
1137 5340
271 4960
1871 2622
0 5752
988 1921
334 611
3229 3353
401 4944
365 5663
1137 3662
365 1143
599 4241
912 4905
271 2526
365 2511
1137 5438
1082 3240
868 3509
1177 3324
271 5036
2678 4244
2022 4103
2668 2811
1090 5202
385 3985
2303 6028
365 6098
859 2891
488 636
143 1050
1137 4997
683 1137
2618 6529
68 143
1137 6183
2437 5522
1591 3319
1160 1247
271 3986
2085 2268
271 2933
271 1399
365 3448
858 3832
564 6207
107 2602
93 1346
1137 2433
859 3683
656 2828
1137 1961
271 2896
271 2581
148 1551
868 2238
775 1698
1137 2931
138 785
1942 2742
375 1798
138 2125
0 2150
1602 2145
572 1893
575 2694
143 1901
2384 3146
747 3337
138 627
105 764
3290 3333
868 1635
271 783
1137 5901
523 2286
271 2174
1137 6046
99 107
271 5227
636 1860
2063 2468
331 332
81 1137
1137 5231
1137 2312
3806 3826
271 5272
1421 2925
572 3829
2891 3445
2137 3138
747 1657
2997 5560
271 1777
2468 4486
3876 5499
5183 5809
1335 5253
4265 4305
3210 3226
1921 3988
365 1260
365 792
1044 4245
0 3566
1137 5547
279 424
1019 4255
2819 3832
1942 2100
2863 6039
1343 2479
988 3829
344 4067
54 5714
1130 6113
2108 6336
1051 2132
2512 2925
271 1242
271 5970
564 6252
138 1137
912 3556
2494 5396
1438 3074
238 326
2384 3675
385 2012
325 3478
2700 4150
271 1528
2891 5352
1008 4227
1764 6126
271 6273
1982 2618
5382 5847
2675 4490
379 4086
957 6523
2125 5750
564 5597
0 143
365 3011
312 2533
271 3498
1959 2468
321 325
2055 4336
271 5944
1553 5770
3736 4197
271 3004
2474 6043
271 6057
2689 2891
912 1138
271 273
0 2912
1635 4662
365 5283
1942 4059
271 6110
271 2130
2474 3034
912 5721
4918 7713
564 2327
271 1591
1163 3301
271 2243
3529 7624
783 5929
551 558
271 5372
2474 2871
747 1492
271 3513
271 3155
365 585
3727 3845
271 2416
279 1861
2012 2621
271 1749
271 2324
523 1108
2392 5408
241 1137
2903 5138
93 2460
1035 2033
625 4038
2638 3952
1130 5776
377 4271
1035 2742
1543 5637
1160 2162
77 1928
2343 5073
1893 2641
890 4072
365 3102
383 2389
365 2890
1044 2734
1610 1704
356 3367
912 6153
365 3035
365 766
792 4546
976 4463
271 659
833 834
1370 4639
575 2038
143 3517
344 3724
2125 5769
1388 3895
1266 3178
1785 7657
2891 4657
271 5758
1137 3486
2074 2780
365 1991
2409 5662
1081 1547
1777 5478
2058 2468
73 1268
2676 3902
2468 3931
271 5916
2104 3118
1137 1324
1137 5391
591 783
1137 5956
988 4453
1137 2149
138 523
314 5536
0 568
988 2613
764 1652
1574 1591
271 5170
746 5731
785 5285
368 2012
365 3584
912 5588
3832 4045
2022 2625
2392 2590
238 1137
783 6328
0 2585
1163 1346
1942 3760
271 5441
271 1999
2468 2601
1163 1235
271 5622
107 5731
2468 4397
913 3221
1944 3715
1011 4246
271 2974
356 4542
1421 5248
143 2988
1235 1714
271 5112
568 1137
2891 6204
672 2392
1790 2379
30 2085
271 2986
2678 6527
1137 1745
365 5933
313 314
868 2887
455 2988
834 1035
1079 5877
1235 1793
2044 4324
2651 4526
572 618
758 1137
3706 3871
1137 3416
1553 3130
271 2608
2409 6156
1357 3563
1539 1711
271 917
54 271
2436 2476
241 5401
3708 5499
2891 6214
272 1004
868 2410
783 5334
747 3231
271 2887
747 3343
272 4110
3201 3330
912 1067
0 917
700 1022
1137 5984
1335 3025
1130 2261
1591 1698
143 2237
378 6532
224 3870
783 5733
272 4396
271 5142
2012 4220
271 2186
1597 4630
1137 2403
271 5255
1704 3196
377 2613
564 2255
271 3031
783 5947
365 2220
2088 3415
1067 5349
783 2868
1801 2891
783 6056
2392 6178
747 2261
1352 2033
1137 3661
271 5541
1136 1612
783 6105
1035 1960
857 3366
271 5578
1137 6262
271 5039
2125 5419
143 1268
1130 2224
783 5657
271 5167
783 3548
1010 4102
271 1104
2085 5245
1139 5950
409 907
46 1607
365 1466
572 808
356 1667
1406 5499
271 3074
659 2353
271 6207
2104 6243
851 2197
271 6316
2463 2891
2114 3187
996 2021
1137 4544
277 3595
625 4321
138 143
1137 3541
1634 1635
1942 4416
271 5814
957 3967
783 5418
1009 3615
1137 3011
3900 5177
138 624
1773 5094
365 5310
1725 2468
697 4391
138 707
0 2868
1871 4126
365 5558
1114 2254
1137 1996
271 2335
2392 3458
1942 2013
1312 3593
0 1469
988 1894
785 5519
1137 5448
2446 2474
608 4149
0 5876
2776 4443
365 1114
116 2144
2891 5697
365 1259
1054 2082
2088 6125
402 5728
2828 6220
857 3292
1160 5090
2369 5378
1137 1544
564 5782
841 5731
638 5367
107 3126
0 5100
1900 1951
783 1405
2049 2709
1006 4273
2783 2786
1406 2979
785 6191
238 327
81 2516
795 1072
857 866
1490 1670
107 143
272 3776
747 1618
271 1531
2618 4309
6 72
137 271
1130 1787
591 615
119 358
4046 4118
1406 5056
783 5273
1006 1016
1137 1206
1010 1980
958 2468
0 2115
1745 5339
914 4490
271 5947
1782 6137
1764 6236
886 4319
905 5224
2412 3074
365 3644
2085 5912
958 3832
337 611
601 814
365 4925
2044 5499
2872 5696
271 272
783 5676
2474 3144
365 5282
1702 3329
0 2523
18 81
1621 1635
0 2832
1602 3257
272 2675
2392 3392
224 4125
2386 3638
826 827
572 3883
365 584
271 2419
615 616
608 4194
271 5484
1406 3105
2299 5816
107 5865
271 2528
3521 3601
4165 5499
551 1981
358 5358
1587 1599
1137 3814
785 2569
2651 2805
4148 4258
3238 4565
365 2599
1139 3021
1137 1268
549 551
564 5883
1756 5733
271 1051
365 908
3285 3311
1893 2640
812 2052
2088 2298
1352 3769
365 1410
1108 2614
27 1325
414 2891
912 2988
988 4020
271 2889
377 4281
2088 5524
951 5038
1173 2384
143 1553
868 988
4231 5499
564 5213
0 2480
1137 5657
564 5833
3832 3840
912 1201
1040 4462
2891 6186
0 2095
1008 4381
1406 3638
107 7636
272 4274
608 794
700 4114
1683 2706
2872 5724
2253 2863
385 1009
1764 3419
394 5906
271 5181
365 5042
325 539
0 680
572 3950
48 912
1871 4310
1116 1137
365 411
3707 4260
783 3079
271 5331
1688 1717
271 2085
2654 4175
271 2391
365 2392
955 956
783 6151
2392 5026
1137 5392
2637 4021
1136 1712
365 1058
365 846
680 5801
909 5995
1258 1406
1130 5636
3241 3284
996 4178
145 523
143 1024
271 1151
868 1325
769 1634
358 5447
365 2861
2461 2474
958 4221
890 4168
365 3218
1008 3791
271 3113
0 6295
225 2988
834 1040
1137 3423
3240 3273
2844 5391
625 2767
271 5676
599 1011
694 2713
572 2674
271 3452
1137 2901
0 5392
1389 1406
331 349
271 2769
272 2705
271 5826
3832 3868
1137 1406
868 2554
564 6204
1343 1429
3826 3978
2731 2750
912 5764
365 2284
1804 5906
1406 5777
564 1777
783 2577
896 4135
2286 2476
564 2248
1137 5174
957 2703
1137 1463
271 2362
2678 3966
2700 4140
107 2468
2636 3726
1015 2065
1067 2250
3031 5282
912 5020
271 2475
0 5865
2614 3713
1959 2045
1130 2975
857 3365
271 5589
2182 4896
272 1909
271 3657
271 5038
2104 2432
378 591
1137 6342
271 5087
857 3271
1137 1635
365 1320
345 2672
3576 5384
116 5145
271 564
2039 3831
1411 2323
1421 2174
271 3085
1580 4641
1370 1697
271 1510
1762 3074
1035 1981
749 1653
1900 3989
753 3210
1901 3793
381 2286
271 2872
1137 2929
4141 5569
747 785
651 4382
66 5906
610 1343
1861 2988
271 5926
1756 2254
38 143
2468 4575
271 2906
813 1035
271 5975
1811 1972
271 3019
579 3689
271 6084
651 2713
3621 5858
743 3575
94 257
271 2168
1137 2237
271 2281
857 3276
909 2239
1137 2318
2392 6272
785 5629
271 2334
1335 5981
382 4438
4272 4470
2150 5954
747 1659
783 5404
271 1779
1010 3819
1137 5455
747 2224
564 1434
139 625
1959 2017
2392 5446
143 821
271 3487
0 3441
2606 4640
1067 6126
2063 4211
288 744
834 4196
1406 2144
279 426
72 2134
783 1118
2377 3565
3950 4440
678 2392
272 3732
344 3958
272 331
271 1207
143 2836
0 3086
1137 1688
271 4305
257 5906
138 1030
2286 6393
0 1560
365 3418
145 2593
833 868
912 6072
144 2395
1036 2678
271 1530
3041 3573
358 5737
2468 3836
4342 4344
1668 3187
1137 3431
1024 4046
957 4308
378 1942
4334 5741
1609 1693
1139 5465
1137 2700
2114 5691
143 145
1137 5756
1137 2136
1506 3170
279 1376
912 1253
1137 5982
273 3265
272 4183
984 4003
747 1051
271 275
271 2095
365 5281
801 2776
70 747
233 271
138 1051
1067 5390
271 5193
1703 1704
378 4207
3707 4251
2079 2224
988 4358
783 6310
365 583
1352 1979
1137 2491
271 5487
145 371
365 728
564 1406
2125 5520
783 2972
2670 3809
2 143
912 4979
868 1236
2606 4668
365 1230
1137 6205
271 2037
1006 3814
93 5038
271 5094
356 3267
1325 2891
93 912
1137 5106
81 936
119 912
0 4954
1048 2748
2096 5731
993 5499
1591 3208
93 769
2125 3015
279 684
1137 3152
363 1235
890 4149
2286 4478
365 3033
764 3349
1771 2478
410 2459
1160 1527
1622 3227
2474 3654
271 3306
1099 3322
2125 5767
2120 5894
680 2468
912 2891
2104 5783
1019 2991
1108 5919
783 5372
591 747
1137 5656
271 3464
1137 2873
1235 3304
0 2991
912 2665
2770 4421
3187 3259
2272 5054
2043 2474
271 2962
0 2894
1137 6091
2711 4040
762 764
1904 1975
1792 3051
5013 5387
1553 2374
314 3437
271 2224
912 5703
358 3666
2125 6189
271 1557
1825 2478
1137 2518
271 5330
1462 1825
143 591
257 564
1011 3893
912 5477
1137 2471
599 4238
271 2323
271 4900
15 1050
1969 3753
2516 6296
271 3700
1137 5600
2678 4239
659 2907
4126 4427
272 1945
81 635
273 4689
279 1828
1044 1942
2988 3692
2123 5276
783 3691
365 6199
2392 5323
93 5071
1160 2382
271 5880
271 576
2963 6299
314 2441
257 2214
2114 5934
271 2590
785 868
564 5485
1764 5341
271 1421
1693 3250
271 3161
4040 5321
2085 2349
868 2102
1458 1492
271 919
3832 4425
365 3652
743 3169
1887 2618
271 916
1113 2891
1137 1260
572 2808
6 1551
271 3564
957 4152
1356 3074
857 1669
1130 3110
1320 4979
271 2506
856 2891
1070 1318
1539 2468
783 4988
3491 5393
1708 3360
3832 3835
5013 5822
1527 2382
2891 3617
785 5366
1137 6135
584 3088
271 5136
17 2193
1165 2891
895 988
1137 5184
1872 1942
1011 4408
1421 3122
382 624
0 5621
271 2309
271 5430
236 2201
271 2474
2392 3159
365 1140
1587 2145
271 1807
2392 5055
2125 2379
2392 6355
1670 3240
857 3364
3288 4572
2114 5099
143 833
271 3656
1137 5516
118 747
1421 3668
272 1925
81 357
1235 1616
726 1137
857 3270
4125 4469
365 1319
1137 5050
0 3107
271 4175
783 3463
372 1965
271 567
3220 4611
572 810
365 2832
1022 3894
581 948
1357 5927
1352 3826
833 927
1051 3008
271 4461
564 793
271 6201
834 4008
551 557
1406 2520
1037 2022
1008 3707
1352 2512
0 2395
1647 1652
4023 4236
868 2439
564 2891
1900 4133
957 3852
783 5255
922 1137
238 2382
3871 4373
990 4152
797 2779
81 350
2815 3725
2668 3710
1393 2088
2891 5966
0 2183
1137 5890
365 5308
302 608
767 1620
1108 2468
1137 2236
2891 3080
0 3156
564 1550
1421 5809
271 2280
1137 5228
2468 3522
1352 3557
1352 2777
1137 1445
785 2305
2380 6149
747 1658
271 1778
3196 3239
4305 4337
636 658
365 3096
888 3879
564 2474
1464 6353
3210 3225
2468 2615
365 1479
12 81
303 690
365 1257
1553 2254
1137 4932
977 2031
279 421
378 608
568 912
958 2749
962 972
2392 5309
271 1206
1024 2030
912 1883
2667 4224
271 523
271 1319
572 2074
365 3060
957 3805
238 325
1042 4098
695 1884
271 3168
1764 5658
2392 6049
238 308
2263 5094
377 4259
783 5806
764 772
910 912
1872 2015
1900 4090
868 2254
0 2343
2359 5140
1079 5571
279 1103
1212 5307
1051 3415
990 4116
1406 2173
379 6544
271 2824
0 5192
1059 2085
271 4912
868 2483
783 5561
800 903
2903 3374
376 2765
0 1358
1137 5934
365 5280
271 1461
608 1811
912 2235
2539 3521
3233 3329
848 913
988 2028
241 5653
1421 5414
0 2608
2104 6093
564 1480
107 2415
271 5486
77 4319
611 5499
1099 1677
797 4177
365 727
271 2530
365 2307
985 2042
769 3229
271 2401
2638 3959
365 6005
2651 2807
365 1229
1260 5851
833 3063
1130 2919
272 1982
680 2891
279 457
121 365
271 1498
3675 5348
81 2299
2125 5186
365 2401
59 912
138 257
1424 2392
0 290
365 1408
912 6156
1253 3593
2125 2903
1012 1945
381 3517
2063 3861
792 4549
1137 1812
365 1553
1160 2600
1343 3402
72 1551
365 6262
1343 2237
377 4287
2017 5741
1051 2873
2468 3601
228 238
2085 2547
1682 1727
21 5375
2888 3517
4491 5499
0 2307
365 3679
1562 5747
912 2892
271 5755
790 1137
2769 3711
271 3467
1137 2872
272 1042
185 279
1137 5864
1335 2992
0 5204
3187 3258
376 2682
18 145
1008 2715
365 3639
4427 5499
1547 5269
1815 3579
271 6030
2223 2384
1942 2689
1403 3671
385 1015
1600 4590
2891 3139
135 3667
143 680
2759 4159
754 1098
988 4230
249 279
93 4902
1011 4447
783 3029
271 1556
1048 4431
1130 6222
365 3613
2173 2392
2678 4444
3329 3370
93 271
271 2385
1137 2470
271 5442
1099 1705
236 281
2731 4220
783 1882
279 2011
32 584
783 2293
1624 1639
1614 3250
143 1181
356 4537
1011 3779
2891 5519
271 5061
564 1137
2013 3792
2012 3973
2706 5123
2545 2845
610 2091
1893 4243
912 3585
1894 4532
1370 3269
2044 4353
749 776
2516 5906
93 868
0 5078
764 767
783 3477
4378 5499
601 3889
564 5631
1790 2088
365 3216
3975 4377
365 3004
271 1420
2069 2821
81 87
0 5475
2742 4020
914 4398
0 1122
0 5394
749 3333
1067 6176
783 5331
271 3567
608 890
271 5836
4292 4412
1024 3797
1528 5543
2683 3890
271 6013
2618 2706
1582 1591
2714 2717
271 3057
2088 5070
365 5335
271 6114
378 6531
271 2150
365 5480
2627 4305
1782 3405
1137 5191
1602 3327
743 5535
564 1553
1137 2545
624 1008
0 1492
1011 3856
1406 2430
1137 3650
271 5542
2739 4470
365 1139
271 2522
912 5329
271 4923
564 1335
271 1822
7 1792
3794 3980
1704 3372
846 3693
271 3659
272 3611
271 5032
18 5906
3273 3276
356 3382
2125 2220
2270 3503
1946 4503
750 910
1235 4676
568 868
365 1318
410 5928
3187 4642
279 614
912 3693
764 3192
2392 5288
1692 1694
2642 3832
365 2831
2827 2883
1137 3103
107 564
3832 4235
833 926
81 145
1137 2012
551 556
3714 4040
2249 5815
2512 3122
271 2577
761 1117
2642 4236
4968 5868
531 689
1137 5718
2891 5422
2254 5327
1356 2263
93 5214
2891 4939
2966 3963
399 511
2828 2891
2222 2510
3801 3861
523 531
271 5969
5608 6198
1942 3891
2510 5024
1406 2043
591 1137
1894 2468
0 1782
3792 4098
1137 5219
2085 3573
385 4189
978 4148
2076 3736
957 2705
1950 1984
1137 2461
271 5397
1733 4589
2318 5313
365 2334
2678 4394
591 2125
2891 5698
2479 2891
2700 2891
69 2113
827 831
3707 4413
279 420
138 1544
2125 5324
1219 1406
2891 5792
356 3256
1137 4694
1011 2068
271 1201
1111 1137
2392 3696
995 4436
1200 3004
2105 6221
377 4160
1067 3483
572 2075
1356 2615
792 4586
2082 2919
2356 6266
2678 2701
2891 5151
801 3716
2063 4001
584 5569
2407 3141
2468 2474
1013 3798
996 1924
1133 6160
1704 1705
783 2150
2392 2476
1137 1242
2341 6237
1745 5199
1137 5746
572 2655
913 1661
912 1352
1882 3907
271 2827
1571 3269
2436 2468
1191 5391
333 611
138 1319
783 2485
2117 2392
3792 3996
271 2692
271 2089
1745 5626
1137 2254
271 3630
271 6106
1358 5270
783 3068
3792 3883
2707 5747
1008 2654
1137 6078
365 5424
1406 1430
2560 2891
0 1406
2012 4135
365 2272
93 5239
912 2251
1553 5651
564 1481
641 2748
271 1745
1035 1892
985 2041
271 4979
69 99
4148 4269
1884 2706
743 4910
279 456
622 3768
3273 4688
143 1065
365 905
1137 5104
99 1137
4119 4120
1397 5203
890 4084
1343 5705
700 3881
2928 5106
365 2886
797 897
1672 3187
1580 2468
93 1508
135 5538
81 840
967 2618
1137 3045
2742 2799
2125 2181
114 3856
401 3481
803 2618
2063 3973
3273 3320
793 6108
1901 4257
1622 3225
261 358
914 4280
1777 2016
565 808
783 1761
1547 6240
912 1430
1900 4063
1051 1137
2392 5677
3121 3728
271 3429
1137 3474
2919 5546
792 3299
1137 1363
625 1322
2085 5831
783 5002
271 5867
1686 2114
0 798
1237 2412
1406 4978
271 2927
1137 5871
242 327
272 376
3187 3261
1366 1782
2700 3910
564 4942
271 2972
1942 4201
2085 3290
2125 5021
747 3541
2468 3257
2742 3873
564 2513
2903 4633
815 5499
783 5645
523 680
1163 3252
0 6114
2704 3736
271 1559
988 1035
2395 5496
365 2244
356 1137
271 5340
2392 3534
385 3709
783 5968
93 5435
4234 4325
1942 1944
1236 6019
1108 2082
857 4569
2412 3563
264 285
2510 2920
2903 5170
228 2516
996 4302
888 4047
3273 3287
1176 1177
365 2568
5095 5387
912 5063
236 591
868 1320
783 3701
1137 1749
3517 5305
81 795
564 912
0 271
365 1635
2114 2581
1106 3675
257 2212
223 1137
2468 3186
1008 1901
912 2955
564 3010
912 1635
0 45
3832 4174
1144 2872
271 5673
783 5293
271 3466
271 5200
2125 5690
1130 5625
516 2661
919 2478
783 5330
273 3181
1137 3035
747 3219
523 2125
35 5815
680 5023
273 4575
783 5616
761 764
709 868
271 6125
748 910
2668 4410
2778 4374
608 1901
1320 5503
271 2145
801 2694
2088 2127
783 2578
138 698
912 5541
1692 3198
564 1635
1011 4410
13 143
271 2355
0 6028
2137 3177
1163 4582
365 2361
1208 2474
2022 3979
365 1138
2293 3531
271 3621
1073 1137
271 5590
1745 5518
358 1565
1137 6250
378 4227
271 3658
785 6190
356 4702
2433 2891
523 1406
356 3205
273 1584
30 81
272 3898
1370 3238
1137 1777
2275 2392
271 1229
1880 1895
116 3144
1352 3828
2496 5094
271 678
402 1429
3041 3453
271 3086
257 365
279 948
3822 3977
1008 1048
0 2397
3297 4577
1764 2891
1137 2789
2068 2668
599 912
801 4057
271 6361
2424 4966
868 2235
365 3685
1137 5717
1942 2722
572 2740
1137 2934
2468 4189
2891 6246
3187 4543
271 2870
271 1797
2748 3792
1013 4200
365 1113
3391 5391
271 2513
747 3340
3187 3189
271 312
2478 6021
1008 2724
271 6081
1137 1229
2017 4289
138 868
271 5238
271 2282
2758 2795
54 5065
523 833
1871 2664
783 5672
680 1444
1099 2891
1137 2460
5094 6154
749 762
1243 5491
271 1788
2262 5380
365 2333
3496 3621
224 378
365 2478
1212 5052
365 1255
356 4579
1921 4423
2891 5842
271 5007
2309 5352
1683 1685
143 1236
2545 2891
405 509
1352 1630
2085 5149
0 1201
1499 2426
1199 5401
2476 5997
4386 5569
0 5241
832 3947
912 3545
792 4587
2494 5289
957 3803
271 1366
2709 4245
120 358
2085 2380
0 102
3714 4013
1137 4915
272 2479
1965 4489
764 774
681 2145
2114 6023
2650 3886
271 856
1981 2697
143 3541
827 2476
1166 1947
2017 2725
314 5316
271 2984
680 3674
1782 5954
957 4531
0 819
2636 4275
272 4155
72 3581
1137 2125
783 5563
1745 5468
2709 4059
2891 4040
1402 5020
1421 6129
2468 6199
271 2088
2468 3074
1012 2647
271 2137
1597 2474
365 5423
1137 2398
1136 1371
143 2451
271 2254
912 5613
651 2660
271 2431
1235 4547
859 1182
747 1624
1715 2145
271 1744
2733 3999
1137 3593
3138 5778
1352 3297
344 1008
145 257
868 3579
960 2022
271 3613
1137 5625
783 3442
356 3199
2510 5608
1343 5994
365 1227
1137 6194
1811 4383
2612 3783
1006 1024
365 904
783 2089
285 1863
138 271
1137 1721
1900 3755
907 5784
1012 3791
4891 5692
58 5205
2384 2904
365 1656
990 4508
3427 5060
1320 6186
271 3142
1137 1947
1876 1966
1048 4007
783 1760
365 6149
0 241
145 1528
1130 1755
2891 5400
1573 1591
1137 3473
2392 5853
1137 5661
271 3477
783 2282
912 1205
1268 2468
1137 5870
764 1683
4000 5499
3187 3260
1137 1804
1137 1319
1008 2717
133 238
325 2382
0 5317
138 564
314 5549
143 261
2088 4963
365 5250
417 2988
271 5177
277 868
2694 4443
0 6053
3593 3686
2059 3792
271 1558
1357 2445
271 2338
271 5343
2392 3535
572 630
858 4290
378 2681
376 1010
1704 3235
3513 5156
331 2821
1921 4333
271 5967
271 4897
19 5816
1137 3637
2891 3457
68 1816
107 5734
271 3697
783 3414
1137 1425
3273 3286
271 1994
1013 2627
868 1370
988 3988
271 5063
912 1944
3953 4305
2437 3011
381 1553
1693 4585
54 6320
399 523
868 2892
271 6275
769 3338
1137 2774
912 3474
2554 2706
2012 3749
958 4193
749 751
3809 4118
271 3125
1137 3386
1130 2333
271 3162
271 6231
271 867
2545 4965
747 5783
2071 3765
271 5672
1035 1908
271 912
241 271
1137 1249
2125 4907
1137 5689
271 2552
0 3631
783 5442
1137 2987
138 601
1051 3135
1544 2891
1137 2052
271 6124
990 4364
1108 2435
6532 6544
17 2198
747 1397
224 2659
1130 3414
608 2013
1137 2406
271 5250
0 1319
914 1927
365 5512
5517 5758
0 5758
4100 6525
3811 4322
1961 4008
2392 5486
1930 1941
0 1093
279 301
783 3406
1320 3023
0 1268
1421 5198
1137 5505
840 2260
764 3220
1243 5701
572 967
1388 4040
314 859
271 5083
2318 4903
271 5759
1335 5237
1782 5384
1160 2118
1421 2537
912 1811
1553 3438
564 5078
1035 4096
1006 4095
356 1672
2104 3665
279 440
1580 1689
2478 3096
2392 5977
1252 1338
1693 3298
271 6202
271 726
376 4445
238 3699
676 1357
1390 1391
271 839
1011 2678
868 2261
271 5644
403 2384
1137 5716
868 912
271 5821
3358 4607
689 868
1137 1165
912 4643
1782 3043
2891 5553
2468 3849
5392 5994
271 5922
3333 3339
1016 2726
25 5816
271 2982
1137 5814
365 5136
365 5160
271 5971
3187 3188
886 4382
4096 4097
783 5605
783 5591
3108 3639
3849 4338
1158 2156
365 5355
272 4365
2088 3098
2795 3748
958 4293
2405 2545
271 2293
3922 5499
1137 5217
1352 3560
1010 3732
2384 2956
26 271
72 3053
783 2839
749 761
271 1791
762 5257
271 2443
354 1137
271 3640
365 2477
764 1618
2180 6286
1137 6165
1893 2774
279 422
72 5856
2780 3731
5 302
365 1399
550 551
356 3379
572 1003
2125 2126
4086 4305
1153 2088
1352 3891
125 279
1591 3232
236 912
5013 5094
1006 2070
358 5552
107 3117
107 2897
1137 1692
1553 3402
271 1312
44 143
356 1708
792 4588
4123 5499
331 4319
2043 4466
1010 4322
2043 2630
1591 1599
271 1478
521 523
271 3218
2468 3832
764 775
2088 2480
5026 5063
1881 3728
76 257
1212 2891
1704 1707
0 5421
1067 6365
957 3885
3520 5237
365 3593
271 3504
1137 1193
2774 4054
271 2837
2125 3397
1137 3042
708 1004
747 910
1192 1419
1406 2478
1745 5487
1137 5970
3182 4569
1421 6128
680 1236
2125 4936
271 5267
979 1984
322 325
272 700
5000 6286
2272 2304
365 2125
272 4457
271 5205
2392 3397
2392 2969
382 572
895 5177
365 2270
1130 3650
1137 2350
2478 2891
365 579
2107 5136
1872 2614
145 375
848 2145
2125 5516
2107 6017
962 3954
404 523
1035 2039
3509 5791
4289 5741
2614 4092
700 2041
1137 6193
1006 1942
272 1969
107 3465
1067 1335
1741 4338
3506 4945
681 2468
1969 4038
365 6036
271 1175
62 6197
1137 1720
576 1768
365 3029
2706 3747
143 1406
223 601
865 3790
833 836
985 2797
3195 4644
1335 6288
601 4444
378 3802
382 1942
783 5195
2468 3683
1137 3472
2063 3749
912 1319
143 241
2891 5608
1343 6041
271 5877
1137 1365
743 6064
3187 3263
3792 4075
1137 1318
81 1792
1199 2425
912 1108
0 2882
1137 2280
1119 2088
32 143
314 3433
365 5394
271 5289
1695 4660
1421 3082
1177 3323
271 1553
2474 2891
2109 4937
271 5342
912 5045
143 2407
271 2386
312 4544
4451 5499
1704 3236
1099 1706
783 5333
120 5906
1137 4647
1035 2709
1404 1635
271 5628
3753 4305
5741 6217
868 1268
1893 2717
1137 5604
271 4956
2979 3609
636 2576
890 1893
3288 3311
2238 2996
365 1343
1902 4200
1959 4131
4192 5499
2085 2128
0 4342
1406 2562
356 2990
2341 5306
769 3337
1010 4350
0 257
143 1325
1137 4348
271 3124
365 3001
344 1892
1408 1739
1137 3410
3074 3526
2223 3480
267 398
1893 2793
241 5506
3218 5596
1533 2392
271 915
912 1235
271 6007
1137 2888
1251 5508
3832 4018
564 5182
1710 2145
1137 3033
747 3221
584 6223
783 2386
564 4956
3241 4636
406 523
1739 5329
783 5611
1893 3948
1137 6123
4096 4098
1652 3357
2085 3001
1177 1591
1421 2468
747 1650
271 5261
2298 6076
783 5889
670 1137
356 835
365 523
271 2486
365 2359
365 5656
271 5539
271 3099
143 988
1013 2820
1589 1727
785 5686
271 3623
356 4553
1013 2741
81 2152
1130 5842
564 3581
608 677
2892 5610
279 498
797 1137
764 3076
833 1137
1012 4238
45 81
62 1137
2114 3012
2891 6119
272 3915
2306 5906
1975 2614
1591 3197
271 672
400 523
2891 5236
4038 4305
1130 5270
551 553
2891 5317
4344 4486
1745 2891
747 758
1081 1274
236 1137
1927 2641
572 2759
271 5647
1137 3535
1130 5192
389 551
2007 3792
2392 5863
608 2067
747 788
1137 5197
909 5077
2557 5552
1130 5482
1799 3001
747 3342
271 3102
271 314
271 1543
271 6083
766 3209
1137 5267
821 840
0 6060
3792 3793
1958 1988
1043 2468
271 5345
1352 3561
2238 2256
365 5739
2304 2326
271 5398
968 1933
342 694
271 1790
2125 2458
365 2331
608 4299
912 1541
811 2706
1739 5433
992 2774
2729 4448
912 5168
4305 4358
0 79
356 4589
365 785
81 566
1963 4046
271 5001
3502 5731
2867 2891
4111 4209
241 936
2157 5507
2468 2471
128 912
1137 6518
238 2957
700 3840
611 679
1891 3889
1529 5533
912 1904
2891 6019
1137 3128
271 3180
1008 1032
764 913
521 4194
271 6286
2108 2500
59 564
572 2795
365 6320
868 3693
0 2474
365 3592
271 3507
30 358
1137 1192
1182 2382
365 5242
2639 4246
2891 3552
700 973
365 1108
272 4172
271 6070
680 912
1970 2648
868 1550
2085 6035
1137 5922
1335 2894
2468 3084
271 5159
890 2794
3745 3832
584 5901
2085 3333
1246 2510
120 1137
486 636
925 2474
138 2988
1110 2441
271 2248
783 3113
912 2254
271 5317
410 3692
279 1375
271 1709
905 5678
143 2306
271 2425
912 5502
638 2537
622 4082
271 5482
1024 2891
116 2515
2645 3947
914 3851
1575 1591
2286 2891
783 2971
3769 4190
577 2828
365 868
1346 1693
271 4988
2737 3874
271 5101
2618 2619
3074 5760
1137 6273
271 1268
2386 3079
868 1335
138 1008
608 988
678 1764
2706 3886
1057 1177
1177 1392
1352 1777
1137 2606
401 1241
1782 3673
1984 2468
271 1460
358 5301
271 2597
271 5918
2468 3613
365 2502
2085 2559
1462 6228
868 2286
365 3675
271 3430
990 4197
783 3539
1148 2085
2474 3429
783 2373
271 3479
1877 4348
2751 2793
747 988
0 785
62 5244
0 2085
1677 1704
1745 3610
1137 2957
3187 3262
1137 1317
365 5359
365 4891
507 881
3273 4542
783 5752
1967 4301
3541 5301
2700 5499
2474 3001
1048 4388
365 5393
271 5117
271 5288
1695 4663
271 2348
271 5337
3950 4313
564 2145
271 2397
1137 5305
1011 4161
2991 3611
0 1147
1551 3053
3910 3911
1081 5714
62 745
1641 4611
1320 3029
564 6023
372 3708
783 5635
271 4944
2125 5376
377 3850
1348 2823
1421 5069
365 6118
1137 1683
272 377
271 1093
325 5059
272 3793
783 3702
1137 1738
1137 6126
3878 4193
3273 3382
769 1636
365 2837
143 2891
1370 3184
271 591
1425 2423
498 2199
272 4095
1652 3354
3272 3273
2205 2988
868 2988
271 4485
2085 2306
1137 3409
729 1034
350 3002
81 1070
2891 3670
912 1525
271 914
1006 2761
608 2056
1108 3572
2891 3623
1782 5913
1137 3507
2063 3768
526 3504
1137 1255
777 1942
272 995
1523 2510
1196 2328
2468 3863
747 3220
519 5142
1971 2667
271 2892
1335 2960
1356 2445
1018 3965
365 5331
766 3218
2093 2380
783 5730
2254 3678
107 5023
2085 3404
271 5151
138 697
314 5090
81 5045
277 2474
113 279
143 2468
591 1038
1137 5243
1699 4652
1352 2722
788 1346
3802 3862
271 2304
1025 1029
1406 3088
238 5839
271 1765
1998 4188
1972 2019
2706 3074
2478 3059
271 3622
1137 5430
5065 5171
2903 3206
365 1024
868 3517
1006 2012
1357 2878
1137 5511
68 2085
564 1186
1745 4920
2063 2721
271 1064
5094 5137
783 3621
2618 2803
857 3273
1235 4680
93 3494
271 1113
985 3759
2125 5126
1035 4321
1137 1782
81 5815
2891 6118
356 1674
1008 4319
1035 4478
1591 3196
568 725
1901 4164
1161 1251
2891 5239
358 4930
1988 4119
551 552
365 1749
1745 5957
1033 4322
1137 3453
1320 1323
2161 3127
271 833
271 2589
700 3745
405 523
857 4638
568 2891
2392 5864
608 2068
868 914
271 3422
1690 1695
3876 4218
372 4265
272 975
1137 3613
833 2107
271 2976
272 2818
1137 5812
989 2699
365 5158
1942 3908
700 4193
3187 3190
1370 2474
1008 1011
1136 4588
0 5263
365 2151
1137 6038
564 1747
1081 2085
271 5235
1348 2420
306 5443
1602 3295
2478 2861
4469 6531
1130 4911
988 1998
271 2404
1212 4953
1137 2449
271 5393
71 271
271 1785
1008 2052
1137 5441
2125 5606
0 3385
2392 5452
271 1902
608 1352
2395 5699
1196 3160
1137 5539
2891 3060
356 3285
1886 1959
608 834
1406 5165
3863 4132
981 2002
271 1213
1137 4185
2085 4982
399 6117
2114 2601
1006 3993
3924 4372
1137 3135
1130 3604
271 1363
2891 5139
271 4428
912 3435
331 4305
2455 2891
1036 2668
93 2838
764 769
2137 2242
0 232
1358 2347
2699 4351
2026 2616
365 3591
912 2492
810 4515
124 134
2741 3736
271 2839
2727 3948
271 5963
1137 3040
618 620
238 2120
696 1006
857 1728
1130 1815
242 328
1984 4354
2100 2614
1553 3655
271 2101
3001 5881
564 1792
365 5063
271 5899
2795 3829
509 1199
271 2138
365 2123
2125 3126
2752 5499
1137 2387
93 5085
2476 5211
747 1343
1885 4395
868 1901
271 2251
2453 2468
834 1942
2474 6300
312 1247
271 1708
271 2424
365 2413
625 3740
231 2988
271 5493
1235 4548
3918 3992
747 1629
2872 5251
271 1757
1137 1237
1035 1944
365 5855
365 1079
2170 3041
365 867
2114 4652
272 1971
1541 5111
279 452
1137 3944
356 3273
749 910
1137 6272
1011 3739
0 4944
2510 3165
271 1169
1358 2891
783 2252
762 1626
523 1544
1894 4380
365 5027
2632 4319
272 572
1585 1698
1201 2549
990 2314
356 3204
3266 3330
2104 3595
1137 1807
271 667
2384 2891
772 788
271 6268
271 2596
81 110
958 4405
271 3425
241 5493
859 2532
2392 2444
4138 5499
751 910
3187 4555
572 2687
1113 1137
912 1192
783 5869
0 5161
3271 3273
1035 3719
783 6152
365 3853
272 4265
271 6037
914 1981
507 880
3273 4541
271 381
783 5641
957 1902
365 5503
1137 2286
4040 4249
365 1782
271 2238
365 2095
1137 5214
365 5392
378 2722
604 1172
1108 2376
2341 5634
783 5935
912 5580
93 5510
302 354
271 5336
143 523
1114 5085
2683 4227
0 2577
365 2385
523 1051
909 2297
138 833
2614 3772
271 2322
271 4898
0 5811
564 3700
365 1051
1422 5804
271 2345
3870 4030
913 3213
365 5972
1942 2474
236 564
868 2665
572 3728
680 5951
1137 1656
1750 5202
107 6229
747 3212
868 1492
1160 2533
272 3794
3693 6112
1764 5482
769 1659
1667 1727
272 1966
410 523
1137 1882
107 591
2392 5952
912 6253
271 6179
995 4321
365 1776
238 262
271 6321
1192 3143
2007 3945
34 81
2100 4439
116 564
2085 5509
0 5496
2392 5645
783 5289
2343 3702
271 5722
1356 2216
680 3397
783 5098
747 3223
2293 4901
1137 1399
271 2895
365 5185
14 5906
271 5531
138 2224
3792 4349
912 5883
365 5330
100 822
1629 1635
1172 3583
654 3986
1438 1745
331 347
1137 5242
1356 3863
1022 2791
783 5734
143 568
2225 2614
143 2516
271 2307
3252 4583
14 271
406 3613
271 1764
238 3433
366 3874
271 2480
365 5654
1137 3653
783 2989
1636 1641
1422 2501
0 1112
868 1051
271 3617
1944 4121
2056 5747
1137 4946
783 5100
271 3670
279 415
138 1553
1438 1486
2022 4156
764 3223
376 3792
145 607
271 1067
332 1035
271 4132
975 3726
516 521
1008 4643
279 637
1031 4327
1130 6130
4013 4276
365 2826
1108 1325
1776 2288
1508 2125
271 1406
365 2971
2472 5747
279 453
271 6151
551 555
844 1591
1114 5766
20 81
260 1600
1137 2568
2085 2341
985 1023
1702 2474
3876 3913
365 3473
271 5641
680 5606
564 5229
2520 5178
1640 1651
81 940
261 3333
833 2106
271 2979
271 5980
1008 1012
3824 3918
271 3024
272 4282
271 6093
143 2235
0 2828
21 783
797 1997
3513 5799
2387 3083
3845 4099
783 5878
1137 5222
271 5347
1562 1942
271 2407
1782 3549
625 3831
1320 2160
271 5392
988 1918
857 4580
143 1115
1172 2510
1343 1461
365 2474
271 4890
138 1954
1364 4707
1346 3250
365 783
1192 2408
1551 5906
376 3820
236 636
1571 2468
93 2385
1252 4947
5731 6071
912 6295
358 5559
564 1397
5394 6249
1137 4013
356 3380
271 529
365 1430
890 4120
2510 3569
271 1325
2125 6074
401 856
272 608
143 1383
271 3182
1942 2974
271 6171
2700 4143
155 409
365 3556
583 1130
523 7663
957 4025
143 1541
783 5232
267 517
3 5815
401 523
1137 5749
539 1137
730 944
272 4159
5391 6041
618 621
5965 6000
1137 1343
271 2951
572 3866
912 2451
639 810
2114 3603
0 1359
868 1544
271 2100
365 2954
764 1641
1646 1659
2736 3918
868 1695
0 3048
3621 3660
608 1944
401 5089
271 5319
597 2384
2114 2468
365 576
271 2427
1323 2474
93 3727
1351 1792
271 5492
747 1628
271 1756
271 2536
1137 5484
1177 1534
868 1235
3222 3348
365 2446
564 1268
46 913
564 5980
792 1163
279 455
1492 5207
868 5097
5509 6189
3926 4324
747 1944
2286 6210
700 3878
539 3001
3866 4476
572 2100
581 2210
2392 5908
1104 1105
271 1462
2363 3521
2891 5182
2425 5401
0 70
381 2125
365 3528
680 2332
365 2326
912 1419
107 785
1587 3238
273 1223
271 2644
3517 5460
271 6345
2709 3752
1942 2692
0 868
3187 4554
2307 2468
638 5670
1116 1541
271 2556
990 4346
2085 6247
46 1370
0 5162
1274 1464
1942 4194
2194 2988
271 6036
1356 2554
659 2125
507 883
1406 2429
143 257
2125 2474
783 5640
1137 6092
2107 5602
271 5125
143 2114
0 3060
3210 3335
365 5391
358 3669
314 3559
572 3783
1268 3684
1137 2511
783 6275
2872 3451
271 2399
365 2384
0 5637
1704 3239
236 279
2903 5208
238 3389
271 5625
107 5722
764 3212
1335 5585
2776 4153
3187 4684
365 3176
1883 1942
2744 2771
3273 3380
769 1658
769 3342
271 5012
783 1469
1008 1811
244 365
2451 5225
2088 2157
564 5492
572 611
865 3823
2836 2940
1553 3273
107 1080
271 2619
611 4129
279 2215
2392 5646
680 2439
584 5436
271 3396
1137 1615
1137 3505
2614 2772
2516 5443
783 5337
747 3222
1764 3541
81 5496
1421 3687
680 1137
2709 4014
2368 4960
1137 1479
783 2479
3728 4469
958 3858
3201 4702
2468 4903
1652 3352
2433 3593
2468 3541
130 358
1704 4557
5809 6154
2516 3645
1352 2611
93 365
2125 2547
107 5400
783 6067
61 271
2392 3166
365 1133
611 2669
271 1812
1872 4477
5169 5793
383 2510
1981 4694
271 5597
1346 3247
272 1901
777 2474
271 3665
2037 4046
271 5046
407 709
365 1464
1653 1718
145 606
1137 4898
551 4319
271 1219
1235 4682
1259 3539
1137 5043
0 3130
1031 4326
2700 4390
271 572
2150 3673
859 4908
1008 1998
2048 4217
833 912
365 2970
271 6150
378 1035
551 554
1137 2575
1690 3375
279 2202
1137 1959
1268 2891
271 5640
271 1008
1130 1567
365 3617
271 3416
1137 2921
2988 5906
2891 6173
116 712
912 1265
833 2105
3734 6518
3768 3973
365 5156
895 2991
912 1024
1008 1013
1882 1959
385 896
912 5848
3300 4545
6132 6202
833 5347
2903 3568
1252 1779
1178 1274
868 1764
2392 2945
3845 4098
1357 2496
572 3864
1137 5221
1602 3293
1477 3083
1130 4909
107 5397
783 6218
271 2406
912 2478
3866 4413
271 1505
2474 6217
990 3851
3728 3850
1137 5447
1137 3680
1011 4155
783 4100
2707 4533
306 2561
365 1250
279 418
2125 5318
356 3287
145 570
1357 2965
0 3479
154 2516
2177 5413
143 1088
365 3516
2163 2392
1022 3786
1137 1680
145 868
1008 3760
572 997
689 2891
365 3410
2322 5724
3763 4170
1099 3193
271 6170
912 1553
2007 4499
238 319
271 1474
1137 2603
957 4332
350 2928
1130 1760
1090 1115
1137 2692
1099 3239
747 868
912 1343
958 3822
325 5682
365 3589
1357 3387
271 3516
30 357
912 1358
633 1137
972 2690
1888 2618
3405 3576
912 1245
783 5510
857 3267
228 309
3687 5823
308 365
1335 2891
1137 2240
1137 5719
890 2793
2592 2891
293 2748
1137 2385
271 5201
785 2024
2635 4319
0 2968
3333 5906
1051 2520
584 1170
745 6008
271 3518
271 2426
1507 2392
138 1893
747 1130
302 2468
0 1426
2018 4003
1137 3596
2392 3094
143 785
1067 2865
271 3608
2468 2642
2341 2348
2125 2254
1526 3593
365 6143
912 1969
75 1137
244 2392
271 3520
336 611
1471 1477
1051 6099
271 2835
2088 3060
143 2928
572 1437
1008 2024
365 3025
1959 2622
279 434
2437 5217
3593 5049
271 1457
1137 4261
10 81
3935 5499
81 108
564 591
0 246
1782 2829
0 3630
1406 2580
1348 3607
356 3308
365 1981
1137 5648
2891 5612
271 1054
271 5873
1467 1592
1160 3456
608 777
1315 2384
608 1768
1008 2706
591 785
2098 2114
2392 2907
915 2891
1137 6083
138 1108
2358 2891
2223 2510
80 2891
143 2125
271 2161
1137 2429
271 5301
813 4382
2114 2326
1371 4550
366 3989
1137 1421
365 2238
1137 2510
271 5338
912 5857
608 1044
1137 5310
783 2891
1497 2478
314 3050
99 1316
271 2511
1031 2665
1397 5998
1641 4608
271 5624
1041 2793
1343 5173
356 4561
868 1264
2617 2664
3273 3289
1044 4439
1335 5584
523 1352
564 3476
271 1094
2286 5824
272 3796
2114 4597
957 3757
1602 1698
1259 5432
1745 5837
2891 5196
365 2997
2218 5572
2474 4895
896 1979
1650 3222
1081 1137
2997 4956
271 1429
680 2410
1041 3927
564 1883
2512 3149
271 2618
3832 4180
5684 5850
1100 2497
271 5687
138 145
271 6339
957 4116
2272 2363
400 1180
272 2683
2891 5435
1137 2892
1041 1357
0 833
783 5336
1137 5692
238 5316
747 3209
33 143
1137 1397
1900 4319
56 2988
1421 6206
272 2678
271 6010
271 3070
365 2963
671 1041
912 2286
2903 4667
271 2159
3924 5499
271 764
1137 3227
2698 4260
1004 1942
1335 2592
1906 6516
2161 5928
271 2317
1137 5321
3908 4357
1942 2991
271 5438
365 2227
366 1137
271 1766
365 5652
523 1081
48 1331
5065 5543
3832 6547
1137 2555
1591 4560
271 1815
2088 5740
271 3619
1101 1137
977 4131
1137 4944
271 3664
2891 3021
5391 5673
764 3217
1108 2850
1661 3210
1137 4897
2679 4247
676 3546
365 1311
5013 5069
271 1114
1137 5042
749 764
564 5675
1051 3695
844 1698
302 4319
2239 2242
377 6514
1635 3210
1406 2234
844 1585
1108 3558
2088 2521
564 2988
3687 5670
365 3471
2675 3736
271 5643
62 1457
365 6344
912 1492
868 925
271 3419
1001 1984
783 2232
2033 3721
1137 3525
2087 5339
1011 2715
2891 5475
2636 4229
914 4508
1357 5000
0 2531
3271 3330
0 988
833 2104
697 2755
365 5155
3736 3823
958 4028
1699 3186
1942 4042
1721 2145
271 2115
279 442
912 2391
1947 4301
1635 1641
2392 6319
3845 4097
143 2437
365 2293
1137 2309
271 5357
4166 4230
1137 3832
1130 1522
564 5257
271 5394
2114 4901
1234 1364
271 1786
365 747
271 3468
271 2454
1698 3306
868 1081
271 3591
365 2472
271 4964
1335 2395
2706 3316
2687 3809
1469 1553
1137 6152
271 1944
0 3577
272 3710
279 445
564 1153
2742 4509
1500 2104
2172 2468
1875 1904
1130 6100
1137 1687
3185 3290
1704 2891
1633 1659
2392 5946
523 5142
564 5038
0 1553
3871 3949
760 3220
1419 2417
2392 5720
2177 5500
591 617
0 3651
1137 3567
1137 1235
273 1386
0 2478
1137 5739
271 3519
320 743
279 1204
3832 4078
81 3290
2705 5499
271 2832
4292 4431
1116 1746
2709 3956
618 619
868 2474
1680 2903
1745 5474
988 4500
523 564
271 6066
4470 5094
372 2706
507 873
0 599
3529 5543
1008 2758
912 5829
842 1397
316 2516
572 3918
365 5417
2891 3116
1163 4678
2991 3885
0 1397
518 523
988 4416
2468 3566
271 5313
584 1171
1352 3007
365 574
3596 6049
271 2373
1745 5268
2468 4190
783 3162
317 827
2173 2365
747 1630
115 2928
271 1758
680 2581
314 2118
2137 5052
890 2077
81 2914
271 3720
1335 5583
377 4510
272 273
271 1133
2125 2157
225 279
835 1610
1568 5368
912 3613
345 986
981 2468
2286 5780
769 4609
680 5958
3875 5177
272 575
143 1492
365 3024
1406 3013
1130 3703
402 533
4040 4276
1002 2750
2085 2410
378 3956
1190 1213
833 2468
81 99
1406 1567
1782 3436
1906 3839
259 834
272 2576
572 2699
865 4496
1137 3467
747 835
365 6288
572 1986
2063 4104
385 700
81 269
5339 5513
271 5872
1022 2022
1038 2891
2238 3541
1620 1635
498 2210
1137 2945
271 5985
3881 3947
3273 4561
777 4004
2809 4040
2145 2891
1889 4350
564 1904
382 4315
1008 4454
1137 1450
1130 3565
783 5642
293 2766
2891 3195
2350 3144
608 3611
1357 5123
271 5300
1695 4659
4040 4331
271 1564
622 4352
564 1541
523 912
777 2019
365 546
2679 4307
564 1460
628 4171
2478 3035
74 116
81 2988
957 2627
331 623
271 2510
1469 2863
271 4911
783 3067
641 982
238 5868
75 610
2147 2891
988 4121
1051 5264
365 5969
2468 2679
2652 4396
271 1481
1335 5587
1320 3523
529 1356
976 4233
1137 6305
2596 2997
0 3152
3944 3986
783 3698
5318 5324
1811 2891
143 6231
1012 3770
271 1270
2085 5343
1525 2235
356 1682
749 750
143 1320
271 1383
271 6188
1035 4519
564 5494
1904 1988
2709 4311
1872 3804
326 5684
0 36
678 1137
783 5125
1800 2437
2160 2506
1353 1421
271 6338
1160 1387
365 3643
857 4698
868 2333
272 2699
258 1158
1137 3036
990 4308
1137 1396
747 3353
1160 3145
1421 6050
1136 4548
1137 5917
3908 4305
271 6122
3034 3167
0 2851
238 2295
365 5472
636 818
228 2441
958 2007
783 5791
3210 3211
1087 1662
1320 5252
116 1549
1343 6354
356 2468
271 1761
1986 3968
271 2493
2392 5407
1048 2817
271 5550
358 7657
564 1343
271 5599
1364 4682
783 5421
271 5040
2088 2575
2878 5094
2615 3780
365 1165
1011 4244
2891 5820
272 3746
890 1768
271 5854
1160 2436
272 3889
2085 2175
976 4100
271 574
2056 2707
1033 2795
93 5965
1212 5595
525 2495
365 1600
259 611
271 1403
271 3095
4023 6550
1721 3315
271 6144
1764 4226
912 3218
747 749
1218 3014
1388 4283
572 2780
1008 4322
4196 5499
1016 2788
241 6032
917 2168
1137 2927
272 2015
62 3445
1137 1159
344 2058
581 1108
833 2111
912 2474
2676 4072
1137 2266
709 833
271 6094
143 379
3736 4403
2286 5616
271 2114
1137 6026
988 4473
1137 2219
3845 4096
868 1909
271 2291
365 5589
1421 3149
312 539
278 304
1048 4495
1137 2453
271 5405
83 2988
1942 2024
749 755
271 1733
271 2449
1035 1904
1137 5445
1965 4226
1782 5796
1673 2474
2448 5078
271 3590
529 2468
267 271
373 2988
3252 4679
1346 3249
1589 3187
2007 2756
1006 3792
988 4011
279 444
1031 2046
2088 5991
2254 2836
1137 1541
271 1209
62 6147
120 143
1252 4909
356 3383
912 1909
868 2818
572 2067
107 3504
1024 1942
764 3339
66 81
1137 2648
747 2836
1099 3195
1764 5635
2700 4138
0 675
868 2144
1370 1594
344 2000
1904 2818
0 236
1157 1172
93 3575
1137 3566
2004 2623
912 1329
143 155
1274 3573
385 599
783 5054
2891 6240
3330 3383
868 1883
273 1530
874 875
957 1981
0 2988
243 564
1048 3743
271 5900
271 3083
834 909
868 2468
507 872
2668 3818
868 1547
1893 3934
2088 5006
2786 3965
912 2341
1353 3317
601 2680
2706 4186
4993 6312
365 2119
2392 3403
93 6278
743 5710
783 5847
365 2264
783 5931
1137 2336
2914 5906
2392 6090
271 2372
365 2409
1137 2481
271 5489
1235 4552
107 138
4041 5499
988 1885
1382 1729
271 2549
1137 5473
227 565
1959 1983
1136 1679
2392 5420
1421 5183
1008 2066
1030 3781
271 4987
69 107
365 1220
93 2305
2891 2964
1357 5683
1137 1616
365 1365
38 1093
58 271
1891 3779
4066 4368
1130 6054
271 2614
1008 1947
1101 5554
762 1638
1883 3776
2690 4074
1137 1795
365 1544
2125 5593
271 1459
743 3145
985 2807
625 4337
783 2901
1406 2901
3131 5815
271 2592
730 2085
1137 3385
3623 5137
785 912
1343 2101
3947 4048
584 5379
572 2692
996 1043
2270 5397
1745 2087
2891 5480
1137 2871
2063 3792
272 1035
2100 4108
1591 1593
2474 3313
100 143
271 5984
868 5168
413 1782
2665 2891
1008 2708
93 146
365 5354
1137 1449
0 564
608 1881
783 5653
2744 4045
888 4524
3683 5850
1343 1774
271 2234
912 5553
107 2084
271 5303
1695 4658
271 2347
1137 2508
271 3603
271 5412
1108 2235
1237 2841
378 4501
783 4997
271 2392
1137 3677
271 5461
0 2457
2631 4382
2502 5884
912 4922
1356 4925
351 611
2891 2898
1137 3630
783 3066
2318 2844
1137 6214
5380 5704
271 4959
1352 1727
5731 5906
659 1081
2679 3832
2891 5779
1335 5586
1421 5037
279 484
139 145
1589 3292
2114 2891
1137 5012
2043 3736
0 4912
2365 5102
1406 5624
868 2891
272 2225
516 7663
133 3001
365 2995
564 783
2700 4195
912 1740
1607 3310
523 1335
365 1155
1745 2913
2125 5840
1506 2436
313 2382
564 5350
581 1373
143 1909
2392 2557
0 2552
365 3642
680 2442
5496 5732
271 5798
1137 3510
86 936
783 5338
846 918
1161 2938
1602 3376
271 3574
271 2891
271 5956
356 2145
1533 2085
564 4954
3826 5741
272 4166
912 2526
235 565
1724 3273
1591 2114
1327 5020
143 358
365 5471
4096 4099
1096 2510
1979 4217
2104 2895
271 5259
903 1922
116 1550
365 5505
378 2613
564 2114
988 1942
1799 2468
365 2353
1137 5464
1921 3946
365 1130
331 344
271 3629
1137 5417
271 5598
2614 3855
1421 5019
1259 6106
1804 3588
1137 4950
271 3666
3593 6258
4930 5048
579 1137
2392 5523
273 1574
2694 2822
518 1052
0 4973
1764 5563
3041 5679
783 904
3187 4653
1371 4546
4191 4501
0 6176
1137 1769
1591 3274
400 574
915 1137
572 2056
356 1719
358 365
365 4955
1370 3197
377 6512
385 1987
271 6147
1901 4304
868 2125
365 3580
1051 2891
909 3177
747 748
1264 1490
996 2025
1159 3041
1137 2717
365 6342
1346 1615
271 689
1137 2926
572 4435
1335 3577
2627 4472
272 625
135 2510
1700 2468
912 1381
68 81
1137 5854
912 1268
521 4088
314 3174
868 2433
2474 3273
1137 5807
825 2155
138 1130
912 2377
1320 2390
2891 3074
3883 3964
1635 1643
143 747
271 1574
143 2439
271 2290
785 5005
100 564
271 5359
313 5530
1352 2755
271 2403
783 2844
747 1652
4148 5499
1492 2194
868 1108
271 2448
1652 3212
271 1909
365 2470
1628 1635
3218 4565
2007 2759
2 81
3214 3350
992 2651
279 447
377 2073
365 924
1585 3203
81 953
785 2875
651 3981
2804 4129
0 5112
783 1345
5080 5731
1319 5547
3159 7657
271 855
572 695
358 5781
912 3004
2700 4139
868 2145
271 1487
24 116
2657 3926
1335 3647
271 5467
1587 1723
572 2785
238 5536
651 782
0 5412
657 1137
3794 4278
1690 2760
1137 2826
651 671
271 5790
912 925
0 2143
988 2816
277 1489
787 1090
379 3811
3187 3240
958 4047
1343 2887
0 2254
1649 1652
365 4913
912 1135
1893 3933
299 551
138 747
3792 4168
1268 2254
2474 3023
402 2593
271 5202
2392 3404
1268 1904
271 868
93 5565
2036 2709
4577 5531
289 1051
1352 2815
572 3758
0 4585
1547 5679
1137 2480
2688 5499
1137 5472
2474 5459
271 5601
2614 3908
1160 3119
53 912
1793 4551
271 3685
1137 5617
754 910
1051 2374
107 2580
356 3318
584 1361
909 5052
272 275
400 856
271 1135
1011 3742
1547 6123
1031 4250
279 416
0 1600
608 2709
2012 3720
2392 5912
271 1458
377 4423
271 5111
1881 2019
834 4070
564 5379
0 3620
2478 5053
3330 4654
0 2333
759 761
271 3436
912 2886
3888 3947
2125 5645
4166 4252
783 5313
909 4998
134 279
365 2828
1137 1358
2665 3565
957 1927
271 5987
3201 3377
2007 4084
2891 6327
36 2988
0 2218
589 2216
365 5353
859 3170
1320 2544
138 572
143 269
272 1322
3187 4703
1942 4305
365 5030
3968 4267
1136 1248
572 3948
365 2090
1137 2418
271 1566
271 5415
564 4539
365 2380
1782 4984
1430 5965
1040 4262
141 143
0 1137
365 689
2392 6338
271 5573
980 3918
797 3984
1872 4388
271 4958
271 2784
868 1346
271 5071
1406 5230
377 4389
1335 5046
325 2285
1035 2991
145 912
271 1264
2052 2814
402 3073
81 786
801 3705
564 5569
365 3206
365 2994
2088 2255
1008 1894
0 1755
2235 3470
100 360
1090 6367
271 4483
2043 4403
1522 3551
115 365
2891 3660
4251 6528
1904 2891
909 4953
3978 5094
0 3597
1137 1177
608 2301
747 3210
4201 5391
2474 3282
365 5180
271 5959
179 279
1406 2354
1008 2737
783 5627
2662 2706
2710 3832
5045 6153
1406 5789
788 1642
3517 6252
107 5217
365 5002
271 1470
1130 5026
988 1137
2054 2699
783 2698
228 2330
636 2191
711 885
1137 5172
783 6258
1881 2991
1137 5326
3997 4261
2751 4363
5809 6087
792 3302
868 1969
1130 1324
2104 6150
743 5003
868 1024
626 3735
1137 5416
2891 2929
857 3377
271 5593
365 1274
1137 2536
356 4592
743 5316
1783 2478
2384 2389
912 5210
271 5042
271 1078
257 523
857 3283
909 912
529 4428
138 2800
279 632
2468 2891
563 565
120 2889
564 5364
271 568
2392 5298
940 953
2429 5941
783 5130
396 523
2392 5921
0 1544
143 3290
81 143
365 2966
271 933
896 1946
2392 6096
1137 2563
0 2
271 2587
2845 2891
2043 2704
1904 4119
2771 2774
2891 5592
271 5765
4192 4436
2565 2891
138 2254
572 1915
2706 4434
833 2109
783 5550
758 1642
498 948
365 5152
1137 2127
271 5979
2474 3542
1012 2773
564 4927
868 1553
271 3039
365 1093
4040 4167
2125 4909
1635 1642
2392 2949
271 2301
2891 3218
2222 5608
564 2224
2309 2891
271 5407
749 753
2510 2959
311 314
114 808
1035 2717
1137 3684
1212 6162
610 2249
1921 4397
279 329
1421 5226
1005 4097
271 5014
397 1315
1406 3427
272 2012
859 6064
279 559
366 4483
568 778
271 1211
747 3449
985 4254
272 3871
1499 2421
138 272
1942 2225
356 3377
551 740
2392 5262
271 1320
133 539
1137 1893
1871 3807
3832 4128
575 1984
1335 3646
600 808
1137 4903
1893 3736
0 5413
1137 3564
2707 3821
271 976
272 914
143 1969
5731 6008
783 5048
1492 6261
1901 3898
912 1346
2891 6205
271 2845
272 2773
1137 5881
764 1664
990 4242
912 1233
1137 2155
1211 1456
507 874
271 2099
1632 1698
1137 2244
783 5792
1137 6068
1136 1364
342 523
1069 1108
0 1352
381 2468
912 1130
1743 2140
988 6512
2779 3832
0 596
3095 6184
1792 2891
271 2374
1051 5483
74 5815
5013 5198
857 4555
365 2552
1137 3584
271 5600
0 3090
365 1073
764 1640
365 1218
365 1006
1067 2882
271 5098
1352 4040
1600 4604
1815 5479
2891 5958
0 4950
834 1926
2476 3559
1406 5570
120 5306
2786 4278
905 1137
1896 2804
551 648
2392 5994
377 3793
1031 4014
2015 4349
4141 4316
271 1469
365 3378
783 5722
792 1612
2359 2392
1044 2049
407 1058
783 1771
523 785
365 5643
2392 5687
3330 4655
2891 5395
271 5207
1353 3675
681 1698
223 303
610 868
572 4372
81 3131
138 1406
1137 2950
365 5217
271 5986
224 4473
1137 1335
2651 3833
1137 1502
3074 5450
1137 6006
1335 2874
271 6035
1137 1455
608 1883
783 5655
272 4414
1137 2272
3917 4370
783 5764
919 5861
271 1561
1733 3281
271 2357
1944 4453
0 5739
143 595
2637 4055
1591 1808
1352 2667
271 5909
912 4924
680 5639
2891 3512
1624 4598
72 912
564 6030
271 3207
356 4573
365 833
3517 5756
912 5247
978 5499
378 572
1353 5008
365 6111
365 1335
365 3171
2891 5986
272 3784
2286 3559
2272 5809
0 362
912 6356
1897 4005
2088 5296
5392 5420
0 5025
1352 3778
1137 1884
271 596
2043 3994
1650 3218
271 709
564 5489
143 1370
1137 2662
1370 1601
1871 1955
23 81
1659 3214
912 2836
2891 3663
325 1053
1013 4472
92 1635
146 2988
365 3640
2891 5439
2709 3799
3832 4026
62 3420
1137 5680
271 3568
271 5841
2717 4529
1483 1553
700 797
271 2901
700 4180
231 1137
3826 4031
2137 5595
165 279
314 3123
1092 1438
2254 3638
271 4917
2084 3593
564 2495
783 5739
365 2172
584 6141
272 4378
3041 5511
365 5001
1635 1649
1137 5244
1137 2333
3720 3765
747 1533
377 988
1137 5325
896 2690
2891 3398
1480 5709
745 841
365 5648
2125 5627
1764 2082
868 3541
271 1811
2088 5712
279 292
365 5793
271 5592
2991 4185
81 369
2891 5664
365 5938
807 4319
1764 2474
2891 6197
1137 1566
834 4407
2085 5231
358 5517
1390 2563
358 400
365 5926
271 2917
497 636
48 66
579 2437
271 680
564 5542
912 6223
1136 4586
271 5100
1024 3904
271 1525
377 624
1137 2562
3508 5363
271 846
271 2586
659 5160
271 5655
833 2110
2392 2523
783 5259
783 2429
747 1617
912 1383
2760 4590
783 5432
1137 5852
271 3540
271 1192
868 2478
833 2108
3801 3938
523 524
271 5978
3187 3199
0 591
271 3038
365 5084
2125 6279
71 81
2717 3823
1137 2216
271 5240
1348 2419
833 5271
747 1352
680 747
143 2433
81 1122
1137 2361
135 1137
328 2516
271 2413
365 2178
365 5731
3187 4638
1035 1909
912 5273
608 4291
365 1100
0 3406
365 2468
1707 3196
1067 6109
20 584
0 1193
365 777
1235 1675
2286 2961
564 3545
1587 4691
2476 3437
761 3333
1553 2891
995 1035
985 4204
2104 5241
46 271
1130 2089
1207 5982
365 2903
107 3108
377 6009
1201 2498
1872 4250
2091 5816
564 850
378 4077
991 2737
1008 1872
2088 5143
2085 2418
81 5375
365 5142
787 5543
914 4171
271 5246
793 912
314 5211
1976 2706
1009 2023
2709 4477
271 5739
3832 3971
271 1389
81 5529
697 1942
2733 4032
1137 5743
2891 5575
271 5784
2033 3753
1650 3343
1010 1966
2903 4904
271 2844
2286 4890
1356 3729
2468 3926
271 5897
271 4382
1035 3728
2085 5898
379 4382
564 1944
1137 2154
2709 4065
271 6078
2104 3472
314 5535
271 358
2125 4991
2891 3155
4401 4402
1136 1222
1137 2363
331 2468
1897 2753
2137 6162
1130 5115
3707 4271
271 1540
271 2256
302 1942
2676 3821
1137 2341
271 5325
0 1528
314 1160
365 5703
1137 2486
1116 3501
584 1254
568 747
813 4319
1472 2237
271 1754
3420 5336
680 2585
271 2550
107 1137
2320 5893
365 5514
2173 2474
518 5728
1137 5623
271 4932
2468 2655
1587 4670
107 6353
1764 2451
599 6187
279 477
5731 5960
608 869
3877 4021
2005 3792
868 1343
834 1394
271 5404
54 365
365 1507
3273 3330
834 1916
93 788
769 4613
365 3492
365 3232
2125 2891
365 3020
271 2485
271 3553
238 365
0 1777
1702 4557
271 785
143 1782
783 2982
990 1322
783 5202
271 3438
1353 1382
365 1688
1137 1267
0 890
81 257
913 1622
2512 6127
272 1038
382 1913
988 4259
1585 2468
764 1701
834 2716
2891 6313
271 3041
912 5782
143 271
783 5654
2125 4963
0 3018
365 2088
1998 4270
1137 2416
1959 4029
0 6141
1264 1670
271 1560
1357 2435
783 5940
1406 3534
1942 3792
3041 5188
271 5409
3010 6029
2468 2717
1343 6098
1352 2668
0 1139
518 789
909 5307
410 1826
1137 3619
2510 2935
107 5712
1160 5549
1952 2022
764 3210
2407 3693
888 4058
1406 5149
271 3581
1726 3187
2101 2474
1137 5001
783 4377
271 4222
1356 2700
3290 4648
551 734
758 3218
271 1266
785 6029
116 143
912 3468
271 599
865 3952
680 2240
271 3135
272 4087
1871 3809
378 3877
2577 5424
868 2132
909 3138
1137 3401
271 6233
768 910
271 5988
2145 3187
3330 4656
888 1352
271 3394
3243 3330
1137 1183
2007 3764
365 6094
271 3571
271 5840
85 365
1137 5977
2561 5443
783 5460
365 5178
1137 2977
1135 2474
271 5953
138 591
69 825
1137 1529
2903 4673
2844 3565
2088 5965
783 5573
1137 2098
1356 3597
365 5000
271 4195
608 2007
46 2891
1137 5235
522 523
1137 2332
1357 2471
1874 2771
2474 2836
1137 5324
365 5758
1137 2541
564 2125
378 4532
777 1908
379 4181
2178 2891
923 2022
1137 2392
271 1810
93 2468
1137 5422
764 1623
910 1663
271 5455
365 5937
783 868
1031 1942
783 3629
101 2891
2137 3634
1541 1777
272 349
143 1130
365 2930
1872 3855
1900 1962
2392 5300
2125 2946
2891 6046
0 5006
1137 3083
2022 3896
232 271
81 5266
2891 6073
271 728
271 1524
312 5530
4289 4370
2261 2468
271 6333
2938 5508
0 4
783 5221
365 3466
271 5654
271 5767
1335 3578
747 783
272 967
912 5936
2891 5547
271 5940
138 912
572 1909
1235 3247
4040 4328
0 2277
138 1335
400 5038
1137 5949
1591 1687
271 6090
1137 2964
271 2126
2468 3728
1137 6030
62 365
1137 2223
271 5243
2125 6167
377 2756
399 1566
271 2303
365 2288
912 5628
608 5094
2784 3792
271 5352
1044 4311
1397 2067
1421 5429
271 2412
365 2177
365 5730
747 1641
271 1410
257 591
1914 2795
1137 5497
1652 3215
1353 2841
365 1099
1240 3593
2928 4970
365 2467
377 3929
564 3627
697 1166
272 1871
271 3763
783 3472
783 1196
1137 5056
1137 5969
2104 2329
2286 5920
1350 2392
72 135
2005 3756
2286 5885
356 1735
783 1346
787 1115
638 5233
365 3047
238 4910
1352 3611
0 1558
785 3527
574 2891
3918 4513
1213 1463
271 1480
418 2988
949 1137
1137 2605
2494 3418
62 4975
564 568
372 702
783 2203
1811 1942
1137 1191
349 1035
0 5189
990 4240
106 1792
376 2667
993 1048
143 3693
228 307
743 1228
4292 4495
3736 3792
289 401
868 1591
2474 5914
271 5166
783 3070
2778 3769
762 3218
2007 3891
1624 3336
60 1211
572 3915
1137 6058
263 1382
1406 1410
773 3210
747 1335
5532 6286
3728 4142
1797 3490
1137 2340
365 5603
1131 4919
1587 1597
1406 6237
891 1357
2017 3813
747 1621
145 365
271 2545
365 2550
781 1900
143 5815
888 3920
1130 2846
2468 2648
2822 5499
138 1541
365 1216
271 2043
272 1963
583 4917
365 2584
407 523
261 5906
5342 5928
143 1085
971 3832
891 4100
2377 2451
2468 2878
983 985
1980 3766
0 5063
107 2871
379 571
912 1764
3517 5515
2709 4286
271 3147
93 5666
2080 2468
271 6212
752 910
377 4055
0 93
1236 3408
271 2604
3832 4158
2506 3537
344 3740
1782 5275
1906 3832
68 868
3563 4931
272 865
1942 2053
572 2688
1137 3470
1553 5700
2392 2452
272 1008
1137 2859
271 5887
1110 5710
1137 1347
3295 4697
1779 5140
680 1067
912 5783
1499 3498
4040 4146
1137 1453
1137 2278
271 5122
1800 5918
271 2182
3210 3342
365 5344
271 5299
1011 4394
376 1876
358 5410
914 1942
365 2232
2676 3778
72 3008
1670 1728
1745 2881
868 1944
271 2468
124 2988
1782 4991
1137 3665
1235 4584
120 121
868 1135
314 5562
365 2522
2836 5150
1137 3618
783 3014
1137 5522
599 1406
912 3920
1348 2824
143 3004
2309 2356
608 4438
523 1358
856 2293
356 4669
1137 5000
2346 2891
1137 1671
272 385
138 1081
564 868
2389 2904
1352 3780
2891 6032
143 1335
1635 3220
1242 2891
5205 5906
1406 1709
1137 3081
2085 2313
1137 3400
285 423
271 6232
272 3995
2145 3186
912 3130
1553 6039
1008 3883
271 3405
5301 5306
1137 3116
3819 4350
357 358
143 223
271 2854
2891 5564
1406 2470
1808 3238
271 5952
344 345
912 1051
1177 1569
271 3012
138 1268
783 5749
365 2170
1137 2178
608 2024
1067 2227
271 2202
1137 5234
1602 3312
365 5612
1906 2774
3826 4334
2991 4064
591 1158
641 2631
0 5705
377 2742
1067 2129
271 2488
365 2349
326 3645
3613 3614
985 3832
378 892
2510 2849
0 1104
2356 5352
279 294
2891 3494
285 1137
365 1271
356 4595
1764 2501
271 3678
271 5055
1873 2751
2889 3517
271 1501
365 1160
1137 5083
2237 2917
365 6081
2392 5126
868 2692
1137 5044
2891 5888
4014 4108
271 517
3330 4561
2766 4319
1959 2671
1343 4142
2700 4268
2365 2891
0 1547
385 1991
0 46
271 6159
564 3131
954 987
365 3576
1137 2560
358 2847
2733 4293
365 6193
2614 2665
783 4912
271 5649
1901 1942
1942 2772
1251 1357
2392 5873
1137 5697
2468 4013
783 2182
3034 3435
1024 3615
365 1810
783 5434
1137 5842
2389 2510
1137 3059
2015 4072
788 1427
271 2729
2088 6356
1051 3175
365 1111
1727 3256
523 526
783 2468
1987 2776
271 3032
988 2654
2017 3981
271 6101
3687 5233
365 5439
912 2381
2891 6235
60 279
365 596
747 1640
97 143
271 2460
271 4978
783 2953
1108 2158
2903 5145
241 3496
271 3597
2698 2699
271 4962
1397 6280
623 1035
81 2936
680 2909
279 443
686 3499
70 356
761 3339
365 920
2021 3979
365 3113
365 2901
1499 2422
271 5004
1988 4326
551 737
365 1422
30 7657
2903 5725
365 3046
912 3541
1695 4601
365 1567
2007 2694
271 6243
912 1544
1961 4331
378 2545
1815 3105
1229 2068
271 6288
365 6165
81 394
107 3682
2891 3593
700 4425
69 1401
2433 2468
0 2468
1268 2085
26 912
2891 5625
2654 2808
1027 1048
1108 1405
0 904
0 783
405 1084
1137 2975
572 4322
359 1137
1928 1936
138 1320
271 6072
3252 4707
507 879
0 2929
2125 3164
271 5161
990 4531
238 6015
0 2665
365 2114
2125 3117
365 5411
1137 2378
1011 4433
138 4238
992 4130
365 568
377 1990
1764 4923
747 1620
385 3741
912 5075
279 436
271 5613
2392 5425
2137 4998
4016 5499
358 5278
1745 5058
2678 4274
1137 3734
2703 2706
1013 2675
785 5765
279 479
143 1084
1137 5091
2891 6011
1893 2624
784 2510
2890 3517
565 1043
2618 4404
1251 5665
762 1635
912 1081
314 2436
976 1357
1130 3697
365 1539
1008 1918
93 564
1998 3718
2412 2482
62 3141
2254 3455
271 2607
1553 3330
0 5896
564 598
1764 6067
611 4109
402 817
365 3665
5858 5902
365 6282
314 5356
868 2407
394 2928
271 5886
2392 3418
1343 2838
988 2784
761 770
1352 1467
1541 2903
271 5999
2809 3812
1184 2260
1217 1371
5281 5327
138 568
2150 5369
2617 5499
747 1268
1352 3026
1137 1452
19 279
143 2085
1137 6084
1380 1792
4148 6551
783 2573
4915 5094
271 2177
1137 5205
271 5298
590 1192
271 2358
271 5411
1782 2139
19 610
358 4952
1137 3664
355 2254
1099 1703
365 2322
279 285
1137 3617
2891 3517
271 1961
2088 5638
271 3653
783 3418
365 5963
2220 5134
868 1358
1251 2142
2392 4913
783 947
700 3923
1137 5007
0 3158
2125 5144
1942 2676
0 6233
564 3330
0 365
1012 3712
2891 6132
93 5987
1406 5452
93 743
271 3129
93 5780
2392 6136
238 271
271 6235
2392 5735
517 523
868 2085
271 2563
2618 4253
761 1107
1137 3544
271 6344
764 2606
1031 3778
912 1406
572 2044
271 5734
783 5409
564 6122
1767 2117
912 985
2392 5917
131 2395
783 5462
988 2756
40 5815
1048 3804
747 3359
271 3015
55 2988
365 5109
1137 3465
1421 3393
143 365
271 2164
2254 2468
912 5635
271 5217
5063 5534
1421 5822
1137 2322
93 2438
145 747
93 6184
1641 1666
1011 3953
1029 1906
272 4535
365 5762
1006 2726
3517 5819
783 6075
271 5556
1942 1969
857 3307
1137 5603
271 3624
365 1270
1235 3248
1872 4356
2468 4466
3210 4614
868 2614
572 987
0 4962
675 2286
2759 5499
365 3140
365 2928
2377 2474
1137 4995
868 2836
1132 2343
1137 4100
572 2053
1212 3634
64 576
1343 6178
1110 4908
3074 5035
1530 3324
1553 2591
2891 5217
1136 3303
271 6158
271 1526
1745 2880
890 1049
1130 5567
1081 1904
365 2941
666 1782
0 1883
138 783
0 4969
747 769
1137 1209
518 2742
1212 1357
1137 5841
758 1656
1529 5924
1235 3249
783 5546
1137 5794
240 2988
386 551
1010 2051
1137 2268
17 257
2852 5084
271 1112
271 5189
1622 4544
366 4069
365 2286
1048 4454
988 4188
1137 2366
2038 4400
271 5354
1472 2085
2793 3972
1137 5358
1441 1602
783 6339
2392 5115
857 4595
279 1495
2468 2775
271 5512
1959 4393
271 3596
365 2465
271 4973
764 1137
93 107
77 1938
4305 4492
783 1198
2085 3043
783 890
3828 5741
1006 1137
2709 2772
257 2988
365 6052
356 3246
162 279
1010 1011
996 4073
0 5117
2114 5191
551 736
223 2631
76 2988
2891 6076
1268 3390
2085 3453
2384 5057
1137 3125
271 1445
2678 2719
143 3130
1553 3168
1663 3333
81 120
1051 5643
271 6291
1137 2399
1882 4147
1893 1960
0 2358
1137 2748
2709 3739
990 4212
1137 3552
158 279
912 1335
0 145
564 5194
1137 5740
271 3460
912 914
913 1647
400 1130
868 2515
1346 1759
1140 3041
272 4136
1137 2974
1061 1108
138 2286
1900 4382
2435 2468
222 279
764 1634
271 5160
271 2220
138 1035
3187 3382
3720 3809
1704 4606
868 1815
608 1024
1981 3475
1904 4060
747 1623
729 1984
0 1130
365 712
2125 2483
575 981
913 3342
564 1358
572 3983
365 1069
1137 6236
271 3680
2468 4411
120 868
2015 2614
564 5925
1815 5362
747 2474
143 1087
271 1130
2056 2675
1893 2639
764 4307
2510 5348
1352 1981
1872 4330
365 2872
365 2109
1080 1137
138 304
2392 3674
1673 4668
1895 4181
93 642
271 4357
1137 1797
1013 3994
1704 4674
2678 2811
365 3519
81 100
914 4266
4268 5499
365 3664
2468 5488
1795 2088
1223 3185
1259 1779
728 5504
376 4223
2611 2709
272 2726
1130 5382
2005 2696
609 808
271 2941
26 868
1923 2717
564 4940
271 3042
1099 4645
1591 1704
271 6047
890 2722
1600 4605
272 4402
1137 2276
1130 6303
271 988
868 3144
2012 4202
271 2176
3210 3340
2128 3004
1022 2801
2751 4237
1356 1745
271 2353
365 2230
358 2281
1547 5617
1441 1689
271 5410
868 2730
2286 5260
271 2470
912 5461
564 1459
107 108
398 523
1192 5368
271 2519
365 5817
2125 3459
764 3862
356 4569
271 3652
1137 5520
271 5029
564 1233
783 1137
331 834
997 2789
1942 2067
1944 2008
2444 2891
272 372
2510 3092
2123 5260
783 3461
1130 6020
572 790
2752 2891
0 5029
1137 4958
3240 4580
2638 4159
365 1766
1130 2318
1268 3017
1625 1652
271 6234
1815 4939
651 1020
783 1739
0 2286
2145 2589
385 608
1137 5723
1137 2884
1872 2545
2085 2665
1005 2060
272 990
1067 1769
271 3580
912 2614
783 5457
365 5175
2713 4382
2085 2891
41 5045
1177 1575
238 827
1008 2742
26 747
1618 3218
1431 1779
0 2874
365 5465
2791 2801
365 4997
3736 4025
331 341
271 2276
331 1977
2891 3309
4978 5027
382 608
271 2325
1137 2530
864 4134
325 2516
2774 4221
2012 2624
271 1774
3517 5818
271 2490
365 5644
2468 2748
1745 5726
700 1879
271 3627
314 2169
1343 3132
2123 5194
271 3672
4305 4519
3273 3325
356 4684
1024 6532
1137 3886
2648 4137
1591 3923
272 2052
1137 5034
365 2927
0 6182
1591 3264
271 2973
271 5103
1137 3080
1600 1696
3986 4377
2468 5211
2085 2394
81 2468
331 5906
0 104
94 920
868 2123
783 5804
1906 3759
271 6334
138 2310
2297 2893
1137 4598
2709 4453
2891 5454
365 5410
271 5962
2324 5860
3866 4191
1160 2902
1015 2658
2891 6164
2891 4984
1022 4178
4040 4462
747 913
1095 2863
572 1904
988 1437
277 1320
1137 2114
1900 4426
1147 2089
4111 4261
153 2988
271 2123
912 2383
70 783
622 808
783 6188
0 2997
1137 5148
2022 4073
2468 6518
0 2596
1137 5357
783 3150
0 5719
591 2780
747 1642
2713 4319
864 6533
1026 1900
2272 3005
1041 2729
2392 5574
1137 6144
168 279
859 5894
496 636
81 546
279 437
857 3201
2476 3433
1406 5208
1137 5061
1035 4265
1007 3720
1137 3163
783 1359
551 739
365 1420
271 1335
365 1565
868 2968
271 1444
576 1544
2085 2430
859 2295
107 1130
271 825
271 5680
1961 4329
1137 2594
81 5132
110 143
271 942
2125 2582
271 5751
912 1320
2478 5222
1745 5304
572 2670
1529 6146
2614 2709
912 5368
271 2840
2085 3142
358 3562
1406 2556
271 2953
996 1071
271 6074
2700 3872
2891 5436
81 1184
988 2620
1137 6110
783 2603
1438 2122
998 2765
403 523
1942 4286
747 1320
783 5039
0 2961
365 2257
1137 5176
1079 2609
507 572
277 564
271 2381
599 1137
1137 2474
2891 5660
783 2942
1133 2309
747 1622
996 2775
857 4558
2341 5493
271 2546
914 3967
580 834
0 5794
1728 3182
62 840
1011 4239
365 1213
2476 3050
1745 3506
1202 2478
5731 5964
365 1358
0 2125
143 1086
271 5846
1893 2638
34 271
2085 5155
365 2871
5094 5287
1872 4042
551 647
1607 3186
912 6268
93 5774
868 3004
138 1352
271 3156
783 3574
156 4040
365 6246
823 832
2468 5602
1909 3719
2540 3592
81 610
291 1984
271 5707
3832 4003
669 1591
4023 4481
1137 5647
2891 5607
4286 5391
3922 3948
3876 4261
365 2339
2903 5064
753 1663
783 5500
1421 6161
1406 1904
271 5993
271 5082
3273 4569
3241 4634
1008 2699
513 523
2094 5543
1900 2790
0 523
608 1872
241 868
271 5135
2828 5320
379 1137
2891 4999
1782 3441
314 1110
365 5381
100 635
271 5308
2135 5094
747 2125
783 2861
394 1137
1431 3593
1137 3670
116 2107
868 1130
1035 1969
47 2007
834 4106
2095 2891
1259 6225
1878 1896
365 5961
271 4023
3506 5879
1130 2891
1011 3795
1564 2891
2679 3825
3557 5164
1314 1406
2088 2986
275 4110
2392 5165
1137 5005
1243 1961
1035 4337
1553 2976
2125 2970
358 5493
356 1690
1137 3171
46 1591
365 2988
3265 6199
564 5502
523 5206
81 2306
392 551
2088 2534
747 761
1137 1969
0 60
955 2816
2107 5103
271 5694
1782 5370
1067 3087
271 3406
271 5807
1406 2138
1137 5675
1251 2891
1137 3028
1782 6020
1130 5499
4314 5741
783 5456
756 910
747 3345
700 4177
2047 2468
1356 2662
1246 2384
564 5529
358 1137
998 2618
110 1782
868 1738
365 5464
1137 2183
1591 1596
1008 1010
680 3164
271 712
1040 2796
271 1656
988 2046
1024 3926
783 5908
1137 5312
1237 2891
1137 2529
1745 1762
1942 1988
0 1444
988 1901
1745 3151
2344 5731
1210 1422
1343 6130
276 2392
236 365
257 912
1421 5615
2051 2667
1137 5410
2772 4358
591 2286
233 2631
0 1218
1137 4943
909 5932
271 5048
764 1502
783 3625
271 3418
1137 1553
2392 5129
1764 2342
598 912
1100 1522
2254 2594
356 1726
1137 1907
912 6212
271 1347
271 2495
24 5815
0 105
1137 2565
1187 2304
2007 2114
1137 4597
1491 1698
912 2933
1335 3649
947 1108
808 986
1213 1393
783 5270
912 2692
271 5763
700 4375
2699 4188
913 1665
1108 3132
271 2823
1803 2392
572 2618
271 5936
3187 3285
747 912
2777 3952
1235 3251
314 3169
764 4717
143 2286
808 2468
2254 3607
1137 5937
1137 2258
271 3628
365 5079
2125 6274
2787 3765
122 228
52 783
753 910
1421 3071
419 2988
1137 2364
331 2717
147 610
2392 6242
912 2334
2392 3477
271 1741
1346 1712
300 551
365 5871
783 2954
1011 4101
344 995
3217 3350
271 1906
1947 3615
1051 2498
365 2463
402 2475
271 4975
811 1356
599 3998
3565 5614
2114 2280
1321 1864
868 1201
2891 5827
0 4305
356 3289
3722 5499
365 917
783 3506
783 1241
3845 3846
1591 3254
399 544
0 5119
3521 5927
912 1901
2057 2618
271 1334
1872 4255
1324 6061
335 611
1073 5727
365 5902
523 1343
271 3187
3779 3889
271 824
271 1492
365 5203
271 3296
885 2022
271 6301
271 937
2516 5295
2474 3268
1975 1988
365 6307
3187 4603
272 2748
1044 2377
5027 6182
2664 5499
1201 2834
2085 5796
154 1110
4344 4348
19 143
271 2952
564 1893
638 3122
1900 2691
271 365
988 4380
1959 3847
783 2602
700 4232
224 4273
868 5498
68 331
271 2222
1108 1137
859 3389
2085 5216
1370 4544
271 2271
269 2085
365 5553
700 2642
365 5698
250 279
271 4176
1008 2756
1764 2234
1797 5743
564 1352
2891 3474
365 1067
4020 4397
0 1051
1252 3593
1008 2058
2772 4499
356 3182
2114 4640
1137 3167
271 5104
2891 6137
365 1357
143 1081
1893 2637
928 1137
1562 2056
2772 4124
1137 1753
5613 5651
758 3211
87 2085
551 646
564 5620
2389 5608
382 2059
271 3110
17 2988
2706 3733
376 4404
271 1467
673 909
792 4677
762 3612
5213 5216
1693 1793
996 2009
797 4293
1421 5785
271 5669
912 3282
271 909
36 1798
783 5209
365 3662
2891 5385
271 5706
365 2085
271 3114
5333 5548
783 5018
582 3300
1745 2216
857 1727
272 1027
271 5309
271 5992
365 4989
2478 2485
1137 1488
1268 1550
575 2762
4 957
1179 3095
2102 2104
2165 4960
3792 4252
365 5023
1352 3554
1110 3683
271 2178
378 2742
379 4319
914 3774
365 5525
985 3703
271 5420
859 5682
271 4630
2468 2714
271 5469
93 143
5695 5696
5816 5906
365 2518
1137 3622
271 5570
2298 2903
356 4571
2891 5690
1624 1656
3041 6058
3241 3256
2468 6140
2891 5771
2891 2984
857 3320
279 1825
3241 3273
81 115
271 1096
365 3165
107 3154
3290 4661
1024 1959
271 847
1130 2468
3074 5058
271 1390
271 6199
2700 4123
365 1764
625 1035
271 1439
2119 2437
1923 4051
0 61
1137 5449
2562 2891
754 1895
1137 5721
271 3401
1137 2938
271 5806
1067 6163
397 523
272 976
2512 5183
272 2692
271 3582
271 5855
912 988
252 271
1137 1379
271 2899
1137 5819
2621 3738
2468 3947
747 3344
4093 4305
3273 4596
988 4437
1591 1678
2392 5016
216 279
507 808
572 3992
4379 5569
1137 2182
2125 3528
0 5935
365 4995
1635 1655
3792 3811
62 5967
624 914
2510 2571
366 4031
271 2327
1352 1942
279 1832
2771 3830
271 3459
1137 3697
1011 4136
747 1553
74 145
0 1108
912 4894
271 3637
1137 5409
81 5816
564 5992
402 1151
1137 4942
365 2635
271 5051
3210 4613
1463 2085
564 3523
365 1156
272 2039
1137 5087
2003 3832
1320 5921
272 3739
62 912
857 3284
998 3788
671 2622
834 2682
783 912
143 1137
1137 5032
572 2620
1872 3844
2286 6145
769 1619
2987 5391
785 1137
365 1591
590 912
271 1346
2891 5218
279 855
564 747
3904 3948
271 6155
859 2330
271 6328
1024 4523
0 25
2392 5702
2365 3427
271 3388
747 3130
271 5661
1335 3648
365 6334
0 136
81 1551
271 3501
1100 2414
0 2123
1236 2085
523 525
365 6070
1235 3250
4044 5569
2733 3832
273 3274
365 1331
783 2464
365 4933
1137 1432
743 6015
1137 2257
271 6097
271 2133
365 2138
2891 3130
314 5003
747 1358
783 6190
988 4191
1011 3918
365 2428
3926 4392
651 1045
1108 4911
2891 5949
2391 2392
228 6364
358 4967
5375 5572
138 1024
37 271
271 3593
1587 1591
911 1137
1530 1591
0 3571
1100 2969
749 1137
104 3187
672 2341
70 344
1716 3187
2125 2175
2384 2503
1443 2085
1137 4040
890 4065
3218 4335
365 1529
3565 5391
1745 5729
143 5906
584 1563
990 1927
868 2827
271 1329
2085 5278
18 3469
1802 2891
572 591
2468 3736
271 6255
107 912
271 1495
365 3544
1137 3079
271 4544
999 3993
1900 4068
2150 2349
1137 2737
138 863
3182 3187
0 6010
2891 5188
2891 6194
376 4309
1965 2070
647 739
271 5911
3911 5499
783 4969
257 1137
564 4971
271 2955
138 1492
2709 4075
68 3093
365 1547
1942 4301
1137 2301
271 5173
366 3978
1137 6061
1137 2382
2056 4507
271 5210
1422 5904
271 1538
783 3135
583 2553
365 564
271 2383
305 2085
4126 4512
376 4039
92 759
988 1878
857 4556
996 1037
365 2545
3288 4599
2303 7713
143 2614
271 3693
365 2434
363 3301
2468 2629
365 1211
608 2100
513 5350
783 1167
2135 2137
5304 5513
365 1356
1893 2636
3800 4464
1907 2468
1137 3425
564 5702
2891 6092
271 4241
1893 4350
1344 5608
1343 6043
564 5621
912 2125
382 2056
2384 5024
0 6303
2451 3527
385 2731
402 523
3880 4006
271 3158
2468 3772
988 1915
271 6211
365 1680
517 531
271 2603
2618 4229
372 616
271 5668
138 224
365 3661
2088 5399
81 5205
572 2717
271 5717
1223 3186
3187 4566
271 2558
325 2600
138 962
1137 1350
2429 4959
2177 5345
5054 5094
2125 3551
2125 5649
2392 2854
2694 4057
1268 1442
1406 3844
1099 3232
1106 1172
107 5130
1137 2410
271 5310
583 3470
2474 6354
2254 2414
909 2292
638 2262
2478 2934
312 1160
93 285
271 2467
616 618
1137 3668
2811 4305
271 1796
271 3473
783 6096
4305 4399
1137 3621
271 5581
1704 3362
1352 1678
1421 4974
2738 3832
745 5731
970 5499
906 1268
365 1183
107 6119
261 868
1235 1609
325 365
271 1099
59 81
0 3114
356 1589
1406 2573
271 5903
271 1272
2474 4979
279 446
1991 2468
2392 5965
365 3454
572 4305
1130 3665
273 1582
2468 3792
1370 1608
11 257
747 763
957 4280
2510 5891
271 2575
2085 2437
572 1033
365 1797
868 2224
0 2545
832 2022
2709 3792
1421 5371
1010 1889
271 2861
1137 5673
1136 3299
1137 5818
747 3347
271 2971
2474 3181
2698 4312
1137 6003
138 4192
572 3993
365 2165
0 5920
2478 5720
143 2474
783 5857
365 5607
2468 3545
0 1335
1421 5387
271 2326
271 5379
365 764
271 2439
1871 2693
611 2713
1130 2955
385 3801
271 3636
1137 5408
1352 1356
769 1640
46 2088
610 2299
807 2615
271 5050
3210 4610
382 3845
700 1968
314 2295
1179 2085
1137 5086
1693 2891
2104 2307
857 3291
1370 3332
890 4042
3453 5113
1235 2474
1067 1388
700 3955
271 2167
868 1533
1137 3195
783 3672
1149 1192
2700 4314
1081 1464
3937 4100
3889 4228
365 3069
1041 2010
93 1339
2392 5929
1591 1597
271 3097
365 2958
743 2169
857 1082
3748 4022
223 4305
5762 6011
1024 4086
0 26
1008 1033
3832 4219
145 2891
2640 4893
2709 3715
365 2094
87 143
2863 5554
1981 2789
1137 5700
271 3500
1136 3248
1137 1213
958 2014
2891 4989
312 2382
1048 3725
241 5305
5696 6244
3973 4382
2063 4347
271 2998
988 2724
273 3273
912 2468
1100 2125
365 4932
0 1135
1137 1439
1237 2468
2088 6248
2809 3982
271 2087
2894 5033
271 5265
912 2437
783 5716
1896 2795
4377 4390
271 5185
142 143
143 754
1137 2354
271 5366
2152 5816
2512 2537
365 591
358 1740
143 912
271 1743
271 2459
2678 4408
2468 2771
49 743
5633 5658
1136 1693
1091 2891
2784 4528
77 1085
2471 5137
2584 2891
356 3188
271 5973
3409 3517
271 5022
2104 2480
0 1343
356 3291
813 5499
1653 1694
356 2871
365 915
271 4111
2678 4213
1883 1981
143 1108
271 1155
903 2022
2126 2392
271 4284
3041 5811
383 1172
912 6163
700 3974
295 562
1137 3113
378 1986
4123 4139
680 5265
271 5448
11 2988
572 575
1067 6332
1352 2019
3947 6550
1900 4069
143 1544
591 618
385 572
72 3120
4306 5569
365 6305
1137 2891
2063 3782
1137 1369
1760 2478
564 5061
6518 6524
0 2088
764 1688
271 5910
3846 4096
271 2954
365 5372
764 1619
1995 2991
385 1016
783 3065
143 783
0 1079
523 783
91 279
747 1325
762 3343
1137 1259
888 2781
1704 4578
868 1811
271 2265
365 2254
912 5598
1137 2526
271 3606
2400 5543
2872 3022
3736 3939
93 2610
783 5966
271 5499
797 3858
2043 5499
1043 2022
1698 3218
868 1137
783 6143
1745 2122
349 1969
1048 4412
2476 2902
1130 2847
1108 1591
69 81
783 2244
279 474
1942 2059
2468 3609
4024 4234
271 1142
761 1662
3499 5451
1893 2635
636 1866
2098 3546
2033 6520
868 1461
137 531
1782 5440
2700 3900
271 3104
272 3970
365 1721
40 1137
143 1358
377 4323
271 3153
518 2307
792 4679
2137 2239
3733 3969
1356 4320
278 1038
572 980
5063 6108
2468 2706
912 5341
783 4983
2709 3771
271 5716
377 4312
0 1904
2150 4981
365 1969
1137 2861
1352 2297
271 5968
271 5994
3333 4545
1901 4007
1987 2822
1012 4400
1137 5998
610 5713
1137 2063
2114 6288
1137 1447
2088 4948
510 2891
263 1331
731 2891
868 2437
1478 2392
3074 5220
3973 4104
785 5263
912 2186
1352 3521
1343 5349
564 1544
1028 2022
2876 5530
2668 4213
0 1499
272 3880
859 5684
365 2371
890 1942
271 5471
1591 4544
365 680
5034 5047
408 523
279 280
783 3020
1530 3361
988 4086
1137 5524
271 5025
1130 2151
858 958
912 2343
107 6322
1775 2088
5094 5220
1010 4256
3792 4212
491 636
3187 4699
1137 4994
66 6253
988 3860
936 5906
1137 3991
2251 2392
365 1472
3273 3367
1239 2828
365 2840
356 1669
2384 5118
1984 3810
358 6307
1274 2891
564 785
1421 2262
572 624
2618 4151
2088 5590
2891 5321
46 1223
747 762
365 3487
1782 5369
1137 1916
626 4496
2043 2703
0 3010
572 2722
917 5002
890 1137
1137 1168
564 5134
0 2145
271 3576
1137 3017
629 4353
906 2125
572 1896
1041 2725
523 536
1492 5104
271 1541
271 3010
909 2468
2379 5507
1040 4341
271 2163
365 5461
1044 3792
138 680
523 2474
957 3615
5231 5335
783 5856
1137 5236
398 5217
767 1666
93 6179
1547 3453
2478 5832
271 2321
0 5711
3918 4019
797 3881
1472 2125
62 5846
1320 5150
271 2438
673 1212
0 5886
1710 3242
2474 2937
2712 3985
783 2857
1139 1422
1133 6053
917 5049
2580 7657
1137 4940
143 2665
93 5135
857 3241
271 1500
271 1081
365 942
564 1056
3964 4469
356 3255
1008 3968
1137 1558
1406 4906
564 5768
365 1444
1008 2891
365 3068
1137 3084
1993 2706
314 5997
2468 4198
1343 4949
923 2649
5506 5515
2392 6105
783 5252
365 3570
641 1985
2668 3893
0 27
1892 4305
271 5663
0 138
1160 3174
271 3503
1051 4416
747 772
583 2896
1652 4609
1871 4385
912 2224
4040 4498
957 4398
271 2993
758 1635
236 2891
93 1137
912 1149
272 4335
1137 2263
2693 5569
365 5076
1085 2749
365 2136
909 2137
2468 3183
271 5184
1108 2343
271 3491
271 2244
1137 5136
1137 2353
143 610
271 2421
3973 6541
365 5723
271 1742
1137 5490
1352 3319
1133 2478
973 1137
2137 5077
1921 4093
1407 1568
700 2022
143 1201
1137 5515
77 1933
279 433
608 4409
857 3205
365 1382
0 2121
1406 2458
2891 5973
636 1831
356 3243
1352 3876
697 1137
271 1154
2125 6107
1370 3208
4350 4432
365 3040
1196 6203
412 1984
143 1397
1568 5906
1906 3833
279 450
271 6249
365 6270
145 1137
271 3309
344 3719
764 2812
312 313
143 1547
2125 2578
1008 3866
143 236
2022 2468
1137 5067
1358 2469
241 2602
358 6012
409 1318
565 963
1994 2709
62 5232
783 2321
108 2517
747 1137
1035 3720
629 3873
132 145
912 2433
1099 2474
523 689
2053 4330
271 5175
1035 3958
365 2108
564 2286
608 1942
72 6104
271 2264
365 5550
4417 5741
271 5333
2007 2702
783 6333
2392 4909
409 1070
2104 2176
1137 2478
271 5498
271 1826
868 1138
3736 6523
1745 5035
271 1183
271 5611
143 868
0 1054
365 5985
1137 3720
365 1209
2891 3036
0 1165
365 2577
273 4696
279 469
1942 2056
279 2209
783 933
2395 6326
271 1137
868 1319
608 1004
271 1254
572 2037
365 2867
762 1645
680 5200
356 1670
271 3107
365 3012
636 816
1370 1731
1211 1869
4238 4474
1343 2392
1008 1908
957 4242
2043 2677
609 2468
93 2891
352 1792
832 1948
1988 2013
2468 3996
1529 6321
2392 2559
957 4212
5391 6293
2891 6211
2630 3792
2516 5437
591 710
271 5828
2757 4003
2774 3843
700 4169
3014 5065
1441 2468
0 912
1268 2341
783 2356
1959 3927
1137 1446
2093 2392
257 2891
988 4323
365 5020
2709 4210
988 2005
3237 4539
93 3845
1591 1605
1130 5063
0 1325
1872 2676
77 4382
2705 3792
1463 6000
3802 4021
365 2370
1137 5289
1782 4982
797 4085
1000 2815
365 1147
2220 2578
2392 5048
912 4917
271 2514
1921 4020
625 1977
1235 2226
2043 3803
271 3651
1480 6336
783 3488
2225 2709
888 4066
107 6325
1235 1611
857 3325
565 1984
2612 3765
1382 2145
271 2388
523 1492
1137 1786
769 1652
1980 3921
3961 3985
1745 2748
783 5129
2114 4925
912 2114
2516 6045
659 5143
1236 4964
271 6192
1108 3543
1137 5467
271 1432
271 2569
3832 4193
680 2534
1320 4283
