7716 5195
272 1969
399 511
564 2489
271 567
572 1035
611 2669
381 1406
271 1219
833 1904
3763 3876
2085 2418
271 3402
1022 3894
1137 2178
783 2219
1100 3551
1137 3491
1137 3832
396 528
1346 3247
2292 2297
730 940
608 2024
272 1901
1067 2227
271 3665
683 1767
365 3600
407 709
526 543
2017 2725
365 2365
145 606
271 1505
1137 4898
591 1158
747 2100
1406 1757
365 915
572 810
1137 3450
1904 1964
0 2547
0 636
636 1847
271 2582
366 3882
271 2488
365 2349
302 7641
381 1553
3034 3107
378 892
957 3852
271 1821
271 1224
1406 2557
922 1137
912 2125
2103 2104
285 1137
365 1271
0 1881
951 1137
2125 2254
1067 2943
271 3678
271 5055
2815 3725
1051 2102
365 1160
365 617
272 2035
1137 5083
271 2320
277 3595
564 1635
1352 1582
1393 2088
1137 1959
1043 1968
365 3487
0 1499
1137 5044
169 279
797 897
302 608
636 1850
271 1108
288 611
365 1119
145 302
1352 1659
1137 5001
2103 5124
271 2171
271 3416
1959 2671
1137 2236
1371 3253
2890 3517
891 3769
1137 1153
683 1137
0 1547
2384 5024
0 2981
1011 1878
116 712
344 2766
2468 3522
1352 3557
1004 1942
564 3131
3041 3047
1352 2777
747 1617
594 2125
890 1942
365 610
833 2105
271 1207
610 2152
1137 2560
1137 2462
785 2305
2631 2713
1137 1557
747 1658
912 1024
1008 1013
271 1193
365 3465
1019 2636
365 2335
272 3885
912 2930
1901 1942
135 1315
834 3731
1562 2036
1178 1274
797 2626
263 1086
0 1154
1137 2229
2468 2615
636 852
3034 3435
487 636
888 1352
0 2432
238 322
827 828
977 2031
271 3099
1602 3293
1137 3059
358 2951
783 2359
378 608
1904 2179
568 912
365 1402
1081 1904
958 2749
271 1532
271 2987
261 1268
2468 3772
1727 3256
523 526
1668 3189
1137 2950
1137 1502
749 1631
1421 5037
271 1787
138 628
1145 1827
271 3032
988 2654
2089 3631
1137 2269
1591 1686
912 1883
572 1897
1343 2491
988 2468
271 1319
572 2074
365 3060
1137 2843
787 1090
1356 1877
3972 3978
1406 2170
365 1250
400 527
2238 3541
2392 5055
695 1884
365 3417
365 2287
271 3168
221 636
783 7645
566 2891
356 3287
135 2384
0 4999
0 937
238 308
271 1038
1357 2965
993 1524
318 827
1137 3074
764 772
365 4930
997 2789
1872 2015
987 1013
747 1640
143 1088
2088 2915
673 1212
271 3471
2114 4901
1022 3786
680 4911
572 1011
783 2953
522 523
1137 1680
2392 3040
1108 2158
0 759
912 1370
241 3496
2698 2699
30 2085
271 4962
271 5187
396 1223
730 950
890 3772
1406 2173
365 1243
120 1137
0 1195
1067 2129
143 2440
777 1137
93 2360
77 1939
636 1293
1906 2805
1099 3193
1059 2085
686 3499
271 1155
1108 2892
271 4912
143 1872
272 2015
1137 2603
636 1833
1942 3728
783 2474
1137 5191
1137 2090
747 1633
1406 2399
350 2928
2239 2297
1137 3087
1008 2766
1553 1904
2254 3608
680 3418
1137 2692
2692 3936
1137 3602
271 1791
888 2616
747 868
912 1343
365 1825
365 1422
608 1811
564 2248
271 2784
365 3589
596 608
365 3046
636 1517
912 2235
356 3190
30 357
1137 2253
912 1358
365 1236
365 1567
0 1186
271 1370
633 1137
848 913
2674 2695
77 1932
636 1284
271 5016
1888 2618
912 1544
768 910
365 1381
145 564
2150 2829
271 2950
0 1104
2328 2861
833 1268
378 2545
564 1480
228 309
651 1039
1229 2068
365 2219
1137 3084
575 808
747 1638
743 3145
271 1165
365 2307
1815 2088
1137 2240
379 1989
912 3517
833 3608
890 2793
1404 3202
1010 1885
888 3832
878 879
93 3104
2064 2638
1268 2085
26 912
293 2748
572 3720
1137 2830
1137 2385
271 5201
1027 1048
1041 2725
785 2024
400 856
1900 3777
365 1229
365 1560
958 2766
1964 1965
271 2973
405 1084
385 599
0 3533
636 1283
1137 2975
769 3226
271 1566
2633 2635
1011 3742
359 1137
1928 1936
365 906
138 1320
138 1893
138 1030
700 2642
365 2872
302 2468
1406 2377
589 591
1745 5154
2088 2255
1406 3013
138 257
845 1137
756 910
912 1325
365 1077
365 1408
271 3536
145 570
1253 3593
1008 2635
271 2221
1012 1945
2125 3117
890 2056
912 2836
271 4944
2063 3861
890 2076
801 1871
365 1553
1467 1578
1092 2156
310 743
1254 1339
636 1306
1871 3758
1137 1568
1137 1618
1137 1320
75 1137
40 610
244 2392
93 2228
1893 2631
2468 3601
0 4946
2085 2547
271 1444
1137 1571
2888 3517
365 3401
0 2888
1904 1969
1959 2045
1959 1978
1037 2022
114 808
1235 1684
271 1561
2137 4998
2769 3711
1745 5058
331 2039
1959 2622
1960 2664
1137 3734
1048 3743
2631 2634
2085 2665
2078 3556
2125 4936
46 7641
1268 1273
2668 3710
1108 2028
1335 2992
263 3585
1137 2524
93 4958
3187 3258
1624 1698
2412 2496
365 1360
271 2598
608 2048
271 2376
365 2397
1893 2624
271 1075
271 2159
784 2510
564 591
785 2843
1942 2689
565 1043
1403 3671
116 2092
365 2840
385 1015
575 979
1903 2046
2088 3136
762 1635
325 2285
912 1081
3129 3565
1137 1379
402 1075
365 1981
192 636
976 1357
271 4943
564 2114
271 3591
783 1051
1904 3760
348 1008
365 1208
2415 2478
1467 1592
93 564
271 2933
1325 1872
1998 3718
1137 2946
564 1130
272 979
630 2802
1319 1904
1315 2384
608 2709
523 540
93 271
2412 2482
271 2607
1355 1688
93 2929
636 1860
1137 2470
1131 1355
957 1981
2098 2114
1137 1757
905 1137
236 281
402 817
769 1647
365 2535
2502 3000
1137 2284
1035 2821
271 1384
32 584
1137 1710
365 1056
331 347
1137 1202
1982 2618
271 2161
365 2093
1624 1639
365 3011
820 2965
394 2928
783 2302
2392 3418
271 747
572 1871
143 1181
257 265
988 2784
365 2238
0 1237
1352 1467
271 5061
564 1137
1406 1817
1137 2605
1904 2310
0 85
293 1008
1184 2260
535 3787
271 2398
1217 1371
1343 1904
636 1859
912 3585
138 568
783 1789
747 1268
1352 3026
749 776
314 3050
403 3479
271 1262
143 2085
1881 1942
680 2458
1380 1792
2474 3130
764 767
783 3477
3189 3258
1041 2793
138 2474
608 1901
145 1406
1790 2088
271 2177
1137 5205
2637 2727
747 1881
1010 1995
590 1192
272 1031
1137 3593
271 1420
271 2939
271 2358
1024 1352
224 1973
1137 3004
260 1690
1871 2612
747 1649
564 3476
365 2545
271 5217
910 1261
271 1094
785 5219
271 3048
358 4952
272 3796
523 591
1923 3770
584 591
1406 2412
365 2837
912 1320
385 1904
271 4917
608 1004
271 5130
783 1899
302 2689
1903 1904
957 3757
1602 1698
783 4952
271 3653
271 3120
271 3567
1137 2852
834 1040
1591 1604
896 1979
1872 1904
2022 3896
1081 1137
4934 5149
143 564
273 1597
2683 3890
271 1429
271 2367
403 2384
2392 4913
1137 2552
783 2429
890 1163
1041 3927
372 1008
1582 1591
271 2618
271 3057
2088 5070
0 2584
1100 2497
138 145
625 1893
1108 4962
1108 2696
0 365
1959 3901
400 1180
272 2683
271 905
61 365
0 1469
687 1139
1406 1432
1355 3092
0 833
1602 1725
271 1389
289 396
1011 1917
271 3572
3764 3825
912 2179
747 3209
1783 2125
272 1883
33 143
1904 2614
129 358
271 2308
2254 2420
272 3763
985 2774
1137 2545
2835 3166
1137 1753
584 3764
1137 5228
54 365
1108 3384
572 957
271 2563
271 3070
761 1107
1108 1918
366 1137
378 572
1137 3650
783 1137
398 530
365 1139
917 1137
0 1091
2392 4992
1268 2286
1031 3778
2125 2861
1137 3385
1137 2184
271 1822
7 1792
833 835
1406 3534
400 2509
271 1793
572 2044
611 2804
564 935
1952 2022
271 3078
1767 2117
1335 2592
912 2298
2638 2773
70 271
885 3832
271 2887
271 3436
2125 2220
271 2317
0 798
248 636
1137 3392
2254 2414
747 764
365 2085
365 1318
2063 2468
271 1766
523 1137
2144 2149
331 2766
1357 3475
55 2988
797 985
372 591
890 1958
365 5109
1355 1382
2022 3976
143 365
1692 1694
271 3619
365 2831
1355 2589
1960 3721
1101 1137
912 1397
1009 1875
378 1942
272 1902
1137 4944
833 926
365 5156
93 5179
1137 2322
962 1872
913 1427
272 1999
1137 2012
1137 1383
365 1529
271 1077
1661 3210
271 2911
405 1576
1137 2136
1137 2531
344 2061
625 1908
365 2409
1235 1712
2125 4898
365 1311
36 257
1100 1137
271 2577
761 1117
1421 2537
1137 2089
2100 2474
86 241
366 3806
138 2224
749 764
572 802
271 2173
271 3624
1051 3695
1004 3933
2103 2107
372 1904
890 2611
365 1270
0 2145
138 629
912 1352
272 377
2007 2015
0 2991
1683 2468
2637 3802
912 2328
783 2044
1406 2234
3707 3718
1108 3558
2828 2891
2222 2510
1268 2450
272 2613
1352 1946
675 2286
2088 2521
412 575
910 2085
143 953
271 1780
365 761
271 2590
365 3471
271 2432
0 2148
365 2928
2377 2474
979 1904
365 2279
924 2478
263 2186
912 1492
754 1087
680 934
1050 2828
169 236
591 1137
572 2053
1356 2539
783 2232
2033 3721
1893 2638
1137 3525
1014 2073
747 1698
119 129
1011 2715
1553 2591
833 1778
680 2238
365 2300
1137 5219
271 3528
138 1268
1357 5000
1137 3045
1355 1650
272 668
1406 2520
145 591
957 2705
833 2104
271 2328
93 2397
93 2254
1904 2391
912 1468
413 1366
1008 1014
263 2449
764 777
365 2334
365 2921
1571 3269
890 1049
1137 1721
2392 2835
755 771
1900 3755
957 2675
1137 2855
271 2115
666 1782
2125 4907
0 3060
912 2391
1101 2427
138 783
523 536
747 769
1137 1209
518 2742
1212 1357
398 1236
271 1358
365 2293
271 3098
1137 2309
3258 3259
636 2192
1235 3249
1764 1777
1268 1406
271 2986
1130 1522
1108 1405
1227 2241
1904 2343
331 348
356 3256
1014 2699
747 1650
1234 1364
271 1786
365 747
0 2539
271 2454
783 2485
1921 3946
589 2216
1137 2268
3260 3261
783 1406
2392 3696
17 257
1268 2588
1067 3483
572 2075
1524 2677
271 4964
1335 2395
1356 2615
912 941
2536 2938
747 774
2082 2919
783 2085
271 1944
777 1908
365 2286
272 3710
783 5086
657 2891
1137 2366
680 3491
801 3716
138 572
743 2468
138 2055
1904 2235
2407 3141
1472 2085
2793 3972
680 1116
1010 1957
747 758
1355 2512
747 1643
783 994
257 2197
1013 3798
572 575
382 2754
1268 2334
0 3158
1352 1353
1904 1942
2468 2775
263 912
1904 1988
1137 1687
1064 1137
271 531
272 1352
1137 1786
271 1904
365 2900
1745 5199
365 2465
365 3052
636 1516
764 1137
1161 3005
913 1661
1704 2891
1633 1659
2024 2794
145 1268
564 5099
584 1170
271 3773
636 1294
1137 2359
783 2308
2085 3043
1137 2521
271 2892
1006 1137
1419 2417
1137 5062
700 1071
257 2988
333 611
138 1319
1745 3101
1137 2432
1959 3789
356 3246
747 1632
381 2286
1137 1235
1010 1011
1404 1635
365 3112
2125 2590
365 1090
0 3651
263 1245
1137 2254
747 1138
2088 2372
783 3068
747 1777
356 3243
223 2631
0 2478
358 1184
76 2988
271 1096
2125 3653
1406 2013
1406 1430
2384 5057
1137 3125
2063 2663
5 1137
0 1406
700 984
2678 2719
2928 5106
365 2272
783 2341
636 1285
1116 1746
1137 2344
138 680
617 783
857 1733
1553 3168
365 912
365 3547
242 327
0 4933
320 743
641 2748
1356 2512
372 2706
507 873
1893 1960
1357 3597
2022 3827
271 2102
896 1352
564 1777
636 1515
356 1736
271 1462
2103 2838
599 1137
1137 1665
489 636
1137 2489
842 1397
946 3391
365 3008
365 2451
271 3460
138 1024
271 5200
913 1647
761 1662
743 4910
783 1883
518 523
365 2265
887 979
636 1308
622 3768
63 1137
1352 2033
584 1171
1975 2709
1352 3007
1529 3604
1137 3661
1928 1937
572 3121
1872 2676
99 1137
2637 3707
2429 3460
116 564
636 1848
998 1971
1508 2125
923 2025
314 3123
507 878
1021 1043
115 2928
365 1368
988 3824
1745 5153
1137 1498
277 365
0 3665
764 1634
1137 2296
378 3802
1137 1325
990 1268
358 1083
1137 1229
314 2118
2383 3087
331 2033
584 2509
967 2618
783 3483
890 2077
2478 3154
2742 2799
271 1537
0 1201
114 3856
868 1815
608 2013
401 3481
365 2468
803 2618
1137 1695
935 2125
725 778
272 273
1573 1591
762 1636
271 2967
988 2699
271 523
261 358
636 1418
1777 2016
372 572
565 808
783 1761
345 986
1137 1141
1259 3539
1051 1137
1602 3295
365 712
2125 2483
575 981
2468 3849
564 1358
1137 1714
912 1872
365 1069
272 575
271 3680
783 5002
1942 3772
271 1482
1137 1804
365 1214
764 788
1237 2412
1406 4978
271 2927
271 2266
2085 2341
636 1298
747 2474
783 2328
376 1010
3187 3261
1993 3906
785 2875
1352 2795
1137 2052
143 1087
271 1130
1689 3183
2056 2675
81 99
1406 1567
575 2762
406 780
1906 3839
523 564
1137 1457
888 2645
145 943
259 834
331 625
271 2552
0 3631
636 1520
1080 1137
272 349
2272 3005
747 835
272 507
1406 2102
365 910
868 3162
1163 3252
888 2018
1109 1137
138 978
138 988
1022 2022
1137 1797
2220 2484
793 2078
238 325
1620 1635
365 2244
271 3157
356 1137
608 1883
2392 3534
365 4913
365 1352
2774 3942
1490 3313
680 793
2254 3497
2145 2891
2876 3001
2632 2635
1108 1883
365 1213
636 1840
1406 2562
1942 1944
1959 2010
1137 1450
1108 2082
572 777
2639 2678
5 302
871 872
1022 3857
923 1028
2476 3050
1137 1709
1827 5045
272 1010
2611 2709
1346 1712
608 3611
273 3187
385 1942
1137 2748
2689 3792
568 1904
1325 5210
564 2302
2238 2333
813 1356
271 1564
0 1739
271 2941
2382 3119
365 2237
365 2568
1923 2717
564 1541
1137 2509
2220 5134
1137 3552
783 1268
1268 3517
1745 3506
145 1107
365 546
957 1352
2085 3453
1137 2903
138 236
2915 4990
3063 4937
236 637
3774 3962
912 1335
957 2627
331 623
260 1695
365 5179
365 596
1137 2276
564 912
1908 2061
1137 3461
365 5023
641 982
0 271
1370 1608
1695 2468
1357 2020
376 2684
0 3021
1030 3744
271 1568
223 1137
271 4956
890 1893
271 3540
14 398
271 5029
271 1423
0 2918
310 2286
365 2230
1893 2793
1320 3523
1137 2995
912 2085
1904 2351
1672 3278
1061 1137
912 1635
0 45
680 3018
271 2470
1144 2872
1097 1137
1356 3275
1247 3001
912 3278
1137 3008
1355 1721
743 3170
398 523
1012 3770
1357 2135
0 3023
271 1104
564 3000
730 2085
927 1137
749 750
271 1383
93 3416
365 2078
365 2996
1137 3035
1611 1737
1481 2088
2734 3936
912 1777
2641 3851
608 1972
1137 1803
1010 1019
271 2281
1320 3530
680 5023
1942 2067
365 4977
743 2533
0 36
678 1137
1800 2437
271 2479
761 764
2733 2891
1320 3417
2163 2392
748 910
1901 3811
108 365
1160 1387
2276 2468
93 138
572 790
271 2145
77 1137
783 3389
2088 2127
1137 4958
743 1137
0 564
93 365
381 912
271 1969
636 658
912 4934
272 2699
1692 3198
1137 3036
2618 2682
525 569
764 3228
0 4950
1137 1396
1137 1463
238 268
1353 5008
365 2871
1341 3170
2254 2421
1397 2067
1137 2989
1137 2544
857 3267
2137 3177
1689 1692
1406 2316
564 785
825 1137
365 3160
1137 4999
750 910
654 3986
1358 3545
651 1020
271 3622
2709 3565
2022 3979
138 700
365 1138
1137 1159
636 1416
2145 2589
385 608
271 3621
365 2506
79 271
1872 2545
636 818
1005 2060
895 1917
1356 3863
0 276
764 1641
1067 1769
271 2848
1268 2078
912 2614
3074 3526
378 3883
365 905
1406 2835
1087 1662
572 630
271 3511
116 1549
375 1798
1635 1649
785 3388
523 1406
356 3205
41 5045
1137 1632
1043 1956
0 2443
1177 1575
238 827
1524 2705
271 2493
26 747
0 3690
2161 3127
271 3688
1137 1777
1553 4985
271 1004
1431 1779
271 2167
1880 1895
365 2830
1137 2941
1137 2176
2791 2801
365 4997
2012 3720
783 1325
1603 1692
980 2795
331 341
2545 4965
3041 3453
1587 1601
1015 1016
903 1024
271 2168
2173 2365
2615 3780
1137 1382
382 608
257 365
2114 2581
271 2325
2769 3806
272 3746
2235 4934
523 541
1137 2530
68 2085
783 2822
356 1589
2012 2624
680 2909
271 1774
1008 1048
1137 5041
1160 2436
1949 2022
1137 2789
1352 2019
659 2353
272 3898
2424 4966
1024 1872
575 729
399 674
271 1823
271 1226
2056 2707
1033 2795
747 1533
1591 3192
314 2169
145 783
271 1403
271 2870
2489 2891
271 3672
1359 2903
138 1226
1137 1947
138 2310
1067 2865
1110 1341
864 2468
365 2370
925 1764
344 2069
138 1553
3187 3189
410 2159
1263 1580
271 312
271 1783
1137 5034
0 2766
572 2780
138 377
365 3136
636 661
912 1881
1137 1763
1406 1492
271 1010
348 813
238 319
1051 3394
1016 2788
572 2739
801 3705
1145 5210
2254 3499
365 920
62 3445
747 1701
565 887
1893 1900
0 1240
1587 2145
832 1895
1012 3790
257 2194
2758 2795
101 564
2085 2394
743 3050
94 920
957 2704
680 1444
0 2273
356 1600
747 761
1099 2891
1137 2460
1906 3759
1243 2809
747 1660
1137 2433
271 1788
2297 2893
271 3037
800 903
2254 3500
747 783
120 129
138 1035
0 1745
1009 2023
881 882
572 1042
288 744
1231 2903
912 1378
622 783
1406 1961
1137 2219
379 966
890 3752
365 1255
378 2681
271 2833
783 1508
572 3866
1137 2399
365 2954
271 5007
783 3495
2254 4971
747 913
890 3611
1421 3149
1108 2179
3273 3311
1235 3248
1243 2989
278 304
277 1320
271 2835
1137 2114
1541 2483
1137 3427
1137 3680
2137 2292
365 3113
564 2085
1147 2089
271 1200
1352 3995
2254 3606
1137 3580
1356 1421
1090 1115
1893 3933
888 3888
3802 3877
1137 1393
3930 3935
608 1881
271 3590
839 1683
1355 3206
0 37
747 3212
677 890
178 636
70 783
783 1118
1346 3249
572 1944
271 1580
271 1366
636 1307
271 5012
1079 4936
1355 1635
0 102
381 652
271 1032
1160 3426
272 2479
271 1811
1764 3541
2786 3832
858 2786
2657 3934
783 2479
1048 2004
636 1846
1137 1541
747 1642
833 2423
2069 2689
385 912
958 3822
1355 3203
1137 2260
1166 1947
600 974
512 523
783 3069
912 1909
1026 1900
402 1545
271 2984
1899 2802
87 2085
0 2845
912 1904
2125 3072
271 4972
1024 1942
1135 1268
0 819
68 1816
398 1560
496 636
636 1295
271 5021
747 2836
906 1153
912 2478
365 3025
138 2614
2476 3433
400 1479
868 2144
2114 2759
700 3794
1137 3137
1591 1596
1370 1594
1555 1602
344 2000
28 2121
1904 2818
568 783
271 1739
1157 1172
93 3575
2272 2328
271 2234
80 271
912 2905
1370 1904
1137 3600
1137 3163
1652 3217
835 1610
912 1329
143 155
1274 3573
0 1077
365 3496
257 3692
271 2137
2328 2577
271 3518
115 365
1137 2398
983 3703
2891 3126
406 523
1136 1371
271 2858
273 1530
1137 4973
271 2254
77 1930
636 1286
271 5018
271 2519
2085 2430
2872 3001
572 1964
651 2660
2137 5077
957 3805
507 871
1137 5007
271 1493
271 2944
988 2742
354 705
271 2031
1137 2594
1137 3011
783 1319
564 3411
1137 1591
747 1624
1137 1421
1715 2145
224 988
1893 3934
912 2341
400 574
1431 5002
696 1016
1137 1227
145 257
1051 2520
271 1567
2382 3489
0 3408
271 1994
271 3463
870 871
2244 2847
93 523
490 636
2614 2709
0 1211
271 3429
271 2840
551 2633
365 2264
636 1309
1137 2973
1137 2336
2254 2823
2254 4935
1137 1688
1024 1986
912 1238
1009 2723
680 1789
1928 1938
271 1490
271 2953
1357 3006
700 2738
636 1849
1137 2481
2085 2504
1406 1904
2903 3059
1137 1139
1137 2842
272 895
2700 3872
339 341
1382 1729
271 2549
1145 1478
272 3842
890 2015
1959 1983
1577 2468
271 1870
1160 3077
403 523
1030 3781
572 1352
271 4987
2384 2904
1059 2125
747 1320
783 2017
365 1220
271 1536
93 2305
1137 5176
636 1300
680 5053
271 4890
912 3727
413 3673
1137 1616
2437 3011
271 783
93 1904
271 2355
2114 2919
608 890
271 2381
1163 1355
747 2302
1137 2151
1137 2474
1268 3684
680 1466
1355 1692
1133 2309
747 1622
1043 2021
1108 2077
145 1528
1240 2392
0 2309
0 2890
271 2546
1602 3183
580 834
1777 1904
1872 2328
365 1079
1137 3473
1883 3776
365 3455
754 1098
1406 5088
1782 3436
271 3477
62 840
1687 2114
783 2721
138 272
912 1205
681 1137
575 3810
0 1348
76 637
271 1459
1896 3897
762 3612
636 1299
1137 2514
365 783
3187 3260
1099 1355
1406 2901
1137 1319
365 1358
143 1086
405 523
271 2592
271 2975
1900 2790
133 238
1903 1988
783 3686
1137 2467
138 564
572 622
1406 3166
34 271
785 912
143 261
0 1122
885 1043
764 1627
2088 4963
988 3748
636 1521
783 2114
1745 2087
636 665
213 636
1406 2103
2848 3666
1607 3186
0 4969
680 3397
1160 3123
400 2848
761 910
1011 1891
783 5010
1137 2871
890 1872
1980 2328
1904 4934
365 1764
1137 1359
365 1206
2548 3034
1536 2907
272 1957
1357 2445
983 2771
271 3156
783 3574
31 145
1137 1602
0 80
823 832
1906 3717
351 611
271 3044
572 2692
0 3139
272 3800
797 1018
564 1051
2540 3592
1524 3774
0 3505
1137 1449
3513 5156
314 2330
77 2634
0 2868
575 1904
0 3623
730 2914
1572 1591
669 1591
1942 2709
372 3720
1639 1660
1352 1597
0 675
1320 1904
2022 3951
314 1341
1346 1713
365 1093
1487 2395
783 3414
874 875
783 2743
365 2177
2668 2701
1648 1650
2107 2583
3273 3286
2510 2849
755 910
1013 2627
271 2347
365 2236
365 2567
1137 2678
413 2829
1137 2508
564 680
1137 3418
485 636
912 1944
1108 2235
365 1675
1928 1934
271 2392
1668 3187
1137 2058
1137 3677
783 2901
783 1791
378 1986
783 988
399 523
0 523
608 1872
271 2505
564 850
365 1266
1137 2896
1015 2658
271 5135
783 3066
2554 2706
747 1641
868 3462
379 1137
0 2457
1782 3441
55 257
271 275
1352 1727
641 1893
138 601
271 4979
271 1422
2037 2802
365 2560
2157 2379
1137 2994
236 1268
1262 3089
1137 3411
711 832
0 783
0 46
0 915
272 2675
1137 5012
1230 3656
1244 3389
678 2466
271 5027
1871 2066
271 1443
72 1137
1035 1908
808 1008
365 683
47 2007
583 2256
747 1404
1137 1249
271 1963
1881 2784
0 2448
1041 1357
1878 1896
365 2995
379 2632
564 783
988 2005
564 3566
1137 1241
988 2028
1011 3795
2254 2419
93 2857
747 2114
1314 1406
1137 2558
1628 1635
743 2532
1043 1071
638 1137
2392 5165
271 3162
138 304
271 2564
271 2478
747 2125
1137 3136
764 1235
304 972
833 2107
2392 2557
400 1182
1553 2976
1137 1335
2125 2970
680 2442
272 2818
356 1690
1137 3171
17 2198
1876 2667
783 1906
747 1397
2114 2235
1160 3119
0 3036
1161 2938
1031 2676
271 3574
1137 2406
834 2674
0 1693
2670 2802
365 1178
272 1921
2736 2795
2254 2426
636 1275
857 3266
2088 2534
749 1663
356 2145
1533 2085
72 271
2114 3623
273 1733
271 1110
271 3064
271 2487
1406 1772
1702 1707
235 565
636 1855
766 1355
365 1137
143 358
365 1799
368 565
0 2967
365 3635
271 3406
365 2257
815 1871
1320 3023
1890 2618
107 1360
1904 2059
1406 2138
129 1740
0 1268
1067 1388
401 856
1137 3028
840 2260
651 961
271 2412
636 2190
1177 3269
75 271
572 967
0 1704
271 2896
868 1406
2087 3074
912 2730
271 5083
1137 2536
0 5120
749 755
747 766
138 2800
365 1316
271 2825
271 1760
0 1810
271 2570
365 2353
365 1207
1904 1909
783 2698
1137 2921
365 5079
742 2988
912 1811
998 2618
0 606
608 898
110 1782
0 2929
271 2166
271 3629
138 1137
356 1672
2103 2108
1160 1527
1137 3488
1904 3709
2037 2066
0 849
1252 1338
1008 1010
1804 3588
1137 4950
608 677
1942 2974
1040 2796
271 726
833 2421
273 1574
572 990
1137 4903
271 2324
238 2468
833 2424
0 4973
1137 2529
138 626
676 1357
1942 1988
1137 1560
1406 2922
271 839
1011 2678
1764 2466
271 2559
271 3022
1137 2964
608 3869
365 2933
564 1883
1745 3151
93 1268
1904 2564
1210 1422
1904 2474
276 2392
365 4933
1137 1230
257 912
915 1137
410 1162
2894 4922
1010 1876
271 2460
356 1719
365 2151
2468 3947
138 1882
365 4955
1137 1165
365 1268
833 3499
957 3962
365 3556
0 1093
1782 3043
385 1987
1137 3014
764 1502
336 611
783 1108
1016 2726
2662 2706
888 2003
564 2398
1213 1430
1268 1541
365 3580
271 2333
138 1108
365 5160
783 3625
2474 2836
365 2114
1421 3071
747 748
1137 1553
354 572
271 844
912 1055
1268 2307
2474 2730
1137 2717
1672 3243
783 3449
1137 2916
2392 3403
958 3858
365 1116
1343 2125
769 1652
1137 2927
977 1882
0 3454
365 1259
1137 2926
356 1726
377 988
1335 3577
783 5100
3385 3517
135 2510
1137 1907
93 1137
1243 2238
833 3500
1704 1707
271 3008
1137 4928
271 2293
271 3103
271 3530
271 3422
1352 1737
2927 3595
1904 3424
990 1108
1137 1996
912 1268
365 1406
0 2165
381 1060
58 358
833 2110
1010 3732
2384 2956
26 271
1137 2565
365 924
1101 3607
72 3053
1160 5090
769 1137
2007 2114
365 3462
271 2443
93 2252
271 2237
584 2141
747 749
783 2981
912 2286
785 1904
947 1108
808 986
271 1243
0 2523
0 3445
365 2477
764 1618
912 2377
783 2179
1137 3072
564 2298
3883 3964
356 1735
277 1273
3258 3260
2275 2392
712 1137
888 2819
1406 4906
2114 3384
1803 2392
572 2618
100 564
1137 2960
2780 3731
783 1553
747 912
1320 1340
1010 2682
2069 2820
1235 3251
868 2163
1177 1343
271 2403
1352 3780
836 1745
407 919
2636 2643
747 1652
236 912
385 3274
1492 2194
271 2670
271 2085
271 2448
747 1623
857 1736
358 1137
365 2166
1137 2987
1137 1692
271 1909
271 1312
365 2828
272 2647
769 3215
365 2470
1137 2840
356 1708
122 228
913 1658
52 783
753 910
349 625
1145 1232
365 1055
1590 1597
1137 3100
62 821
802 3986
1212 4953
271 2113
659 1137
356 2545
271 1478
539 1137
591 808
2451 3565
271 3218
1635 1655
636 1837
313 2382
764 775
1137 3355
383 2510
651 3981
1406 2395
76 257
116 2144
1212 2891
1268 2328
365 1274
1352 1355
271 5193
365 2092
783 2954
228 238
1586 1595
344 995
749 759
977 3737
365 3593
1268 3727
1320 2132
402 2475
271 4975
783 3802
1908 2039
363 1137
1904 2085
1137 1193
1108 1325
572 695
271 2837
995 1908
0 3570
636 1288
263 1412
410 1864
783 2310
708 1004
2468 3275
89 271
747 1620
0 2489
808 1904
365 586
365 917
1406 2478
572 3736
958 2014
801 2966
783 1241
236 279
1406 3063
747 1634
783 1013
399 544
888 2468
1357 2769
365 2311
636 1518
0 5119
1137 3565
783 1358
145 271
2057 2618
1176 1177
271 1334
783 1541
2679 3984
365 2125
785 2961
335 611
156 1040
783 1024
1536 2251
747 1664
382 572
238 306
0 2143
988 2816
365 2270
271 3187
636 1287
1137 2350
1100 1268
1051 1268
365 579
271 1492
0 2254
271 1078
564 1024
2107 5136
1872 2614
401 511
747 1627
912 1135
1265 2125
683 3535
1137 1343
1213 2117
0 3095
271 2327
410 1231
1137 2245
138 747
1406 2111
1079 1137
680 907
1137 1223
271 1343
404 523
1055 1137
1145 1146
572 1437
223 1046
680 4904
1044 2377
93 2480
2048 3871
1352 1942
155 409
2636 3819
700 2041
1268 1904
1201 2834
1137 1490
1745 2891
271 868
636 1310
1889 2636
176 190
525 2451
687 3648
1352 2815
366 3978
1136 3248
271 2952
575 2039
681 2468
983 2747
93 783
783 3603
1137 2480
1352 1979
1900 2691
564 2960
1137 1138
271 365
271 1752
365 3096
1013 2043
1146 1792
783 1881
1137 2302
1137 2872
783 2602
365 5051
1137 1720
1137 2371
145 761
365 1544
271 1768
271 2222
576 1768
1108 1137
365 3029
59 564
271 1191
17 1864
1432 3096
365 1219
807 2632
1553 2397
754 910
271 2912
271 2271
1942 2024
269 2085
636 1301
985 2797
145 371
356 3318
2088 5030
584 1361
2699 2724
1421 3122
2891 4989
271 1135
271 1498
315 1341
365 2401
636 1841
1137 2473
1137 1749
358 1185
1224 3052
271 362
382 1942
1764 2234
365 2877
764 1659
564 1352
365 5044
2063 3749
835 1583
1211 1869
912 1319
365 1067
0 1600
1252 3593
1008 2058
116 355
2468 4968
1406 2036
253 636
564 1406
271 1544
629 3824
636 1297
1355 3193
271 5111
3187 3263
654 1137
743 3645
1137 1318
365 1357
381 680
608 1049
978 1912
271 2974
1524 3796
0 3620
575 591
608 834
928 1137
138 565
271 3837
1130 2302
1043 2750
1406 2430
758 3211
0 2333
271 2174
759 761
1268 3565
1137 2280
783 2125
1137 3465
32 143
783 3067
365 1060
145 747
314 3433
2129 3129
783 1901
2766 3791
0 71
17 2988
1356 2064
1131 3076
2706 3733
1406 3058
1137 1358
365 1536
271 1553
1674 1727
271 1467
271 2934
957 1927
1581 1688
1137 2951
1872 2665
2706 3931
1688 1722
347 625
0 2218
271 2386
805 2618
835 1594
1320 2544
1119 2944
75 610
783 1777
890 3855
1137 1448
271 909
991 2737
0 1967
138 1051
365 3662
1571 1591
680 5082
365 2863
271 1525
1137 3636
385 1137
365 5030
259 611
1136 1248
2776 2822
1040 3895
2114 3897
1815 3579
912 1969
2125 2943
365 2090
1893 2717
783 5018
827 831
0 3010
636 2576
365 1198
331 332
272 1027
2125 2181
312 3001
2382 2476
833 2419
365 4989
2478 2485
365 1561
1356 1745
1137 1488
272 376
860 1587
271 2609
1179 3095
365 2380
271 2037
2102 2104
2085 2128
0 246
365 5001
1268 1274
0 5112
141 143
912 1533
138 1541
797 2645
0 1137
630 809
271 2383
263 1329
1942 2730
783 7646
797 3984
0 257
1591 3316
2848 3547
783 3676
271 2178
2125 3459
271 3124
271 3555
271 4958
378 2742
568 2085
1930 1941
783 1130
344 1892
365 727
1408 1739
1108 2396
351 706
271 1800
1024 3797
271 2353
1137 2993
1959 3775
2468 3728
2223 3480
700 1021
271 1091
1335 5046
116 1268
358 2281
797 971
2468 2714
983 992
399 5089
2076 2328
1406 2852
1011 3856
145 912
680 1872
2052 2814
402 3073
224 572
365 2518
1896 2804
1137 2888
1137 3622
138 868
135 3667
3717 3942
572 2620
1108 2654
0 2183
1259 1779
680 5010
1268 2261
1710 2145
1624 1656
365 2994
1137 3033
608 794
1704 3195
272 1925
314 2436
1137 4915
271 2360
681 2145
100 360
636 1277
912 2078
3000 3099
72 2492
272 914
2031 2687
1137 1474
564 4956
988 1921
365 3165
271 3058
271 2473
334 611
1137 3662
579 1137
365 1143
344 3719
271 1794
805 1931
912 4905
1659 3215
2808 3707
1048 2748
2085 4914
1066 3692
1024 1959
1012 2766
2085 3001
1335 3025
271 314
142 143
143 1137
2872 3451
271 3130
365 1763
2637 2646
760 1659
747 3210
1067 3504
0 1944
564 1459
2668 2811
0 1011
625 1035
385 3985
1137 1409
2254 2427
239 743
670 1137
1268 2316
1137 2550
413 3576
488 636
2254 2303
1591 1597
513 523
0 61
629 2669
808 1871
365 523
912 2334
1137 4997
365 2359
1871 2740
1524 3905
271 2455
1235 1675
271 1803
1013 2820
749 768
271 3986
2085 2268
1815 2125
365 5002
271 1470
272 808
397 523
312 1160
272 976
1013 2741
365 3448
783 2709
2297 3177
271 3075
1325 1764
726 1050
2709 2772
1979 2726
912 988
564 3581
82 2864
636 2191
1871 2029
271 3106
1536 2879
1881 2991
271 2899
145 375
0 3464
1358 3511
271 5082
656 2828
797 1137
912 2548
2668 3739
0 52
995 3712
1656 1659
1201 1406
833 1137
365 2352
2679 2793
1591 1678
783 1383
507 808
743 5003
1591 1697
2114 3012
775 1698
365 3627
626 3735
44 143
1137 2931
1137 2182
1591 1599
138 785
365 4995
2618 2684
365 1365
138 2125
271 672
378 2613
257 783
0 2150
312 313
2384 2389
1524 2630
365 590
365 1353
93 642
1544 1904
358 783
2355 2462
74 116
2510 2571
575 2694
272 2032
1358 2469
138 1872
2326 2328
154 1110
138 627
762 3214
3506 4945
365 2446
236 1137
365 765
2771 3830
1927 2641
988 2637
46 271
572 2759
591 785
263 1382
48 263
563 565
120 2889
747 1226
747 1553
271 568
271 2901
74 145
271 1817
608 2067
271 3637
940 953
99 107
988 1942
271 2114
912 1553
747 788
783 5130
396 523
365 1267
833 3498
565 963
1137 4942
81 1137
0 2121
365 2966
271 5051
1137 2312
271 933
271 1346
564 3523
143 912
365 1156
272 2039
238 2476
224 1899
1137 2563
523 532
1906 2652
998 2765
1406 2580
507 1872
998 3788
671 2622
747 1657
783 912
0 2
2184 3023
271 1777
1358 2347
1137 1224
224 608
365 2338
636 663
783 1397
2043 2704
1530 3208
93 236
365 5020
2069 2708
3210 3226
564 4940
785 1137
0 234
1958 1988
365 1260
0 1242
2774 2797
2114 2756
271 3102
49 743
271 4992
912 2274
564 747
138 2254
572 1915
2365 3427
572 1005
833 2109
1136 1679
271 2405
2254 2824
365 5152
523 525
1942 2100
2468 2471
0 3512
1942 2007
1192 1419
1012 2773
1136 1693
0 1459
833 2427
271 3039
365 2331
988 3829
1352 1811
1008 1947
1335 3648
2302 3760
767 1625
410 2459
365 1108
2114 3771
0 2524
992 2774
365 2476
271 3501
2697 2748
2125 4909
2766 2821
365 2915
1438 3074
844 1698
238 326
365 1466
365 785
0 2123
271 2301
365 2290
636 796
1137 2127
564 2224
72 135
2474 3654
271 1528
0 2607
233 2631
680 858
1426 2085
783 2464
1137 3425
365 583
749 753
1137 2166
2637 3964
2510 2959
886 2632
311 314
2125 2451
271 2084
611 679
792 1355
808 884
331 1035
889 890
1024 3707
1137 1683
610 2249
1929 1935
138 2286
498 1227
271 2133
2401 2478
138 1352
0 2786
0 25
314 5003
1040 2746
747 1358
1137 2429
0 1379
2056 2468
0 2114
564 1268
271 3180
271 5014
764 913
397 1315
1904 2238
241 1137
272 2012
271 3004
1893 2637
365 2428
636 1838
1137 2444
651 1045
1061 1108
1108 4911
2689 2891
747 1644
1137 1425
2618 2706
271 273
271 3388
365 3116
1475 1529
271 2456
272 3871
1352 1356
356 1733
1137 3613
1942 2225
365 1788
1352 2512
271 1439
271 1320
2474 2548
365 3592
271 3593
1137 2832
911 1137
365 2550
564 2327
1010 1974
271 3479
1182 2382
271 2243
0 3571
271 2345
636 1289
1871 3807
1406 1533
857 3207
761 770
747 1492
271 3513
1716 3187
271 3155
700 973
271 1656
2125 2175
271 2416
811 2706
2384 2503
365 659
1005 2668
600 808
622 1904
2228 2229
1137 2510
145 960
271 1749
975 3726
857 1728
591 618
0 3089
238 3699
1335 2894
1544 2333
271 1363
1760 4934
608 2812
271 976
1011 2763
0 1079
263 4905
1035 2033
1802 2891
2638 3952
378 2689
284 636
486 636
138 698
2468 2751
263 365
413 3549
572 591
271 2248
1160 2162
1146 1233
410 1066
912 2254
302 354
1100 2414
1137 1330
1745 1762
271 1495
572 3728
1893 2641
1137 2155
1137 2494
271 3686
507 874
1043 2009
2150 2349
1130 1904
365 3102
271 2099
591 942
383 2389
365 2890
1632 1698
1137 2244
1137 2873
138 863
1610 1704
2078 3458
1335 1904
833 3607
93 1566
610 2091
365 868
1008 2632
1623 1655
271 4988
1137 3736
1136 1364
342 523
271 659
1069 1108
271 1541
1976 2706
833 834
1335 3002
271 5101
2618 2619
263 271
271 2300
356 3272
750 761
1553 3655
783 4969
257 1137
54 3012
271 2374
138 1492
636 1851
93 777
68 3093
1388 3895
1343 4949
747 1619
1137 1412
608 988
366 572
1904 2341
13 143
2632 3943
365 2552
271 2043
1137 2301
762 1629
271 5173
272 1963
2254 3607
365 1073
365 1991
783 4912
2022 3960
1346 1698
0 3179
764 1640
1137 2382
1235 3250
1137 1769
913 1637
1136 1355
1137 1363
844 1057
1235 1702
73 1268
1201 2261
783 1167
0 2094
1067 2882
888 3868
2676 3902
271 5098
583 2553
1316 3117
236 365
342 694
1137 1622
2392 2583
1422 1764
1268 3017
365 564
957 987
591 783
636 1413
1137 2149
912 2123
2085 2559
138 523
783 1335
379 1973
271 958
1235 1613
271 1183
1201 1268
0 2892
988 2613
572 2114
271 3430
783 2573
1160 3054
983 3759
193 636
783 3539
271 3419
356 1670
743 3389
1352 1595
272 3880
365 2472
1013 2766
271 2230
352 1792
365 2434
2125 3693
271 4930
2468 2629
769 3209
747 988
1137 2232
365 1211
0 785
271 1469
1160 3485
1745 3610
1137 2957
1137 3515
2022 2625
3187 3262
1137 1615
2298 3535
1137 1317
238 1137
356 857
0 2585
365 2345
1893 2636
1137 1445
1907 2468
1942 3760
407 1058
1137 3391
783 1771
1137 2555
507 881
1137 1462
1787 2846
271 1999
1137 3567
2621 2731
2033 3753
1353 3675
378 699
681 1698
1530 3264
1074 2085
223 303
2468 2706
0 1218
909 912
1944 3715
985 2651
747 1343
385 2731
402 523
1274 2540
1137 3167
271 2348
271 2284
271 3158
138 1406
271 5112
1536 2559
2200 3002
568 1137
672 2392
1043 1924
1790 2379
271 2603
271 2397
365 1155
1355 1600
1335 2874
636 1856
659 2944
138 224
229 636
1137 1745
271 2844
1074 2125
1700 2468
1355 3183
365 3661
271 2908
572 2717
271 4899
1137 2272
1137 3627
1320 3029
3189 3261
1223 3186
2668 2680
269 358
2286 4890
1988 2059
409 537
636 1281
271 3118
747 2316
583 2391
325 2600
138 962
1137 2468
572 618
758 1137
1139 3021
285 636
1980 3766
1668 3258
356 3308
1991 3807
572 1008
365 591
608 777
138 1008
2254 3176
325 5059
272 3793
1871 2071
1243 3982
1942 2692
1137 1738
1352 2667
271 917
54 271
0 2283
1073 1137
271 825
272 2816
1137 2237
577 3053
1406 3844
783 1902
344 1008
271 591
749 756
365 833
1524 3852
271 4919
1137 2572
651 1959
1137 2410
365 2138
834 2686
764 3209
365 908
3272 3273
2007 2702
1137 1492
365 2227
365 5193
402 1052
1352 1584
2085 2306
1137 3409
2478 2934
1021 2022
1406 2892
1137 1480
365 1335
93 285
365 3171
271 2224
564 1944
19 610
1591 1698
636 1853
1268 1522
0 362
271 914
227 887
565 1002
1006 2761
1881 2019
1137 2264
1524 2811
2069 2821
1137 3621
271 1397
1137 1884
1137 1255
976 2697
777 1942
2114 3829
1235 1713
1137 2403
747 3220
906 1268
365 1183
572 1881
1971 2667
1585 3186
365 2220
1235 1609
1137 2662
636 1278
1137 2556
2085 2315
783 2868
1871 1955
365 2339
1659 3214
1801 2891
271 2472
355 2254
747 2261
376 1889
2891 3663
783 2254
238 1244
2147 2891
325 1053
1214 2506
365 3033
271 1272
2125 2968
271 2521
2468 3295
0 1165
2709 3799
377 966
271 5151
138 697
314 5090
1991 2468
1137 1877
2848 3562
346 1137
271 1385
365 3454
591 1038
2637 3883
1137 2333
1406 3418
1057 1653
1352 2722
271 3147
572 970
3802 3862
2254 2424
1235 1614
2468 3792
2730 3855
190 636
11 257
1406 3088
529 1356
1903 2793
1137 1530
1893 2639
518 3727
1092 1438
1364 1371
271 1501
409 907
2084 3593
2085 2437
1972 2019
2706 3074
1355 1704
747 1570
2080 2468
572 1033
400 530
0 1095
0 2545
1346 1615
365 2172
1137 2579
356 1667
1137 1613
833 3606
271 1473
365 1024
1108 2614
272 977
1006 2012
1268 2988
2170 3041
813 1137
1137 3018
912 2302
1136 3299
3832 3888
271 3878
2063 2721
1467 1808
291 575
271 1064
2637 3904
271 2898
2679 3751
1057 1177
1236 3408
2618 2803
896 2690
2468 3254
271 3055
93 3494
2114 3187
271 2580
99 1316
608 1988
271 895
138 143
376 1357
1137 1782
572 1024
199 636
2795 3748
833 2304
1486 3074
365 2165
1243 1920
1900 1951
1591 3196
381 2730
2004 2623
1137 2471
1357 2512
568 778
143 1065
2737 3882
302 1562
264 285
680 783
1355 1656
2085 2407
365 1749
93 1406
272 1042
608 2100
523 542
271 1211
2588 4957
1320 1323
1137 1566
1406 3604
271 833
1011 2680
365 764
271 2439
1499 2422
1390 2563
358 4967
1725 2468
1871 2693
138 707
1011 3818
2638 3959
1591 3268
611 2713
608 2068
271 3636
572 2743
1499 2421
1008 2739
572 783
54 2336
564 1397
1352 3560
271 680
833 3497
272 975
271 1635
783 1544
636 1304
610 2299
807 2615
271 5050
1177 1591
1355 2384
46 572
636 1417
1114 2254
1137 3386
747 3130
519 1137
1137 5086
2379 2915
1268 3659
989 2699
1137 2562
523 535
212 636
1406 3696
1942 2013
1370 2474
1312 3593
3409 3517
1008 1011
2847 2848
988 1894
903 1922
2104 4916
659 5160
2343 3278
680 5200
783 3672
1149 1192
365 1114
1524 3743
1008 2012
680 3688
271 3495
917 2168
636 1276
2392 2452
783 1872
564 1343
93 1339
272 625
1011 2719
0 1528
271 2872
271 2130
271 3097
365 2958
1574 1591
764 3192
143 783
743 2169
572 1908
1971 2636
988 1998
833 2108
1906 2771
636 1280
523 524
1137 2449
1969 3753
1137 1544
24 116
1108 1904
0 26
0 591
833 2426
271 3038
271 2233
2640 4893
1587 1723
2709 3715
271 3700
365 5084
783 1405
63 912
271 964
30 358
1268 2254
402 2593
2049 2709
1137 2216
1577 1603
1590 1591
2783 2786
747 773
747 1352
680 747
271 2857
238 327
271 2435
868 1904
795 1072
783 1764
1000 1048
1048 3725
135 1137
636 3898
1343 5173
1886 1959
2114 3108
1406 5165
572 997
271 1531
271 2998
988 2724
365 2178
273 3273
903 1043
1100 2125
1871 2787
2085 2924
231 365
1994 2778
1491 1698
749 752
271 1213
290 1137
2254 3605
912 2343
2085 4982
2894 5033
1356 2780
0 1904
1082 3308
365 1325
2316 2869
365 1100
365 1431
680 1236
1357 1421
2114 2601
271 2132
0 3406
1896 2795
1335 3649
271 4960
271 2550
314 3559
1137 1206
1010 1980
20 584
0 1193
2022 3884
0 2115
1012 3712
783 3698
2891 5139
271 5009
1137 2354
912 3435
1618 1654
1462 2125
749 1137
951 2113
1355 3242
1036 2668
2412 3074
271 2150
636 1839
1370 1598
764 769
365 4925
785 2569
2137 2242
784 1523
0 232
271 272
271 1743
833 2420
2328 3113
271 2459
365 2903
1352 1357
2468 2771
46 382
271 3930
591 1152
138 1954
515 523
1621 1635
2026 2616
365 3591
365 2223
0 4
1208 2316
783 3876
271 3640
2392 3392
2125 3453
743 3433
1008 1872
826 827
3764 3971
636 1290
1137 3040
365 1382
1099 3196
618 620
529 1137
894 1009
743 2600
365 584
1268 1352
295 636
1137 2606
1928 1931
62 745
271 2832
1406 3105
747 1636
912 1130
0 596
2224 2302
0 3090
365 2896
1137 2751
3832 3971
783 1352
2778 3761
551 1981
1356 2445
2468 2655
2125 3126
1108 1562
912 2224
1137 3113
343 523
271 3129
238 321
1137 1671
313 314
272 2774
365 2599
1356 3729
2468 3926
1970 2648
11 2988
634 1137
271 1708
271 1051
1492 2551
257 603
1192 1407
365 2413
1893 2640
72 3630
1137 2154
1137 2493
1137 2088
747 1629
1137 1410
271 1757
1137 1237
385 572
2069 2891
636 1511
72 3120
1959 3848
2088 2298
370 1137
365 5101
1352 3769
1136 1222
94 257
1137 2363
365 1410
398 2085
1092 2259
1137 1397
747 1661
0 2964
783 4992
636 1519
27 1325
2769 3722
365 1379
1137 1369
747 763
271 1540
145 1904
271 2917
271 2256
636 1303
912 2988
2676 3821
2429 2865
1137 3564
749 910
2642 2786
1054 2082
611 3924
1352 2755
271 2954
764 1638
314 1160
636 1844
1173 2384
764 1619
1116 3501
747 1618
233 343
1472 2237
2510 3165
385 1016
572 1003
1137 2300
762 1626
365 5027
2125 3100
272 572
1585 1698
1201 2549
1904 3720
0 2480
903 1023
1051 2078
572 2656
523 783
783 2286
833 2303
2631 2632
1024 3202
913 1636
1137 1807
912 1201
271 667
888 2781
271 1463
0 2095
271 2265
365 2254
271 576
983 2774
1871 3765
2819 3764
1945 2777
1406 3638
2872 3022
3736 3939
271 1137
572 896
93 2610
271 3628
2078 4924
636 1414
636 1843
636 1784
1048 2697
1683 2706
344 1960
797 3858
1043 2022
0 244
364 365
93 788
1179 2085
385 1009
747 775
271 3425
236 783
1745 2122
895 2742
1356 2180
325 539
751 910
0 680
271 1872
365 3492
1008 2631
271 2225
365 2433
1108 1591
271 2485
1116 1137
1113 1137
272 1894
783 1492
271 3553
912 1763
912 1192
399 2742
365 411
271 1468
0 2976
190 496
580 611
912 2100
575 1001
1688 1717
2017 3981
271 785
729 1034
54 1081
2254 3498
271 2968
271 2391
365 2392
1893 2635
1356 3597
636 1866
1005 2639
356 3199
783 1343
1355 1686
2098 3546
271 2558
271 381
356 3188
857 1724
700 1022
957 1902
1522 3059
2328 2411
564 1433
1137 2286
2891 3635
2254 2304
2848 3669
77 1928
271 1881
365 846
868 1137
271 2238
365 2095
271 3104
271 3487
138 1081
561 575
1409 2290
1537 2536
1355 1441
913 1622
1764 3419
1108 2376
40 1137
382 1913
409 523
1904 1975
1268 2478
271 3532
271 3153
764 1701
2468 3914
1258 1406
636 1514
834 2716
2137 2239
3733 3969
1114 5085
398 1479
271 1487
271 3041
0 2577
365 2385
572 980
636 1857
1871 2770
912 3130
378 1990
271 911
700 1043
952 1108
769 1634
271 2509
271 2322
762 769
376 1980
889 1893
783 3070
564 1335
1137 1268
934 1406
572 2005
0 3018
365 2088
1406 1740
1137 2416
238 262
3259 3261
1352 2297
3258 3261
236 564
381 1138
271 1410
1357 2435
680 3083
1921 1998
1137 2497
1942 2053
1137 3423
1137 1656
138 271
365 576
1524 3805
385 1108
1067 2617
1160 2533
1905 1988
1137 2063
694 2713
636 1852
1352 2668
314 1342
0 2898
365 3684
263 842
365 2854
1133 1137
271 1335
1137 3619
410 523
365 2119
1389 1406
1137 2374
2510 2935
1602 1700
93 381
747 767
1357 3863
1960 2061
912 2186
2478 2863
378 3866
1352 3521
764 3210
1137 1406
365 1776
1959 3927
988 2077
1874 2807
271 3581
1192 3143
3176 5084
271 5032
1137 1792
407 3154
2405 2596
365 2927
116 2515
2731 2750
0 3156
743 827
271 3137
1356 2700
402 1428
912 2316
378 1998
1137 3700
365 680
271 2729
5034 5047
1137 1446
408 523
1108 1764
1939 1940
835 1723
1355 3563
783 3020
0 1777
1137 2364
1591 1593
914 3851
680 2240
783 5098
1137 2737
1137 2402
271 1268
138 2988
1137 1452
1137 1399
1137 2648
957 2703
271 2895
271 2362
2254 2422
2468 3943
1031 2665
1137 3401
987 1902
1015 2065
1904 2302
491 636
1067 2250
1137 4994
271 2475
272 3776
263 1330
743 1506
1427 1642
1137 1787
365 1141
2510 3030
365 3639
608 1031
783 4930
680 4972
356 1669
1172 3583
2618 3766
63 2864
641 1137
365 2371
1137 1183
521 523
272 1909
575 1002
272 2703
271 3571
1137 3024
365 1355
1022 2791
85 365
1137 1881
1014 1918
572 1873
1358 1904
271 2307
2254 2425
1382 2145
46 1223
1137 2977
413 1782
138 591
81 145
747 762
1137 1635
14 271
1137 1529
365 1320
224 2756
271 1764
572 954
2089 2328
2089 2457
271 2480
783 2478
2752 3930
1137 2098
1959 3907
345 2672
372 1964
1137 1916
271 564
564 868
1871 1872
381 2261
93 3845
1137 2179
2637 3922
1421 2174
0 4971
515 689
608 2007
1137 4946
912 1137
271 3670
271 3085
271 3576
896 3706
1137 2332
1672 2145
906 2125
599 1406
572 1896
271 1067
271 1510
1357 2471
1874 2771
271 2282
1762 3074
912 2489
1137 2541
1136 1612
356 3201
749 1653
365 2269
407 951
1591 1677
638 5013
271 3010
271 2489
1932 1933
1925 3980
581 1108
1137 2392
53 63
2007 2689
271 1810
857 1669
271 2692
271 2163
271 3630
131 1137
271 1797
764 1623
1043 2782
358 3150
833 2425
26 783
747 785
910 1663
1406 2112
1913 1919
271 1406
1140 3041
365 2971
1192 1568
271 1754
1756 2254
762 1732
700 1925
1031 1942
38 143
271 3438
271 2906
747 1024
1137 2568
891 1985
783 2391
138 625
1268 3690
2137 3634
797 3881
1472 2125
3876 3913
399 1313
271 3019
271 2438
365 2930
579 3689
783 3666
1397 4998
2657 3926
651 2713
957 3885
93 145
271 1238
1137 1323
2125 2946
1137 1242
2103 5073
2468 3186
1137 3083
1139 1764
575 887
365 1134
1893 2623
1357 1981
1137 4940
271 2131
365 2302
93 5135
2698 3877
365 2132
232 271
912 2474
1101 3608
272 331
271 1081
271 1524
271 2979
271 2334
989 2698
575 2038
138 1881
1008 2821
302 1942
1137 1558
747 1659
890 3121
116 3144
1236 2085
271 1779
271 3024
169 281
1090 1137
747 2224
1137 2085
139 625
271 2619
271 1481
365 1113
1944 2666
143 821
1536 2986
0 3441
651 671
885 996
913 1651
797 1997
1335 3578
680 1318
1993 2706
1008 1012
72 3508
572 1926
272 967
1406 2144
0 3552
1871 2622
783 2356
138 912
641 1872
1562 1942
271 2574
698 962
572 1909
1235 3247
591 1345
604 1172
1268 2857
271 2407
1782 3549
272 3732
138 1335
1137 2125
281 503
1038 2685
747 1648
0 27
833 2106
273 1702
988 1918
143 1115
572 3709
0 3086
1778 2254
1591 1687
2125 3397
1208 2474
365 1790
2012 2351
63 3309
0 138
709 833
769 3211
365 2474
271 3503
62 365
1137 2223
1137 3042
747 772
1108 2328
0 1390
1268 1492
510 1355
145 2593
921 1050
2636 3921
271 3633
912 1262
365 1396
236 636
577 2828
1036 2678
271 1530
758 1635
3041 3573
2468 3836
1252 4947
1137 3431
1355 1539
1055 2352
1137 1536
749 751
912 1149
1676 1702
1176 1593
1609 1693
0 2923
1668 3260
1914 2795
1137 2700
1137 2263
365 5076
365 1430
2510 3569
584 3088
2928 4970
365 2136
365 2467
1137 2845
2474 4934
377 3929
1263 3183
1108 2343
272 608
2114 2339
236 1406
272 1871
1506 3170
271 2244
1160 2118
636 1292
783 3472
135 1129
379 832
1024 3926
138 2302
564 2233
1591 1606
890 2722
1268 1346
1137 5056
1268 2548
273 3265
636 1512
1137 2175
2104 2329
1262 3585
1352 3432
1137 3195
747 1051
2114 4921
1137 1431
764 1664
129 1565
271 1742
278 1038
271 2323
271 2095
354 1137
271 794
801 2776
1871 2712
1038 1872
1352 3319
1133 2478
986 992
135 1157
401 523
365 3047
912 2261
1137 2393
747 3278
1688 1734
1901 2654
730 944
1352 3611
1406 3750
72 101
257 1268
1137 1201
2471 2496
827 830
636 1291
912 2564
783 3924
618 621
783 833
848 2145
138 1343
271 1702
1406 2458
271 1480
1998 2637
62 1137
271 2291
365 1218
636 1831
1137 2491
639 810
1352 3876
1136 1137
1406 1424
2494 3418
2114 3603
365 728
1882 1978
271 2100
811 1356
636 1513
372 702
143 271
1646 1659
271 1460
680 1809
399 1203
401 2864
0 3048
365 3040
1835 1858
783 2203
651 782
1137 1191
743 4908
2238 2996
608 1944
833 1745
77 1935
636 1302
608 1044
636 1282
1998 2646
783 2759
597 2384
783 2963
0 2456
106 1792
1536 2117
93 1469
145 1137
93 912
1137 2266
609 808
993 1048
271 3309
1351 1792
636 1854
228 307
783 2489
743 1228
1421 2468
2125 4963
747 1628
289 401
271 1756
988 1437
1524 3757
1357 2647
1635 3210
1406 1709
834 1942
1698 3218
3853 3986
271 5166
2778 3769
2007 3891
400 523
381 1319
1335 3003
1137 1324
572 3915
241 2602
271 3459
1137 2816
1406 1410
409 1318
138 812
405 509
747 1335
1137 1368
271 1543
1891 2668
365 1051
636 1305
1137 2340
747 1137
912 1541
912 1226
0 79
1137 2453
629 3873
1268 2836
891 1357
636 1845
981 3914
271 2088
747 1621
747 1944
145 365
1406 2418
700 3878
271 2545
48 1330
0 3670
781 1900
523 689
1008 3791
1394 2137
636 1842
888 3920
1872 3723
0 2481
591 747
993 1352
572 2100
365 3026
271 4935
1811 1942
913 3213
1904 2125
564 2286
365 1216
623 625
1104 1105
608 1942
1177 1392
2363 3521
271 2264
365 2584
636 1296
912 2665
407 523
1904 3517
3187 3259
0 70
2392 4909
381 2125
608 2702
680 2332
302 591
636 1415
636 1868
1137 2478
1038 1352
983 985
1355 1680
636 1279
912 1419
1043 2025
2392 3159
0 1135
273 1223
385 1008
365 2543
762 764
2709 3752
572 886
3083 5120
248 1102
608 1562
271 1961
1553 2374
2436 3169
271 3473
0 2324
492 636
379 571
2668 2715
912 1764
365 1209
381 564
1825 2478
365 2876
271 2922
365 2577
271 5117
1137 2518
1942 2056
1063 1137
752 910
783 933
0 93
257 564
1011 3893
271 2604
271 2971
857 3307
1137 1893
344 3740
1406 2429
2007 3945
272 865
271 1254
271 2413
382 3845
572 2688
271 824
762 1645
271 5125
1137 2185
758 1642
2114 2588
272 2724
0 3385
1137 2859
783 2730
1172 2510
0 380
1553 2254
1137 1347
365 5121
1137 5117
263 5020
575 1950
81 635
1343 2838
1710 3242
968 1933
1668 3261
1044 1942
401 5089
1536 3022
680 1067
1212 2396
609 2468
636 1858
2074 2780
1959 3813
1137 1453
1226 1268
365 1133
93 382
241 936
832 1948
0 2689
1160 2382
271 2469
1137 2278
764 766
783 3065
1137 1259
2114 2171
271 2854
314 2441
622 808
952 2478
591 710
1381 1743
1108 2342
2382 5059
868 912
957 3803
3259 3260
93 5085
2632 2634
365 1782
914 1942
1693 3250
271 3161
272 1035
2676 3778
3082 3149
2637 3727
783 2848
2668 3818
1441 2468
0 3122
591 896
0 912
942 1137
1268 2341
1909 3724
743 829
913 2545
1883 1942
372 1872
564 1437
1236 4964
764 1642
271 919
2093 2392
843 1160
1106 1172
365 3652
1137 1447
1764 1904
2618 3941
1887 2618
1904 2012
1356 2789
1137 1148
1438 1745
783 1469
365 5047
1137 1260
0 2085
2270 3032
365 795
539 3001
147 610
2709 3892
1591 1605
2088 2157
379 923
271 2586
1356 3074
783 2282
572 611
680 2836
0 3494
1320 4979
2836 2940
783 3528
271 2506
271 1011
1900 2634
0 34
575 972
1137 5000
21 783
2346 2891
1667 1727
783 2100
1901 2689
985 2047
1000 2815
365 1147
271 3582
1527 2382
1137 2947
2636 3726
271 2151
680 2439
1782 3576
0 3593
2135 2137
17 2193
625 1977
895 988
302 2635
1235 2226
0 1274
271 1474
271 3651
271 3134
1872 1942
1635 3220
365 1356
747 3222
1137 1827
1137 1398
365 1768
0 1316
680 1137
271 2309
2254 2423
190 493
1137 3081
1137 2546
2085 2313
271 2535
285 423
1406 2933
1137 1479
381 1268
271 1109
236 2201
272 3995
271 2474
764 774
2145 3186
365 1319
409 1070
271 3514
797 2648
1904 2489
62 3588
365 1140
4934 5070
2078 5063
1727 3278
885 2744
2125 2379
271 2523
2468 4903
1980 3921
1137 3116
636 816
357 358
783 1081
2114 5099
2114 4925
271 2468
912 2114
331 346
271 3656
93 2301
365 4891
783 785
1137 4930
1108 3543
61 271
271 1432
743 3683
726 1137
0 5133
728 2406
344 345
912 1051
120 4952
1177 1569
271 2569
1137 5050
680 2534
365 2356
783 4901
