7716 6528
572 1035
783 2219
271 6471
2891 6255
272 979
271 2863
683 1767
526 543
600 974
572 1897
314 3145
2891 5395
2783 4023
566 2891
1664 3357
608 1904
868 1782
1348 2304
951 1137
2005 4511
2238 2341
143 2341
271 2320
2468 4107
1670 3187
999 1006
279 1829
1942 2008
271 2433
583 5491
288 611
2891 5706
1371 3253
272 1883
988 4059
279 428
379 956
890 2137
107 365
3051 5905
1137 5084
81 357
610 2152
143 6026
2100 2474
379 1137
712 4927
143 1138
271 1193
2618 4359
272 3885
365 3067
1010 6655
2125 2827
257 2197
272 4043
3948 4160
271 6164
529 4341
564 2993
1008 1035
2089 3631
3820 5741
983 3830
257 1864
271 2706
2750 4083
271 5775
747 775
868 2341
135 2384
783 3548
54 2336
376 6655
138 1343
271 277
608 2545
2676 4092
0 759
912 2372
271 5187
1989 2681
143 2440
783 3108
1263 1580
2445 4344
271 2420
1137 5344
1942 3728
2705 3736
143 914
4421 5499
4148 4261
271 2031
77 1932
279 432
1956 2022
2107 5073
1624 1698
365 5497
72 143
271 1165
1160 2476
912 3517
755 771
608 2692
11 109
1900 3777
891 5499
271 1443
120 2125
349 1008
1406 1772
409 523
365 6158
996 1968
1137 3482
1137 1230
2468 4040
801 1871
365 3720
1335 3003
1137 2960
783 2320
53 271
0 949
40 610
365 4902
1160 6312
143 2254
783 2614
272 1352
365 2107
143 5224
1035 4038
1108 2028
118 120
271 5332
271 2376
365 2397
1942 3772
271 5445
990 5314
233 1872
402 1075
1335 1338
1904 3760
365 1208
2437 2891
1529 2341
271 868
627 4514
279 2208
808 1872
560 1009
636 1860
385 1894
1035 2061
377 4208
331 1035
820 2965
1186 2891
792 4708
271 747
143 1352
2891 5167
1871 3717
0 85
3733 4080
2699 3922
783 5285
1881 1942
1352 2667
271 6498
138 2474
572 2007
785 6977
3187 3296
1137 3004
887 2027
1137 1492
224 4011
143 2237
3801 4001
2692 4291
584 5756
523 591
271 6117
1137 1445
2400 2420
2928 5699
46 1607
1160 1799
4319 4382
81 5065
143 564
271 1635
271 3613
356 857
890 2545
572 2670
1000 1048
2468 2694
955 3792
3596 5540
1183 1268
279 395
2709 2722
1921 4424
1980 6657
271 1063
868 1397
2891 2988
339 341
1011 1878
271 1108
1160 2876
797 960
365 4198
834 3724
272 3921
271 7042
143 1343
591 1981
279 459
2024 4305
3879 6100
2481 2891
365 5193
372 591
1137 3537
783 5305
1008 4162
783 2218
3832 4036
912 1397
1899 4046
1011 2701
868 2306
1137 5678
1137 1383
2700 3975
271 2911
344 2061
138 628
523 2254
0 917
1051 1788
1137 5896
1137 2089
86 241
521 3754
271 2173
840 912
890 2611
1078 2238
1130 1137
2468 4261
1234 1235
1032 2769
271 2323
1352 1946
279 1828
143 953
93 382
271 2432
1379 2891
1137 5460
564 1437
271 5565
924 2478
680 934
891 4233
1050 2828
0 362
6132 6202
747 1698
1011 2545
365 795
358 5209
279 431
1871 2468
145 591
2303 6055
2474 5168
785 2891
2114 5579
72 148
271 1192
777 1343
279 653
1577 2468
271 1241
365 3066
2341 3693
1101 2427
271 1358
957 6556
271 6167
93 1193
238 306
372 572
2007 2137
697 6616
3167 5548
487 636
107 3599
912 941
730 940
783 1882
1881 1919
657 2891
839 1683
909 1212
385 864
668 3792
1130 3463
783 5664
764 1621
1904 1942
271 6109
263 912
1064 1137
3792 6540
909 2135
608 3792
2468 4313
271 5363
1553 4305
680 868
3973 4319
1008 2821
271 2423
1137 5351
783 3156
271 5472
747 1777
365 1090
271 3605
1876 1966
3250 4711
2063 2663
2392 5580
277 365
77 1931
273 4722
279 435
2105 5296
365 912
2022 3827
2699 6526
356 1736
912 1777
912 3420
366 6575
365 1704
2891 3663
143 1764
2433 2891
595 907
271 2455
1210 2392
783 2981
1259 5096
0 3665
2019 4479
1239 1551
1137 1229
1877 4342
1335 3002
363 582
15 81
1343 2891
1137 5959
271 2521
1192 1407
1137 3473
747 1024
272 4301
0 6012
1008 4168
1693 2474
107 4950
1352 2795
608 1031
3716 6640
331 625
3707 4494
2384 5577
2107 6034
271 5866
2392 7009
365 1207
271 5119
279 2211
365 1352
3187 4672
378 4166
66 6148
1872 3889
572 777
2307 2891
1022 3857
177 279
60 2988
385 1942
525 526
5732 5906
2721 5499
0 1739
271 3154
507 2050
145 1107
957 1352
138 236
1149 1568
143 3333
1137 3461
1137 1257
1900 4187
1137 1319
2679 3751
1887 2636
3218 5257
1061 1137
3241 4636
1008 2689
4023 4236
2286 2382
1357 2135
1081 2614
764 2468
608 1972
1010 1019
912 1138
365 2223
1137 5342
1872 2678
271 2479
93 138
783 3389
1884 2732
271 1969
1921 4450
2678 4246
3727 4099
2706 3886
942 5094
572 808
174 279
314 2382
1335 5462
0 2324
79 271
834 1040
0 276
271 1397
271 3073
378 3883
1137 2579
747 767
2125 4899
1359 2088
2161 3127
66 271
697 6595
271 1004
271 3412
379 3929
2694 4443
795 2891
591 676
783 2266
1137 1382
572 1899
868 2450
2769 3806
912 2492
138 629
2891 5043
1137 5903
1949 2022
958 3842
3517 4940
0 2976
2012 6545
988 4208
1683 2468
3934 4022
845 1137
143 2343
271 2322
271 5391
1872 6570
636 661
701 1007
1137 6173
0 1240
1921 4430
101 564
271 5434
5020 7655
912 4657
1893 2623
1872 3946
1101 3608
2463 2891
115 5906
572 834
3866 4325
868 1529
1872 4089
1319 2614
2012 3814
365 3065
896 2023
0 6316
890 3752
1137 2468
116 868
2676 4305
93 5872
200 279
1137 3427
1008 4112
401 542
2085 2614
572 1944
998 4179
868 2343
1871 4386
0 939
1382 2872
2891 5070
912 5817
2786 3832
2529 5342
783 2479
1048 2004
868 1541
2618 3941
783 3069
0 2845
2443 2891
3968 4207
93 6291
1035 4060
3736 3851
365 587
271 2422
2678 3746
28 2121
271 1739
271 2535
1137 3600
1872 4396
1652 3217
572 2674
77 1930
279 434
3290 4564
2700 2752
2772 3903
1137 1591
797 903
1137 5829
1777 2891
1008 2044
2382 3489
706 988
2085 2407
1942 2991
912 2872
1872 2043
2903 3059
1406 2234
272 895
0 2318
365 3684
2891 5475
1059 2125
138 2055
1010 1957
1161 3005
138 1358
680 5053
4440 5569
747 1138
1872 1875
2647 2777
1637 1641
365 3863
507 870
1137 1471
808 4113
1240 2392
1944 2666
271 2228
365 2105
277 5528
271 1545
365 5547
523 912
1871 2651
1011 4214
107 120
996 2782
271 2555
2748 4100
2891 3464
2891 5925
1051 2468
764 1642
890 1872
1011 4244
1961 6605
272 1957
279 2210
31 145
1137 1602
1137 6326
271 1138
1237 1355
272 3800
1154 5065
314 2330
271 1251
1136 4676
1079 4936
730 2914
271 5142
2007 4193
683 2392
107 3466
2063 3938
4305 6599
3241 3330
755 910
93 523
4132 4320
271 2614
0 5486
52 2143
783 1791
378 1986
1900 4037
271 907
0 3646
1942 2709
1901 4157
1492 3542
2384 3550
912 6115
808 4319
1137 1401
833 2112
3765 3783
651 4319
1035 3753
2474 3186
1011 6594
72 1137
494 636
1137 6131
3872 5177
747 1404
564 2398
0 689
271 6157
365 5630
147 5815
1872 4416
271 5253
271 1422
4023 4083
0 1312
2382 2468
884 4189
638 1137
271 2478
992 4534
564 6115
271 2335
745 746
1872 2709
5027 6131
564 6034
2114 2235
747 2545
365 1178
377 4423
272 1921
2468 5579
3577 5999
143 1051
271 1110
1137 4998
90 1137
857 3187
1130 6028
365 3600
1137 1791
272 507
1371 4709
1890 2618
81 5906
2891 5303
895 4336
3948 4191
624 1024
1804 3069
747 766
272 808
271 2570
2891 5466
2699 4312
564 1433
365 1792
868 2237
271 3415
271 5812
572 2037
747 3449
365 2219
2457 2891
2752 3865
238 2468
1189 2439
271 5962
4168 6580
859 6312
381 2468
271 4919
1040 4329
912 1325
868 1777
1896 2804
1137 2232
1110 6077
610 868
271 2333
271 1782
271 1963
1959 2020
615 808
2737 3882
741 914
370 1137
783 3457
2125 5329
272 1872
303 551
797 3832
365 1406
272 3729
1101 3607
328 2516
584 2141
949 2891
271 1243
3824 4322
1392 1591
1130 2891
406 2872
271 1529
868 1352
2636 2643
271 3386
267 523
272 2647
271 3499
4166 4305
783 5845
2891 5540
133 2516
1942 4168
523 568
336 611
912 1137
2891 6506
365 5284
2664 6522
308 2516
3529 7625
1051 5613
410 1864
2392 3565
1137 2052
365 586
572 3736
801 2966
2036 2614
1942 2043
888 2468
996 1047
564 1395
542 1203
783 2963
1011 4106
145 271
271 3607
1137 5575
3513 3596
747 1664
891 4100
279 2201
572 1008
365 910
3780 4081
1024 2751
1213 2117
365 2891
1893 4292
523 1553
1243 3470
159 169
1343 2515
271 1343
223 1046
1137 3116
3948 4112
833 835
687 3648
271 1501
575 2039
1008 3983
2041 4254
564 2960
1137 1138
1013 2043
1008 4157
379 3987
1551 6954
331 4384
2891 6235
2015 4416
914 4449
271 2912
4014 4305
1137 5876
764 1685
273 4600
379 1989
1137 1325
868 1904
1035 3724
246 279
314 4951
3736 3803
642 1130
0 2891
764 1659
365 5044
2510 5015
81 3333
2468 4968
3707 4257
271 1544
629 3824
0 2665
1024 1352
1871 2650
683 5361
608 1049
572 3772
1212 3177
912 2113
2891 3386
2125 2474
81 1380
523 1137
143 5816
365 1060
145 747
2088 5652
271 3691
271 4936
271 6309
2891 5860
400 5374
2709 2812
1893 2678
955 2816
1571 1591
63 912
1343 2551
912 6260
385 2733
1008 1896
270 564
1051 1193
575 2027
912 3273
365 2323
912 1533
630 809
0 3647
1137 2903
358 912
81 3237
143 1944
988 2891
3832 6542
498 783
625 4384
4153 4417
2222 2478
3211 3353
1137 2993
1406 5779
0 2903
2304 4918
1547 5386
2891 3179
1397 1469
1490 3313
3707 4305
0 3406
564 2254
271 2360
1871 2622
0 5752
1137 6933
93 279
334 611
599 4241
760 1659
1137 5438
1082 3240
868 3509
2678 4244
1782 6968
2668 2811
1090 5202
385 3985
2303 6028
747 2433
859 2891
488 636
241 868
271 6942
1137 6183
1883 3724
271 3986
107 2602
93 1346
859 3683
656 2828
1137 1961
1656 1659
271 2581
761 3333
148 1551
868 2238
775 1698
272 2668
138 785
1942 2742
138 2125
0 2150
572 1893
575 2694
143 1901
957 1981
1872 2056
138 627
3290 3333
868 1635
1137 5901
0 5303
0 3137
523 2286
99 107
2063 2468
331 332
81 1137
271 5272
271 1600
572 3829
2608 2614
279 1825
2137 3138
1137 6961
271 1777
1900 6607
2891 4593
3883 6571
2693 4336
3876 5499
1335 5253
2286 5920
1921 3988
365 792
1044 4245
0 3566
988 4055
1137 5547
279 424
138 1548
236 523
1019 6627
2819 3832
1942 2100
2891 5949
988 3829
54 5714
1051 2132
564 6252
138 1137
5391 6933
238 326
2384 3675
1811 6540
325 3478
2891 5352
1008 4227
1764 6126
1872 2012
2772 6661
1212 2893
2675 4490
379 4086
957 6523
0 143
312 2533
271 3498
1959 2468
572 4305
1553 5770
271 3004
2689 2891
1137 1425
271 273
0 2912
1635 4662
365 5283
1942 4059
143 331
271 2130
2474 3034
1185 2260
271 1591
1163 3301
271 2243
2678 3889
271 726
271 5372
2474 2871
747 1492
271 3155
3876 3913
81 5375
279 1861
2012 2621
523 1108
1652 3219
241 1137
0 1079
93 2460
1035 2033
2638 3952
1130 5776
1035 2742
1543 5637
1160 2162
77 1928
580 629
523 785
1872 4201
1893 2641
271 6945
890 4072
365 2890
1044 2734
1010 4256
0 6171
912 6153
1071 4003
365 3035
271 659
107 6444
833 834
271 6260
575 2038
143 3517
833 7644
344 3724
365 5643
2891 4657
271 5758
365 1991
2058 2468
73 1268
888 3868
2676 3902
2468 3931
271 5916
2104 3118
1137 1324
1031 2665
591 783
138 523
314 5536
0 568
764 1652
746 5731
785 5285
905 2088
368 2012
2733 4032
2022 2625
238 1137
783 6328
0 2585
1163 1346
1942 3760
271 5084
365 1268
4351 4420
4322 6526
107 5731
4370 4372
1011 4246
271 2974
271 1999
143 2988
271 5112
568 1137
672 2392
30 2085
2678 6527
1137 1745
313 314
455 2988
834 1035
3189 3261
271 3118
2044 4324
758 1137
3706 3871
2125 5852
896 1872
410 2545
1553 3130
868 2100
271 2608
271 917
54 271
77 998
2436 2476
241 5401
3708 5499
272 1004
747 3231
783 3625
272 4110
912 1067
6171 6932
700 1022
365 5338
1591 1698
224 3870
272 4396
4330 6661
271 2186
3001 5530
377 2613
1095 5065
365 2220
912 2079
783 2868
514 523
1137 6932
1801 2891
271 2472
1035 1883
1352 2033
271 5541
1406 2412
1035 1960
1553 2254
0 4322
2125 5419
143 1268
1130 2224
2891 3155
279 500
271 1104
409 907
365 1466
81 2143
356 1667
1406 5499
279 474
2010 2729
851 2197
271 6316
1093 5065
688 3499
2114 3187
868 2088
996 2021
277 3595
138 143
1137 3541
1942 4416
957 3967
3900 5177
138 624
2888 2891
2891 6464
1011 6560
138 707
0 2868
914 6535
271 2286
1114 2254
1137 1996
379 4339
29 1121
1942 2013
1312 3593
0 1469
608 4149
0 5876
365 1114
1553 5028
365 1259
1054 2082
402 5728
2828 6220
2341 5142
3886 4468
1137 1544
841 5731
1900 1951
783 1405
107 5421
2049 2709
238 327
81 2516
795 1072
1490 1670
107 143
568 747
6 72
137 271
1872 2013
119 358
701 3720
678 1764
611 4319
1010 1980
1343 3010
958 2468
0 2115
1745 5339
914 4490
858 3832
1782 6137
1764 6236
905 5224
365 3644
958 3832
337 611
601 814
365 4925
2044 5499
3806 3826
271 272
2474 3144
365 5282
1702 3329
397 410
18 81
1621 1635
271 3640
826 827
572 3883
365 584
271 2419
4536 6528
608 4194
2299 5816
271 2528
1425 2423
551 1981
1137 3814
2651 2805
4148 4258
988 4020
271 5027
365 908
564 6435
812 2052
2088 2298
1352 3769
365 1410
1108 2614
27 1325
414 2891
912 2988
271 2889
1173 2384
143 1553
868 988
81 279
3832 3840
912 1201
0 2095
1406 3638
2891 6331
272 4274
608 794
1683 2706
72 5856
385 1009
394 5906
365 5042
325 539
0 680
1116 1137
912 2100
271 5331
143 2286
271 2085
2654 4175
365 2392
68 2341
813 4305
2253 2863
365 1058
365 846
145 523
143 1024
868 1325
749 1502
890 4168
1008 3791
0 6295
225 2988
1591 2545
3240 3273
271 6219
2844 5391
3764 4080
599 1011
868 1008
271 3452
2891 3617
272 1971
271 2769
94 2988
3832 3868
1137 1406
2891 6358
868 2554
1335 5237
3826 3978
2731 2750
912 5764
1018 4066
1804 5906
2082 3452
896 4135
957 2703
2678 3966
107 2468
2636 3726
1015 2065
3031 5282
2614 3713
1959 2045
1130 2975
271 5589
272 1909
271 3657
271 5038
2104 2432
271 5438
378 591
2618 6574
749 3333
1137 1635
365 1320
345 2672
2114 5139
271 564
1024 4523
4013 4283
271 3085
1580 4641
271 1510
1035 1981
749 1653
1900 3989
3764 3832
753 3210
271 2457
271 5632
1901 3793
381 2286
1137 2929
4141 5569
271 6477
1013 4346
651 4382
66 5906
610 1343
1861 2988
1756 2254
2891 6386
38 143
271 5975
228 2516
271 2168
1137 2237
3333 4545
909 2239
1137 2318
1051 2043
4979 5459
271 2334
1872 2646
2150 5954
747 1659
1236 2085
271 1779
1010 3819
747 2224
564 1434
139 625
1959 2017
365 1113
143 821
271 3487
1024 6513
1067 6126
81 5815
288 744
700 2009
834 4196
279 426
72 2134
783 1118
678 2392
272 3732
344 3958
272 331
271 1207
143 2836
1137 1688
271 4305
257 5906
0 6304
2286 6393
1406 2478
833 868
912 3445
1036 2678
3041 3573
2468 3836
4342 4344
1668 3187
1024 4046
378 1942
1882 4131
2071 3765
1137 2700
143 145
365 3597
1137 5756
1228 2476
233 4319
279 1376
864 2819
912 1253
0 943
1137 5982
272 4183
984 4003
747 1051
1243 2238
271 275
271 2095
365 5281
801 2776
70 747
912 7043
233 271
1067 2429
138 1051
1067 5390
271 5193
378 4207
3707 4251
1464 3686
271 5374
2079 2224
1352 1979
271 5487
145 371
365 728
564 1406
325 2382
2 143
912 4979
868 1236
1137 6205
271 2037
1006 3814
271 5094
267 398
2739 4170
572 1011
1137 5106
81 936
119 912
1048 2748
2096 5731
993 5499
93 769
279 684
1137 3152
363 1235
400 523
1008 3748
1771 2478
410 2459
1160 1527
1622 3227
2474 3654
2120 5894
680 2468
912 2891
365 2088
3820 4475
1019 2991
1108 5919
783 5372
591 747
271 3464
1137 2873
3736 4308
0 2991
912 2665
2770 4421
3187 3259
2043 2474
271 2962
0 2894
385 1008
2711 4040
762 764
1904 1975
1792 3051
271 1560
81 1070
912 5703
238 5839
1462 1825
1406 6055
143 591
1011 3893
622 3973
272 6578
15 1050
1969 3753
2468 5747
2516 6296
271 3700
1137 5600
622 3815
659 2907
0 6444
272 1945
81 635
273 4689
271 5388
1044 1942
2988 3692
1872 4183
834 1942
1160 2382
271 576
2963 6299
314 2441
3757 4433
271 6301
4138 5499
785 868
365 1782
1764 5341
271 1421
1693 3250
271 6218
868 2102
1458 1492
271 919
2618 6689
1887 2618
1438 1745
1872 2784
6 1551
271 3564
766 1635
857 1669
856 2891
909 5307
1539 2468
93 1872
143 2235
21 783
3832 3835
1527 2382
0 5392
143 2088
17 2193
1165 2891
951 1130
1872 1942
988 4201
1011 4408
382 624
93 3727
236 2201
271 2474
376 4076
365 1140
2125 2379
1670 3240
143 833
118 747
2012 4089
2636 4229
272 1925
726 1137
2232 2341
4125 4469
365 1319
1137 5050
271 4175
783 3463
372 1965
1180 3621
271 567
365 1464
1201 2474
572 810
1022 3894
372 2012
1352 3826
833 927
1051 3008
271 4461
564 793
3877 4305
551 557
1037 2022
1008 3707
591 893
271 890
0 2395
868 2439
564 2891
1900 4133
957 3852
922 1137
1137 5719
990 4152
81 350
2815 3725
2668 3710
3837 4013
1393 2088
2891 5966
1137 5890
302 608
1108 2468
988 4318
3818 4305
0 3156
572 2688
365 2301
1137 5228
912 2286
1352 3557
1352 2777
366 1137
1591 2007
2380 6149
749 764
271 365
271 1778
3728 3859
564 1435
636 658
888 3879
2468 2615
365 1479
12 81
303 690
365 1257
2737 3886
977 2031
279 421
378 608
568 912
958 2749
962 972
400 657
797 958
1024 2030
271 523
271 1319
572 2074
957 3805
238 325
1042 4098
695 1884
238 308
2263 5094
377 4259
1006 4497
910 912
1872 2015
1900 4090
868 2254
0 2343
1079 5571
1212 5307
990 4116
1406 2173
271 2824
4267 4469
1059 2085
800 903
3792 3995
376 2765
1553 2397
365 5280
608 1811
138 6521
912 2235
2614 3517
848 913
1630 1664
1121 2988
2914 5906
0 2608
615 618
564 1480
271 5486
77 4319
611 5499
3131 5815
2903 5566
365 727
996 1043
365 2307
1130 1522
2638 3959
365 1229
833 3063
1130 2919
272 1982
680 2891
1024 3860
279 457
121 365
81 2299
2125 5186
59 912
138 257
1424 2392
0 290
365 1408
2125 2903
1012 1945
2063 3861
792 4549
764 3350
365 1553
2145 3187
72 1551
377 4287
2017 5741
1051 2873
2804 4129
228 238
21 5375
2888 3517
4491 5499
0 2307
2474 3542
1562 5747
271 5755
790 1137
2769 3711
1137 2872
272 1042
185 279
1108 1335
1335 2992
3187 3258
376 2682
18 145
1008 2715
2474 3227
1764 5919
1040 4262
2891 6410
385 1015
1600 4590
325 2285
143 680
2759 4159
1693 2468
249 279
1872 2696
1352 2690
271 1556
0 1051
365 3613
2173 2392
2678 4444
93 271
271 2385
236 281
747 774
279 2011
32 584
271 1883
385 3864
1624 1639
1614 3250
143 1181
1011 3779
271 5061
2012 3973
2706 5123
572 912
2545 2845
610 2091
85 365
912 3585
1894 4532
1370 3269
2044 4353
749 776
2516 5906
93 868
0 5078
764 767
3189 3258
1028 2022
180 920
3975 4377
365 3004
271 1420
957 4266
2069 2821
81 87
0 5475
2734 3792
914 4398
747 1130
271 5953
81 369
365 1357
4292 4412
1024 3797
1528 5543
1183 2235
2683 3890
783 2429
2714 2717
271 3057
2088 5070
271 6114
271 2150
365 5480
2627 4305
93 6309
1048 4412
1602 3327
1137 2545
1872 2668
624 1008
0 1492
1011 3856
1406 2430
1091 2891
271 5542
2739 4470
912 5329
271 1822
7 1792
3794 3980
846 3693
1357 2662
1952 2022
18 5906
559 2212
70 271
2125 2220
1235 4676
2039 3831
365 1318
410 5928
279 614
32 143
107 564
107 6488
833 926
81 145
1137 2012
551 556
3714 4040
2249 5815
1137 2581
2699 4430
271 2577
761 1117
1343 1693
2642 4236
271 6366
531 689
2891 5422
2966 3963
2828 2891
2222 2510
3801 3861
523 531
832 4181
4207 4227
1942 3891
365 2279
2510 5024
591 1137
365 2300
138 1268
385 4189
978 4148
2076 3736
788 1370
1950 1984
997 1900
990 6603
365 2334
2678 4394
591 2125
2479 2891
2700 2891
827 831
93 2341
279 420
138 1544
2433 2468
2891 5792
1011 2068
1872 4095
1111 1137
1872 2621
2392 3696
1200 3004
2404 2903
1067 3483
572 2075
792 4586
2891 5151
801 3716
2063 4001
584 5569
2407 3141
2891 6996
2468 2474
5020 6148
1013 3798
996 1924
3813 4370
783 2150
2088 2397
923 2022
2392 2476
1137 5746
572 2655
912 1352
1882 3907
271 2827
1571 3269
2436 2468
758 1656
333 611
271 2692
2891 6497
1137 2254
271 3630
365 2495
2707 5747
1008 2654
1137 6078
988 4259
0 1406
2012 4135
365 2272
4328 4461
747 785
1352 1981
641 2748
271 1745
1035 1892
985 2041
271 4979
4148 4269
1884 2706
743 4910
0 1210
971 4003
143 1065
365 905
99 1137
4119 4120
700 3881
2928 5106
797 897
1672 3187
1580 2468
271 6994
1010 6536
135 5538
81 840
967 2618
2742 2799
114 3856
803 2618
2063 3973
0 6973
1901 4257
261 358
914 4280
1777 2016
565 808
1547 6240
912 1430
1900 4063
110 143
2468 7062
1137 3474
2100 4245
4244 4322
783 5002
0 798
1137 5871
138 1352
272 376
3187 3261
2700 3910
1942 4201
2085 3290
747 3541
2742 3873
815 5499
523 680
1235 2468
1163 3252
0 6114
2704 3736
988 1035
2395 5496
2471 3675
365 2244
356 1137
385 3709
4234 4325
1942 1944
1108 2082
575 808
4077 4175
996 4302
888 4047
1176 1177
1782 6976
236 591
868 1320
1136 4677
81 795
564 912
0 6395
0 271
365 1635
1106 3675
257 2212
223 1137
2468 3186
1008 1901
271 3163
3597 6040
107 1093
564 3010
912 1635
0 45
3832 4174
1144 2872
2627 6611
783 2089
1872 1944
2125 5690
1243 2989
919 2478
1137 3035
747 3219
523 2125
365 6412
35 5815
1099 4674
81 1351
2891 6488
761 764
748 910
2668 4410
608 1901
271 2145
138 698
912 5541
1011 4410
13 143
0 6028
2137 3177
1163 4582
896 988
2451 3527
365 1138
2293 3531
3944 5499
271 3621
1073 1137
29 1211
1872 2699
358 1565
378 4227
358 5301
224 6546
376 3788
797 3822
785 6190
1872 4518
2699 6609
523 1406
4272 4470
272 3898
1137 1777
271 1229
1880 1895
116 3144
1352 3828
271 678
3041 3453
257 365
279 948
1008 1048
1764 2891
1137 2789
1553 6483
599 912
801 4057
2424 4966
868 2235
572 2740
583 2896
2468 4189
271 1797
2748 3792
1013 4200
1959 4035
3187 3189
271 312
1008 2724
3792 4212
2017 4289
138 868
0 3441
271 5238
3792 4099
271 2282
2298 2903
54 5065
523 833
1871 2664
1099 2891
1137 2460
990 6600
365 2333
3496 3621
1085 2749
365 2478
1212 5052
365 1255
356 4579
271 5007
1683 1685
143 1236
2545 2891
405 509
1352 1630
0 1201
1499 2426
1199 5401
4386 5569
832 3947
271 1366
2709 4245
783 3907
2085 2380
1067 6460
0 102
3714 4013
272 2479
764 774
2650 3886
271 856
1981 2697
827 2476
2891 3613
1166 1947
2017 2725
314 5316
1782 5954
957 4531
0 819
2636 4275
1137 2125
997 2789
2891 4040
1402 5020
271 2088
2468 3074
529 2034
1012 2647
998 4359
271 2137
138 1030
1137 2398
1136 1371
271 2254
912 5613
651 2660
1872 2613
747 1624
1524 1764
1137 3593
3138 5778
344 1008
145 257
960 2022
0 3408
356 3199
365 1227
1011 6548
2225 2772
2612 3783
138 271
93 6471
1900 3755
58 5205
365 1656
2085 3001
1320 6186
1137 1947
271 783
1048 4007
365 2106
365 6149
0 241
145 1528
2125 6167
2697 2748
5065 6297
1151 2891
783 2282
912 1205
4000 5499
0 1560
3187 3260
376 2684
1008 2717
133 238
0 5317
138 564
143 261
2891 6412
727 5094
417 2988
271 5177
2468 6586
277 868
378 2727
1357 2445
271 2338
912 2088
2392 3535
912 5044
378 2681
378 3956
1704 3235
3513 5156
331 2821
1921 4333
19 5816
2891 3457
68 1816
271 3697
783 3414
271 1994
1013 2627
988 3988
271 5063
912 1944
3953 4305
381 1553
2478 5911
54 6320
399 523
377 4494
912 3474
2554 2706
2012 3749
749 751
1137 3386
1130 2333
711 832
271 6231
2891 6943
747 5783
651 961
1035 1908
271 912
241 271
279 1137
1013 4322
0 3631
1533 2392
138 601
2626 3832
365 5333
2468 3275
1108 2435
1130 3527
17 2198
747 1397
1130 3414
608 2013
0 1319
2341 2614
0 5758
3811 4322
1961 4008
564 6122
1930 1941
0 1093
279 301
815 1871
0 1268
4389 6514
840 2260
2809 4461
764 3220
1243 5701
1137 6394
572 967
1388 4040
868 1406
271 5083
1506 3170
271 5759
912 1811
564 5078
507 1872
3121 3859
1006 4095
356 1672
2104 3665
2478 3096
1252 1338
271 6202
1406 5168
551 558
238 3699
676 1357
271 839
2646 2699
271 5644
403 2384
868 912
572 2741
3832 4045
279 498
1137 1165
2891 5553
2468 3849
3333 3339
25 5816
3187 3188
886 4382
4096 4097
369 1137
3849 4338
272 4365
81 6383
1011 4456
2795 3748
271 2293
271 5350
0 849
1010 3732
26 271
72 3053
271 1791
762 5257
271 2443
1137 7044
1872 4453
365 2477
764 1618
2180 6286
1893 2774
279 422
1040 2034
2780 3731
550 551
572 1003
4086 4305
1153 2088
107 3008
1352 3891
125 279
236 912
271 2161
358 5552
564 6395
107 3117
1137 1692
1343 2468
271 1312
272 3915
382 2301
271 5218
331 4319
2043 4466
2306 5906
912 1565
2043 2630
271 1478
521 523
271 3218
2468 3832
764 775
2088 2480
1881 3728
76 257
1212 2891
5094 5834
0 5421
271 6460
957 3885
365 3593
1137 1193
2774 4054
708 1004
747 910
2957 5930
1192 1419
1745 5487
680 1236
93 5038
322 325
2272 2304
365 2125
271 5205
2392 2969
2058 4046
897 2022
895 5177
1137 2350
365 579
1872 2614
145 375
574 2891
962 3954
404 523
1035 2039
2341 5305
1352 1942
1006 1942
272 1969
1067 1335
1741 4338
3506 4945
681 2468
365 6036
66 5020
912 1883
2043 2820
988 1006
576 1768
365 3029
271 7117
2706 3747
143 1406
365 3475
865 3790
985 2797
601 4444
378 3802
382 1942
2468 3683
1942 2689
365 2963
912 1319
143 241
2891 5608
2911 3118
783 2293
2614 2722
3187 3263
3792 4075
1137 1318
81 1792
1199 2425
912 1108
0 2882
1137 2280
2614 3565
314 3433
1695 4660
271 1553
2474 2891
271 5342
1137 4694
143 2407
271 2386
1099 1706
783 5333
120 5906
783 2203
365 1267
1404 1635
783 3068
3753 4305
5741 6217
868 1268
1893 2717
2468 2679
365 1343
1902 4200
819 5065
1959 4131
4192 5499
272 3792
4268 5499
912 3186
1406 2562
1108 2784
2341 5306
762 1648
1010 4350
0 257
143 1325
516 2661
365 3001
344 1892
1408 1739
1137 3410
2468 3728
279 2202
1893 2793
241 5506
797 2626
832 4415
912 1235
224 572
1137 2888
3832 4018
599 2891
1243 5491
93 912
584 6223
2891 6349
406 523
1739 5329
783 5611
1893 3948
1137 6123
1652 3357
990 4508
1177 1591
1421 2468
271 5261
783 5889
670 1137
365 523
365 2359
143 988
271 1803
1013 2820
1044 1872
1553 5042
356 4553
1013 2741
271 5045
81 2152
1035 4096
608 677
1137 6393
93 5028
689 868
797 1137
764 3076
2777 6598
833 1137
45 81
1528 2304
1782 3673
1010 4322
1975 2614
271 672
4170 4261
4038 4305
551 553
2891 5317
4344 4486
1745 2891
747 758
1081 1274
236 1137
1927 2641
572 2759
1137 3535
389 551
608 2067
747 788
909 5077
2557 5552
1799 3001
783 2386
4096 4098
271 314
271 1543
821 840
224 4215
3792 3793
1958 1988
1043 2468
0 6060
1942 2007
2395 5587
93 5096
912 1541
811 2706
680 912
912 5168
0 79
2737 3874
365 785
864 3984
81 566
988 4014
1963 4046
3502 5731
2867 2891
241 936
2157 5507
859 2330
2137 5595
1137 6518
611 679
1137 1683
673 5932
2891 6952
1137 3128
521 4194
271 6286
2108 2500
857 4638
572 2795
365 6320
868 3693
0 2474
365 3592
30 358
1137 1192
365 5242
365 1108
48 912
1970 2648
868 1550
0 2919
1335 2894
890 2794
2384 2891
584 5901
2085 3333
120 1137
486 636
925 2474
138 2988
1110 2441
912 2254
271 5317
410 3692
905 5678
143 2306
271 2425
622 4082
1024 2891
116 2515
2645 3947
914 3851
1575 1591
2286 2891
5714 6464
365 868
807 4382
2777 3729
279 453
868 1335
608 988
912 6385
868 2730
1057 1177
1352 1777
401 1241
1984 2468
271 1460
358 1185
407 523
271 5918
2468 3613
1872 3723
2085 2559
271 6370
868 2286
365 3675
138 833
659 2125
1148 2085
271 3479
2751 2793
747 988
0 785
0 2085
1745 3610
3187 3262
4930 6059
507 881
783 5752
1967 4301
3541 5301
2700 5499
2474 3001
2988 5906
783 5932
271 5337
3950 4313
564 2145
271 2397
1137 5305
3832 4205
0 1147
1551 3053
1081 5714
783 5635
377 3850
1348 2823
912 1904
608 777
271 1093
325 5059
1872 3883
1137 1738
1137 6126
3878 4193
271 825
2621 4354
271 591
272 4095
2377 3565
271 764
2205 2988
868 2988
2085 2306
1137 3409
376 4530
271 2224
2891 3670
912 1525
271 914
1006 2761
608 2056
1108 3572
1942 2722
2063 3768
1137 1255
777 1942
272 995
0 2450
1523 2510
2468 3863
747 3220
138 1012
572 1881
1971 2667
1335 2960
1018 3965
365 5331
766 3218
2093 2380
2085 3404
271 5151
138 697
81 5045
365 2635
277 2474
4176 6639
113 279
143 2468
591 1038
1352 2722
3826 4345
777 2019
271 2304
990 6611
1137 2518
1035 1872
1998 4188
1972 2019
5065 5171
365 1024
868 3517
1006 2012
68 2085
564 1186
2063 2721
271 1064
5094 5137
783 3621
2618 2803
1235 4680
271 1113
651 1045
1035 4321
1137 1782
1901 4164
1161 1251
2891 5239
358 4930
1872 1881
551 552
1033 4322
1137 3453
1872 2024
271 833
271 2589
700 3745
405 523
59 564
568 2891
608 2068
868 914
271 3422
272 975
641 4382
833 2107
271 2976
272 2818
1137 5812
1942 3908
2822 4153
700 4193
1370 2474
366 1961
0 5263
365 2151
1348 2420
306 5443
523 2614
313 5530
271 2404
1212 4953
1137 2449
71 271
2125 5606
2395 5699
2678 4239
279 416
3737 3848
1886 1959
608 834
1406 5165
271 1213
1137 4185
107 5966
399 6117
3924 4372
2891 5139
271 4428
912 3435
331 4305
2455 2891
1036 2668
93 2838
764 769
2137 2242
1358 2347
4040 6605
2699 4351
365 2789
810 4515
4385 5569
2741 3736
1137 3040
618 620
238 2120
894 1009
3973 4352
1130 1815
242 328
1984 4354
2100 2614
0 596
764 1640
365 5063
2795 3829
509 1199
271 2138
2752 5499
1137 2387
271 5207
1635 1664
747 1343
1885 4395
868 1901
2453 2468
1010 3766
271 2424
365 2413
231 2988
3918 3992
1137 1237
1035 1944
365 1079
1011 3818
279 452
749 910
1011 3739
4092 5391
1024 1872
1274 5386
3187 4638
271 1169
1358 2891
1894 4380
272 572
1585 1698
93 5239
2104 3595
1871 1872
5392 6961
271 667
3745 3832
3563 7062
81 110
996 1956
859 2532
2392 2444
3880 4006
751 910
572 2687
1113 1137
912 1192
0 5161
271 3095
1035 3719
1564 2891
365 3853
914 1981
507 880
271 381
783 5641
957 1902
1243 1961
46 1591
4040 4249
1136 4739
365 2095
365 5392
604 1172
1108 2376
912 5580
271 5336
143 523
2683 4227
0 2577
365 2385
523 1051
909 2297
2614 3772
2359 6099
0 5811
564 3700
365 1051
3870 4030
1942 2474
868 2665
572 3728
1909 4482
1942 2053
1137 1656
46 2088
868 1492
1160 2533
272 3794
769 1659
271 2468
1137 1882
107 591
912 6253
271 6179
995 4321
365 1776
238 262
1343 1815
1192 3143
2007 3945
34 81
116 564
0 5496
564 5257
271 2729
1553 3273
1062 1063
365 5185
138 2224
100 822
2744 4254
230 988
654 3986
144 2395
331 347
1137 5242
1022 2791
143 568
143 2516
271 2307
3252 4583
14 271
406 3613
238 3433
783 2989
996 4488
0 1112
868 1051
271 3617
1944 4121
2056 5747
365 811
271 3670
279 415
138 1553
1438 1486
2022 4156
1132 2343
376 3792
145 607
271 1067
332 1035
0 4969
975 3726
2304 6304
271 1112
279 637
279 430
365 2826
293 4382
1108 1325
271 674
271 1406
2472 5747
551 555
844 1591
20 81
260 1600
2085 2341
985 1023
1702 2474
365 3473
2891 5460
271 5641
257 1137
2223 5608
81 940
271 5935
833 2106
0 2286
1008 1012
3824 3918
1981 5906
1008 2615
0 2828
365 2150
797 1997
3845 4099
0 3003
271 5347
1562 1942
271 2407
1782 3549
625 3831
1320 2160
271 5392
1137 6952
783 6392
143 1115
365 2474
271 4890
138 1954
365 783
2468 4461
1192 2408
1551 5906
376 3820
236 636
1571 2468
93 2385
5731 6071
912 6295
358 5559
1137 4013
890 3916
271 529
365 1430
890 4120
2510 3569
271 1325
401 856
272 608
143 1383
1942 2974
1024 3926
1872 2005
583 1130
143 1541
0 3649
267 517
3 5815
401 523
539 1137
730 944
272 4159
618 621
1137 1343
639 810
700 958
1008 2756
271 2100
365 2954
764 1641
868 1695
271 2213
3621 3660
608 1944
597 2384
365 576
271 2427
1323 2474
1351 1792
271 5492
1798 2988
1894 4305
1177 1534
868 1235
365 2446
564 5980
1031 1872
1568 2408
279 455
1492 5207
890 4442
1872 4194
3926 4324
2468 2476
747 1944
271 1168
539 3001
572 2100
581 2210
1325 2891
1104 1105
271 1462
2425 5401
0 70
912 1419
1137 5445
271 2644
3517 5460
2709 3752
1942 2692
1536 2392
0 868
2307 2468
271 3473
1116 1541
1051 3632
990 4346
46 1370
279 1359
1274 1464
1942 4194
2194 2988
271 6036
507 883
143 257
382 3845
2030 2742
365 2094
365 5391
5303 7644
314 3559
572 3783
891 4463
1044 4311
365 2384
0 5637
236 279
238 3389
2382 5059
2891 6157
1876 6555
1335 5585
2776 4153
1883 1942
271 6924
2744 2771
271 1268
783 1469
1008 1811
244 365
2088 2157
564 5492
572 611
1547 3453
2836 2940
107 1080
2891 6931
271 2619
611 4129
1034 2002
680 2439
271 3396
2516 5443
1764 3541
81 5496
1421 3687
680 1137
1137 1479
372 1009
1395 2107
409 1070
958 3858
2705 4308
1357 3848
130 358
4207 4536
783 3029
2516 3645
1352 2611
93 365
1130 1312
61 271
365 1133
611 2669
1981 4694
777 2474
271 3665
2037 4046
1653 1718
833 2891
145 606
1791 5391
2891 5818
551 4319
1137 5043
0 3130
271 572
2150 3673
868 2818
833 912
271 6150
378 1035
551 554
1137 2575
1690 3375
1137 1959
271 6436
271 1008
1130 1567
365 3617
2891 6173
116 712
833 2105
3734 6518
3768 3973
365 5156
895 2991
912 1024
1008 1013
3300 4545
618 808
833 5347
2903 3568
1252 1779
1178 1274
1522 2478
1130 6382
834 4008
3845 4098
572 3864
271 2348
2890 2891
3859 4004
2468 6477
358 2232
912 2478
2474 6217
564 675
1137 3680
1011 4155
783 4100
1035 2692
279 418
145 570
1357 2965
0 3479
154 2516
120 358
143 1088
1022 3786
145 868
1008 3760
689 2891
1010 6641
365 3410
3763 4170
912 1553
271 1474
957 4332
350 2928
1090 1115
747 868
912 1343
325 5682
0 5584
30 357
912 1358
972 2690
1888 2618
912 1245
228 309
308 365
1335 2891
1137 2240
271 5152
890 2793
293 2748
1137 2385
271 5201
785 2024
2635 4319
0 2968
3333 5906
584 1170
745 6008
271 2426
1507 2392
138 1893
1199 6935
302 2468
269 2341
2018 4003
1137 3596
143 785
783 6476
2784 4416
271 3608
365 2445
2468 2642
2341 2348
1526 3593
1160 2172
912 1969
75 1137
244 2392
271 3520
383 2510
1051 6099
143 2928
572 1437
2125 2896
365 3025
1959 2622
271 5018
3593 5049
1370 4722
10 81
3935 5499
81 108
564 591
0 246
1782 2829
0 3630
1348 3607
365 1981
2891 5612
2114 2837
271 2933
625 4482
272 377
1315 2384
608 1768
1008 2706
591 785
2098 2114
2392 2907
915 2891
138 1108
2358 2891
80 2891
143 2125
2891 4292
1137 2429
2719 3771
366 3989
2614 3004
365 2238
1137 2510
271 5338
912 5857
608 1044
783 2891
1137 5391
1397 5998
1041 2793
868 1264
564 1225
365 2562
143 2891
523 1352
3859 6663
2694 4057
1137 6306
272 3796
271 584
957 3757
1602 1698
271 3120
2474 4895
1081 1137
2286 2961
1041 3927
4305 6528
271 2618
1100 2497
138 145
378 3834
271 6339
957 4116
400 1180
272 2683
1909 3845
1041 1357
0 833
783 5336
33 143
1137 1397
1900 4319
56 2988
2988 3421
1421 6287
671 1041
3924 5499
1137 3227
833 5303
331 349
1067 2250
3908 4357
0 5747
365 2227
2474 6226
271 1766
365 5652
375 1798
5065 5543
271 1815
2125 5456
1872 2689
1101 1137
271 3664
1108 2850
107 6306
1137 5042
954 5499
271 7011
223 4319
844 1698
302 4319
2239 2242
377 6514
1635 3210
3763 4209
1108 3558
2088 2521
3687 5670
271 5643
957 4152
912 1492
1382 1729
868 925
1001 1984
0 5621
2033 3721
1137 3525
1011 2715
2145 2962
914 4508
1357 5000
0 2531
0 988
833 2104
1881 2019
3736 3823
958 4028
1942 4042
271 2115
1947 4301
3845 4097
143 2437
365 2293
641 4319
271 5357
3875 5741
572 3720
745 912
2125 7038
747 1650
1234 1364
365 747
302 1872
868 1081
365 2472
1335 2395
2687 3809
1469 1553
271 1944
0 3577
272 3710
279 445
564 1153
2742 4509
356 4728
2618 2706
2172 2468
1875 1904
1130 6100
750 910
3185 3290
376 6574
1704 2891
399 511
523 5142
564 5038
0 1553
3871 3949
760 3220
1419 2417
1872 2007
365 6171
591 617
0 2478
0 5585
3832 4078
81 3290
2545 4965
618 619
2468 3203
868 2474
242 327
988 4500
523 564
271 6066
4470 5094
507 873
0 599
3529 5543
1008 2758
912 5829
316 2516
572 3918
138 1024
2891 3116
2891 3154
0 1397
518 523
993 1872
2468 3566
271 5313
365 574
317 827
2173 2365
115 2928
783 6366
680 2581
271 2538
314 2118
2137 5052
608 4442
890 2077
81 2914
271 3720
1335 5583
279 449
377 4510
271 1133
225 279
835 1610
912 3613
345 986
981 2468
4100 4514
3875 5177
272 575
143 1492
1137 1804
1130 3703
402 533
1002 2750
376 1010
833 2468
1071 2022
81 99
1137 2774
1782 3436
1906 3839
271 6382
259 834
572 2699
747 835
331 344
2063 4104
385 700
81 269
271 5872
1022 2022
2238 3541
2809 4040
2145 2891
1889 4350
564 1904
1137 1450
1130 3565
1024 4420
5 302
2350 3144
1357 5123
1695 4659
4040 4331
4582 4586
271 1564
564 1541
1137 2514
3802 3862
1969 4038
564 1460
2478 3035
74 116
81 2988
957 2627
331 623
271 2510
1469 2863
1782 6329
641 982
1137 6215
75 610
2147 2891
890 1893
2554 2891
5025 5065
3466 6458
2652 4396
1335 5587
834 1916
1900 3997
0 3152
3944 3986
143 6231
1012 3770
271 1270
1525 2235
730 2085
2709 4059
749 750
143 1320
271 1383
2709 4311
1872 3804
326 5684
0 36
2085 2437
1130 5201
1160 1387
0 1122
868 2333
272 2699
138 1008
1137 1396
572 2692
271 2888
2005 6636
747 3353
1160 3145
272 2678
3908 4305
271 6122
3034 3167
0 2851
2696 3792
238 2295
365 5472
636 818
958 2007
783 5791
4469 6571
1087 1662
1320 5252
116 1549
356 2468
271 2493
1048 2817
271 5550
358 7657
379 2799
981 2002
2088 2575
2615 3780
365 1165
272 3746
890 1768
1130 5742
1160 2436
272 3889
138 382
976 4100
271 574
2056 2707
1033 2795
365 1600
271 1403
377 6513
1764 4226
912 3218
747 749
811 2468
1388 4283
783 891
572 2780
1008 4322
4196 5499
832 1992
241 6032
917 2168
577 2828
1137 1159
581 1108
912 2474
2676 4072
1137 2266
709 833
143 379
271 2114
1137 6026
155 409
636 854
3845 4096
572 3866
365 5589
312 539
278 304
859 3559
83 2988
1942 2024
749 755
271 1733
271 2449
1035 1904
349 1969
1965 4226
912 6372
2448 5078
529 2468
267 271
373 2988
2007 2756
988 4011
279 444
1031 2046
2254 2836
120 143
4440 4525
1008 1998
572 2067
1024 1942
764 3339
1137 2648
747 2836
1764 5635
2707 4533
1032 4471
1137 2392
0 236
1157 1172
93 3575
2004 2623
271 6458
143 155
1274 3573
257 3692
385 599
0 5586
868 1883
0 2988
1048 3743
81 6185
271 5900
271 3083
868 2468
507 872
2668 3818
868 1547
1893 3934
2088 5006
2786 3965
912 2341
601 2680
2706 4186
743 5710
365 2264
1137 2336
271 2372
2436 5748
271 5489
107 138
4041 5499
988 1885
392 6603
227 565
1959 1983
1136 1679
1008 2066
1030 3781
69 107
1357 5683
38 1093
1006 1035
1891 3779
1872 3908
1008 1947
641 4061
2891 6973
1883 3776
3881 3947
2468 2706
271 1459
0 3684
372 615
785 912
3947 4048
895 4509
686 688
0 5391
2891 5480
1137 2871
2063 3792
272 1035
2100 4108
259 611
2474 3313
100 143
868 5168
413 1782
2665 2891
1008 2708
988 4473
783 2449
138 1942
0 564
608 1881
0 675
271 2234
107 2084
271 5303
1695 4658
2646 3727
271 2347
1137 2508
1108 2235
378 4501
271 2392
1137 3677
271 5461
351 611
1352 1872
1137 3630
783 3066
4351 4424
5731 5906
2679 3832
1506 2436
1335 5586
279 484
139 145
272 3798
2365 5102
868 2891
272 2225
516 7663
133 3001
1607 3310
523 1335
365 1155
957 6613
2891 5779
313 2382
564 5350
581 1373
2392 2557
359 1137
86 936
783 5338
846 918
1161 2938
271 2891
887 1984
356 2145
3826 5741
272 4166
912 2526
235 565
1591 2114
1327 5020
143 358
365 5471
1008 1011
1096 2510
272 4535
271 5259
903 1922
116 1550
378 2613
138 2800
988 1942
1799 2468
1137 5464
1921 3946
365 1130
2614 3855
1035 2717
1804 3588
579 1137
2694 2822
518 1052
783 904
1137 6476
4191 4501
400 574
0 1944
572 2056
358 365
385 1987
271 6147
365 1744
376 4452
868 2125
382 2474
1051 2891
909 3177
747 748
1264 1490
996 2025
1159 3041
1137 2717
3121 3792
93 1339
1335 3577
135 2510
68 81
521 4088
314 3174
833 2110
2474 3273
825 2155
138 1130
912 2377
787 5543
1051 5042
143 747
379 4382
785 5005
1137 2363
1352 2755
107 5480
365 2180
813 4382
747 1652
4148 5499
1048 4518
1492 2194
868 1108
271 2448
2716 4100
2 81
365 2615
279 447
377 2073
907 4986
1585 3203
81 953
785 2875
651 3981
1024 4086
0 5112
783 1345
5080 5731
2891 6073
2043 6582
0 26
572 695
912 3004
868 2145
271 1487
834 6522
1335 3647
808 3720
0 3653
238 5536
651 782
657 1137
2733 3999
271 3513
1137 2826
651 671
271 5790
912 925
5699 5906
0 2143
277 1489
271 5903
958 4047
0 2254
507 875
912 1135
749 1663
1893 3933
272 4305
299 551
138 747
3792 4168
2753 3748
2319 5660
271 5202
2392 3404
365 2263
2036 2709
289 1051
1352 2815
572 3758
1137 2480
2688 5499
1137 5472
2474 5459
1160 3119
53 912
1137 5617
754 910
584 1361
400 856
271 1135
1011 3742
1547 6123
2671 2729
0 1600
608 2709
834 4070
1915 4305
2478 5053
0 2333
759 761
271 3436
4040 6638
783 5313
909 4998
134 279
365 2828
1137 1358
572 1971
143 1084
957 1927
2007 4084
2891 6327
589 2216
1871 4484
859 3170
990 4376
143 269
272 1322
1942 4305
1136 1248
2789 6586
539 2085
572 3948
365 2090
365 7011
271 1566
377 1901
1872 2682
564 4539
365 2380
1782 4984
141 143
0 1137
365 689
2468 2786
271 5573
980 3918
868 1346
271 5071
138 344
1035 2991
145 912
2052 2814
402 3073
81 786
801 3705
4181 6524
564 5569
365 3206
1008 1894
2022 4073
2235 3470
100 360
2891 6935
5024 5608
4251 6528
909 4953
3978 5094
0 3597
1137 1177
747 3210
1902 3792
4201 5391
0 1011
365 5180
271 5959
179 279
1008 2737
2662 2706
2710 3832
5045 6153
1424 5559
3517 6252
365 5470
365 5002
377 4312
988 1137
2054 2699
228 2330
711 885
0 1343
1881 2991
3997 4261
990 6613
868 1969
271 2495
1942 1981
2104 6150
743 5003
868 1024
626 3735
2891 2929
568 778
3722 5499
912 5210
271 5042
143 2665
271 1078
257 523
1872 3966
909 912
529 4428
279 632
2468 2891
563 565
271 568
940 953
2043 6573
0 6352
396 523
2392 5921
0 1544
81 143
365 2966
896 1946
1137 2563
0 2
2614 4286
2627 6582
764 2614
2845 2891
2043 2704
2614 4453
2771 2774
2891 5592
912 1382
2565 2891
138 2254
572 1915
2365 3427
833 2109
1012 2773
564 4927
868 1553
1942 4142
4040 4167
1635 1642
1024 4460
914 1872
271 2301
2891 3218
2007 3187
0 2607
271 5407
2510 2959
311 314
114 808
1137 3684
0 5825
2891 6240
610 2249
2286 5938
279 329
1335 6924
1005 4097
279 446
1406 3427
272 2012
3886 4000
344 682
271 1211
783 2341
985 4254
272 3871
1499 2421
138 272
1942 2225
0 6157
2891 6362
551 740
888 3822
1137 1893
1871 3807
2891 6385
3832 4128
575 1984
1335 3646
600 808
591 618
1137 3564
2707 3821
272 914
143 1969
5731 6008
93 2610
1492 6261
1901 3898
912 1346
271 2845
272 2773
764 1664
990 4242
912 1233
1137 2155
913 2145
1211 1456
507 874
331 2516
271 2099
912 2343
1106 2510
783 5792
1872 2816
1136 1364
1069 1108
271 1541
1152 4925
912 1130
2779 3832
3095 6184
1792 2891
74 5815
1137 3584
169 279
912 4975
564 1792
365 1218
365 1006
1067 2882
279 450
1352 4040
1600 4604
2412 5923
834 1926
2476 3559
271 1183
905 1137
551 648
1031 4014
352 1792
271 1469
792 1612
2359 2392
1044 2049
407 1058
912 2224
1777 2614
2468 5168
0 3618
681 1698
223 303
572 4372
81 3131
138 1406
271 5986
224 4473
1137 1335
2651 3833
1335 2874
1137 1455
608 1883
272 4414
3917 4370
783 5764
271 5297
271 1561
1872 2683
143 595
271 2394
2637 4055
988 7703
2678 4456
2891 3512
1624 4598
72 912
749 756
365 833
3517 5756
978 5499
378 572
236 562
2007 2702
365 1335
2891 5986
1889 5499
2007 6580
551 735
912 6356
1897 4005
2088 5296
0 5025
1352 3778
1137 1884
2007 4209
271 596
2043 3994
621 808
1650 3218
271 709
564 5489
1137 2662
1871 1955
23 81
912 2836
271 5683
325 1053
2392 2559
92 1635
146 2988
365 3640
2891 5439
2709 3799
1914 2795
3832 4026
271 3568
2709 4009
231 1137
3826 4031
165 279
596 2545
1092 1438
104 1667
1137 2891
2084 3593
564 2495
365 2172
2891 3096
3977 4193
1137 2333
3720 3765
747 1533
2891 3398
745 841
868 3541
271 1811
279 292
365 5793
135 1344
2991 4185
2891 5664
365 5938
807 4319
3802 4305
1764 2474
1343 1405
1137 1566
66 365
272 2048
1390 2563
358 400
497 636
48 66
579 2437
271 680
564 5542
1024 3904
564 5461
271 1525
1872 3771
271 846
271 6435
783 5259
271 6013
912 1383
271 2872
1137 5852
3846 4096
833 2108
3801 3938
523 524
66 81
3187 3199
0 591
271 3038
365 5084
71 81
271 5240
1348 2419
0 3158
747 1352
680 747
143 2433
81 1122
135 1137
1900 6575
271 2413
365 5731
271 6932
1035 1909
608 4291
365 1100
344 4422
365 2468
1067 6109
20 584
0 1193
365 777
2709 2772
890 4416
1553 2891
995 1035
1602 2145
2104 5241
46 271
769 3334
1130 2089
700 3864
1207 5982
365 2903
271 6979
1343 2479
1201 2498
2091 5816
564 850
378 4077
991 2737
1008 1872
2088 5143
271 6241
955 2756
914 4171
2891 3074
1976 2706
992 1871
575 1872
2074 2780
3832 3971
0 1352
81 5529
697 1942
365 3584
2891 5575
271 4917
271 2844
2286 4890
2468 3926
1343 5313
3736 3792
1035 3728
1335 3025
2709 4065
271 6078
507 877
271 358
271 5167
4401 4402
1136 1222
100 564
331 2468
1897 2753
912 2886
2137 6162
1130 5115
271 1540
2439 2614
302 1942
1137 2341
314 1160
365 5703
107 2395
1239 2828
584 1254
747 1618
813 4319
1472 2237
3420 5336
107 1137
382 6562
2173 2474
518 5728
2468 2655
279 477
5731 5960
608 869
868 1343
365 1507
3273 3330
93 788
271 7079
2125 2891
365 3020
365 1541
238 365
0 1777
271 785
143 1782
1872 2811
990 1322
783 5202
271 3438
1811 1972
1137 1267
0 890
81 257
913 1622
272 1038
382 1913
1585 2468
834 2716
2891 6313
271 3041
143 271
572 3950
2104 5783
1040 4462
1959 4029
1264 1670
1553 2374
1942 3792
3041 5188
3010 6029
2306 2341
2468 2717
1352 2668
271 2506
1070 1318
1872 2714
271 3659
764 3210
2407 3693
1726 3187
783 4377
3290 4648
551 734
758 3218
271 1266
785 6029
116 143
271 599
865 3952
680 2240
272 4087
1871 3809
378 3877
0 393
868 2132
1872 3792
909 3138
1137 3401
271 6233
768 910
2652 2807
1137 1421
1160 2600
1012 6598
888 1352
1266 2085
365 924
2451 2614
271 3571
2618 4076
572 1873
783 5460
1135 2474
568 2468
138 591
69 825
1137 1529
2844 3565
568 868
365 5000
608 2007
46 2891
522 523
1137 2332
1874 2771
2474 2836
1137 5324
365 5758
69 2113
271 5381
378 4532
777 1908
379 4181
271 5546
93 2468
2474 2614
1352 1355
910 1663
1051 2451
783 868
1031 1942
271 6977
1692 1694
891 1985
101 2891
2137 3634
1137 2286
272 349
143 1130
1872 3855
1900 1962
0 5006
1137 3083
232 271
81 5266
257 2891
271 728
312 5530
30 81
271 6333
0 4
365 3466
271 2238
46 1099
764 868
138 1081
1335 3578
747 783
272 967
2891 5547
0 5241
138 912
3258 3261
400 5038
2047 2652
962 1872
1137 5949
1591 1687
2384 2904
3427 5060
1137 2223
3875 4377
377 2756
546 5906
271 2303
365 2288
608 5094
2784 3792
271 5352
1397 2067
1421 5429
271 2412
365 2177
747 1641
257 591
365 2322
1137 5497
263 3421
365 1099
1240 3593
2928 4970
377 3929
564 3627
697 1166
272 1871
3517 6051
271 3763
24 116
279 440
1350 2392
72 135
1455 3187
2005 3756
833 1108
625 2767
356 1735
1893 4319
271 6978
787 1115
1872 3706
238 4910
955 2646
1986 4469
848 2145
3918 4513
3509 5791
271 1480
1411 2323
949 1137
372 702
572 2785
917 5049
1811 1942
1137 1191
349 1035
376 2667
993 1048
143 3693
228 307
227 1984
2872 3451
549 551
289 401
868 1591
271 5166
2778 3769
762 3218
2007 3891
60 1211
572 3915
1406 1410
1536 5361
747 1335
2150 4981
1797 3490
238 2957
747 1621
145 365
271 2545
781 1900
143 5815
3235 3329
2468 2648
2822 5499
365 1216
271 2043
1177 1392
365 6137
261 5906
5342 5928
143 1085
138 626
1024 4261
2377 2451
983 985
1185 3490
107 1335
0 5063
107 2871
30 143
379 571
912 1764
354 4319
3517 5515
2709 4286
2080 2468
271 6212
752 910
377 4055
0 93
1236 3408
93 3494
1008 4319
68 868
365 6394
272 865
783 4969
1137 3470
2392 2452
272 1008
1988 4119
1110 5710
680 1067
912 5783
1499 3498
4040 4146
1137 1453
271 5122
365 5027
1137 5998
365 5344
1011 4394
914 1942
365 2232
2676 3778
72 3008
1670 1728
1406 6097
868 1944
885 2022
124 2988
1137 3665
120 121
868 1135
14 5906
1137 3618
783 3014
599 1406
1348 2824
143 3004
2699 6561
523 1358
856 2293
1137 5000
271 6933
272 385
912 6358
564 868
2389 2904
1352 3780
2891 6032
1893 2640
143 1335
1635 3220
968 1933
5205 5906
1137 3081
46 913
285 423
272 3995
2145 3186
912 2838
271 6345
365 6366
1008 3883
625 4422
3819 4350
357 358
344 345
957 4449
912 1051
1177 1569
2085 3573
608 2024
1067 2227
271 2202
1602 3312
365 5612
2991 4064
591 1158
747 2100
377 2742
1067 2129
1019 6683
326 3645
957 2705
3613 3614
378 892
0 1104
279 294
2891 3494
365 1271
2125 2254
1873 2751
2889 3517
365 1160
1137 5083
1872 3953
2809 4331
622 1872
868 2692
2891 5888
271 517
2218 5572
1343 4142
2700 4268
2365 2891
0 1547
385 1991
0 46
1004 1942
564 3131
365 3576
2614 2665
1901 1942
1942 2772
1251 1357
1137 5697
2468 4013
1042 1872
783 5434
1137 3059
2015 4072
2088 6356
523 526
783 2468
896 1352
1987 2776
271 6101
365 5439
572 1998
1872 2705
60 279
365 596
747 1640
97 143
271 2460
365 2321
2474 5499
241 3496
271 3597
3210 3211
4000 4468
623 1035
81 2936
279 443
271 5025
686 3499
70 356
399 694
761 3339
365 920
2700 4466
1499 2422
551 737
365 1422
30 7657
365 3046
1872 3707
912 3541
1695 4601
365 1567
912 1544
1229 2068
81 394
2891 3593
700 4425
69 1401
0 2468
1268 2085
26 912
2654 2808
1027 1048
1108 1405
0 783
405 1084
2468 4657
1137 2975
572 4322
412 1984
1928 1936
138 1320
228 316
271 6072
507 879
0 2929
271 5161
990 4531
912 2437
2125 3117
365 5411
1011 4433
272 3776
992 4130
2646 4099
365 568
377 1990
2150 5913
385 3741
279 436
271 5613
4016 5499
2678 4274
2703 2706
1013 2675
279 479
17 257
3187 4728
36 2988
1893 2624
784 2510
2890 3517
238 6461
565 1043
762 1635
377 4160
912 1081
314 2436
377 4207
976 1357
365 1539
1008 1918
271 1470
1998 3718
2412 2482
46 1652
271 2607
93 5071
564 598
1764 6067
611 4109
402 817
365 3665
1274 2891
868 2407
394 2928
1343 2838
1541 2903
271 5999
2809 3812
3768 3815
1184 2260
1217 1371
5281 5327
445 2988
2617 5499
747 1268
1352 3026
1137 1452
143 2085
1380 1792
4148 6551
783 2573
271 2177
1137 5205
808 5906
590 1192
271 2358
271 5411
1921 2468
1219 3509
19 610
1921 3841
355 2254
279 285
1137 3617
2891 3517
271 1961
1764 2082
107 5714
518 2307
2220 5134
868 1358
1251 2142
700 3923
1872 4166
365 2700
1942 2676
0 6233
564 3330
0 365
1012 3712
2891 6132
1782 5547
93 743
271 3129
271 4382
238 271
271 6235
107 868
271 887
54 365
517 523
868 2085
271 2563
365 3492
761 1107
1031 3778
912 1406
572 2044
747 3130
1767 2117
912 985
131 2395
783 5462
40 5815
1048 3804
55 2988
365 2502
143 365
271 2164
912 2402
1635 1650
93 2438
4433 6611
93 6184
1011 3953
1029 1906
365 5762
3517 5819
868 1981
834 1545
271 5556
1942 1969
6252 6489
58 2891
365 1270
1130 2846
272 1893
2468 4466
868 2614
676 3521
1172 2510
675 2286
2759 5499
365 2928
2377 2474
868 2836
1137 4100
572 2053
988 3730
64 576
279 442
1110 4908
107 546
1553 2591
271 6158
271 1526
890 1049
666 1782
138 783
271 4132
747 769
518 2742
1212 1357
1191 5391
3258 3259
1137 5794
1008 4437
386 551
1010 2051
4168 4330
2005 3727
516 521
271 5189
366 4069
365 2286
988 4188
271 5354
138 572
1472 2085
2793 3972
2627 3728
1441 1602
783 6339
2392 5115
279 1495
2468 2775
4209 5741
271 3596
764 1137
2618 6627
1160 2120
77 1938
4305 4492
107 2607
783 1198
783 890
3828 5741
0 1883
257 2988
162 279
1010 1011
551 736
1909 1910
608 3389
76 2988
2891 6076
271 1445
2678 2719
143 3130
1663 3333
1051 5643
271 6291
1882 4147
1893 1960
0 2358
1137 2748
990 4212
158 279
912 1335
0 145
564 5194
912 914
1346 1759
783 5856
272 4136
1137 2974
1061 1108
138 2286
1900 4382
2435 2468
2104 3330
271 2220
138 1035
3720 3809
868 1815
608 1024
1981 3475
1904 4060
729 1984
0 1130
365 712
575 981
365 5845
572 3983
365 1069
1137 6236
271 3680
2468 4411
120 868
3818 6548
564 5925
747 2474
143 1087
271 1130
2056 2675
1893 2639
271 4023
365 2872
1080 1137
138 304
895 1872
1895 4181
93 642
271 4357
564 5529
2678 2811
362 564
81 100
2468 5488
271 3435
1223 3185
271 6500
728 5504
272 1010
2611 2709
609 808
1923 2717
564 4940
271 3042
120 2341
269 2085
272 4402
1130 6303
271 988
868 3144
271 2176
365 2085
1022 2801
1547 5617
5816 5906
2891 6215
2286 5260
564 1459
107 108
398 523
793 1343
365 5817
2341 2407
764 3862
271 3652
271 5029
564 1233
1882 6521
783 1137
2618 6555
0 3512
1942 2067
1944 2008
2444 2891
272 372
2437 2614
2510 3092
2123 5260
0 4918
572 790
2891 6135
0 5029
271 7044
1130 2559
2638 4159
365 1766
1130 2318
44 143
651 1020
81 5205
2145 2589
385 608
1137 5723
1872 2545
2085 2665
583 3470
272 990
912 2614
2872 6483
2085 2891
41 5045
1177 1575
238 827
1008 2742
26 747
1618 3218
0 2874
331 341
331 1977
2891 3309
365 6978
382 608
271 2325
864 4134
325 2516
271 1774
3517 5818
1352 2019
2468 2748
143 5496
700 1879
271 3627
314 1342
314 2169
2123 5194
271 3672
4305 4519
890 4149
0 1904
1137 3886
2648 4137
1591 3923
271 1186
272 2052
272 3880
3792 6556
1600 1696
0 6357
1137 1916
3975 4466
2085 2394
81 2468
331 5906
0 104
868 2123
1906 3759
912 1469
2297 2893
1137 4598
2709 4453
2324 5860
93 1137
1160 2902
1015 2658
2891 6164
2891 4984
4040 4462
747 913
1095 2863
572 1904
1137 2114
1900 4426
1147 2089
2474 3138
1011 6578
153 2988
271 2123
70 783
622 808
1343 3565
2468 6518
0 2596
1137 5357
783 3150
0 5719
2114 4925
365 2319
1026 1900
2272 3005
524 789
1041 2729
700 2026
859 5894
496 636
81 546
279 437
2476 3433
418 2988
1541 1746
377 6546
865 4051
783 1359
551 739
365 1420
271 1335
271 1444
576 1544
2085 2430
859 2295
107 1130
0 116
2775 2891
1872 3739
271 6290
271 942
912 1320
2478 5222
271 3463
372 808
2614 2709
47 1013
271 2526
2220 2286
2700 3872
912 5341
81 1184
988 2620
1438 2122
998 2765
403 523
1942 4286
747 1320
958 1942
0 2961
625 1322
277 564
599 1137
1137 2474
2891 5660
783 2942
1133 2309
747 1622
996 2775
271 3466
271 2546
914 3967
0 5794
2478 2614
3763 3943
1011 4239
365 1213
272 1966
1745 3506
5731 5964
365 1358
143 1086
680 3018
1893 2638
271 6962
34 271
1184 1185
365 2871
1872 4042
551 647
1607 3186
7 81
271 7120
868 3004
1011 6527
1051 2968
156 4040
957 4398
823 832
1909 3719
81 610
271 6390
1166 4414
291 1984
3832 4003
669 1591
81 261
4286 5391
3922 3948
3876 4261
753 1663
1406 1904
485 636
3273 4569
1008 2699
2094 5543
1900 2790
0 523
608 1872
143 1050
783 5650
2828 5320
1782 3441
365 5381
100 635
1901 4450
2135 5094
747 2125
107 2474
394 1137
783 2602
1137 3670
68 143
116 2107
868 1130
1035 1969
47 2007
834 4106
2095 2891
1878 1896
2678 6560
271 2008
1011 3795
168 279
2679 3825
3557 5164
275 4110
2392 5165
1137 5005
2648 6569
271 6934
1553 2976
356 1690
808 3993
365 2988
81 2306
392 551
747 761
1137 1969
0 60
1325 2614
529 4262
1782 5370
1259 1779
1406 2138
1388 4461
81 1981
1251 2891
1130 5499
271 2896
756 910
2047 2468
331 2306
1246 2384
1013 3994
998 2618
110 1782
868 1738
365 5464
1904 1988
271 712
1040 2796
271 1656
988 2046
271 2324
1237 2891
1137 2529
1942 1988
365 766
1745 3151
2344 5731
1210 1422
276 2392
236 365
257 912
2051 2667
4505 5499
591 2286
331 2988
0 1218
764 1502
377 2054
1872 3956
1137 1553
2618 4475
1764 2342
2784 4207
598 912
912 6197
0 4023
1669 3330
365 4320
5065 6407
1137 1907
912 6212
697 4391
24 5815
1137 2565
1187 2304
2007 2114
912 2933
1335 3649
886 4319
808 986
912 2692
2699 4188
4040 6680
271 2823
1803 2392
271 5936
747 912
2777 3952
2341 5916
808 2468
955 956
572 4159
2125 6274
2787 3765
122 228
52 783
753 910
365 2284
419 2988
356 2545
331 2717
147 610
912 2334
271 1741
0 2772
1944 4305
300 551
365 5871
107 2307
1011 4101
344 995
3217 3350
271 1906
1051 2498
271 4975
599 3998
1321 1864
868 1201
0 4305
1235 4739
365 917
2621 4220
783 3506
783 1241
3845 3846
399 544
0 5119
912 1901
2057 2618
335 611
271 3187
3779 3889
271 824
271 1492
271 3296
1223 4661
909 1394
271 937
2516 5295
572 2808
272 2748
1044 2377
5027 6182
2664 5499
2341 6366
154 1110
19 143
564 1893
1900 2691
2891 6417
1137 6109
988 4380
1959 3847
271 5162
700 4232
1108 1137
859 3389
0 1358
271 2271
365 5553
0 1533
572 3749
271 4176
868 1544
365 1137
1764 2234
2891 3474
93 2260
365 1067
156 4319
1252 3593
3517 5305
1352 4046
2891 6137
608 890
143 1081
1893 2637
928 1137
1562 2056
758 3211
87 2085
551 646
2389 5608
382 2059
17 2988
2706 3733
3986 4446
0 1782
673 909
792 4677
996 2009
271 909
36 1798
783 5209
1 2125
2891 5385
271 5706
271 3114
5333 5548
783 5018
582 3300
1745 2216
272 1027
2019 4210
271 5992
365 4989
2919 5546
1268 1550
575 2762
4 957
1179 3095
2102 2104
1110 3683
378 2742
507 618
379 4319
914 3774
1208 2474
985 3703
859 5682
2468 2714
93 143
365 2518
2758 2795
2891 5690
1624 1656
3241 3256
70 272
681 2145
2891 3445
81 115
107 3154
3290 4661
1024 1959
271 847
1130 2468
271 1390
862 1044
365 1764
625 1035
572 630
1923 4051
0 61
2468 4486
2712 4189
2562 2891
754 1895
271 3401
1137 2938
397 523
1010 1888
81 352
271 5855
912 988
252 271
1137 1379
271 2899
1137 5819
2621 3738
5039 5391
2468 3947
4093 4305
381 2474
216 279
507 808
572 3992
4379 5569
0 5935
1366 1782
624 914
271 2327
4289 5741
598 5906
2771 3830
777 1919
1011 4136
747 1553
74 145
0 1108
81 5816
564 5992
402 1151
240 2988
0 4342
379 955
365 1156
356 4686
272 2039
2003 3832
1320 5921
998 3788
671 2622
834 2682
783 912
143 1137
793 912
572 2620
1872 3844
787 1090
785 1137
365 1591
590 912
271 1346
2891 5218
279 855
564 747
3904 3948
2237 2341
2468 2471
271 6328
0 25
1008 1032
24 143
271 5661
1335 3648
0 136
81 1551
1100 2414
0 5583
0 2123
378 6561
2028 2646
1235 3250
4044 5569
2733 3832
365 1331
783 2464
365 4933
1008 2772
365 2138
2891 3130
314 5003
747 1358
783 6190
988 4191
1011 3918
365 2428
3926 4392
985 3759
568 725
228 6364
5375 5572
1137 3613
37 271
271 3593
911 1137
0 3571
104 3187
672 2341
1035 6599
1137 4040
890 4065
365 1529
3565 5391
1872 4097
1872 4064
143 5906
990 1927
18 3469
572 591
529 4163
2468 3736
271 6255
107 912
271 4544
999 3993
1900 4068
1137 2737
138 863
1438 3074
2891 5188
379 6562
1965 2070
647 739
271 5911
93 1909
138 1492
2709 4075
68 3093
365 1547
1320 5528
1942 4301
1137 2301
93 572
366 3978
523 7663
365 5407
2056 4507
271 5210
2894 6347
1422 5904
0 1359
401 5089
0 6022
365 564
305 2085
376 4039
92 759
988 1878
996 1037
365 2545
3739 4535
143 2614
363 3301
2468 2629
2773 4322
365 1211
608 2100
783 2699
279 2215
2135 2137
1893 2636
1907 2468
2891 6092
271 4241
1893 4350
1344 5608
107 606
564 5621
1137 2478
382 2056
2384 5024
385 2731
402 523
271 3158
2468 3772
988 1915
957 6600
271 6211
1117 3333
517 531
2618 4229
138 224
633 1137
783 1739
572 2717
1223 3186
271 6497
5065 7020
325 2600
138 962
1137 1350
272 2675
3850 4469
1406 3844
138 4319
2272 2363
2727 3948
2286 2468
5906 6404
507 621
2254 2414
909 2292
1137 2555
312 1160
156 4382
1051 3695
2811 4305
271 1796
697 2755
4305 4399
271 5581
2738 3832
745 5731
970 5499
365 1183
261 868
325 365
271 1099
59 81
0 3114
1406 2573
271 1272
365 2841
2474 4979
1991 2468
271 5944
365 2577
2468 3792
11 257
957 4280
2510 5891
271 2575
2160 2506
572 1033
365 1797
868 2224
0 2545
832 2022
1010 1889
4111 4261
3832 3888
1991 3961
1137 5818
271 5967
279 559
138 4192
572 3993
0 5920
143 2474
783 5857
988 6528
0 1335
277 6082
365 764
271 2439
1871 2693
385 3801
271 3636
1130 5810
610 2299
807 2615
271 5050
1137 6092
700 1968
314 2295
1693 2891
2104 2307
890 4042
3453 5113
1235 2474
1067 1388
700 3955
868 1533
783 3672
1149 1192
1081 1464
365 3069
271 689
272 625
743 2169
3748 4022
2012 3720
5762 6011
271 6331
271 855
1008 1033
145 2891
2709 3715
87 143
2863 5554
808 988
1981 2789
402 2593
271 3500
958 2014
2891 4989
312 2382
1048 3725
3973 4382
271 2998
912 2468
1100 2125
1237 2468
2809 3982
2894 5033
271 5265
271 2132
1896 2795
271 5185
142 143
143 754
1906 6100
2152 5816
365 591
143 912
271 2459
2678 4408
2468 2771
49 743
1136 1693
365 1093
223 4305
77 1085
365 585
356 3188
1010 6689
3727 3845
3409 3517
271 5022
2104 2480
1653 1694
365 915
271 4111
1883 1981
143 1108
271 1155
2891 5923
3041 5811
383 1172
224 2659
700 3974
1580 4706
365 3398
680 5265
11 2988
572 575
1900 4069
271 939
2068 2668
143 1544
1893 3736
385 572
107 783
72 3120
4306 5569
680 1815
912 5063
564 5061
6518 6524
1223 4726
0 2088
764 1688
2125 2614
377 624
518 2593
868 2478
271 2954
365 5372
1995 2991
385 1016
143 783
365 2109
2474 5783
523 783
747 1325
5391 6293
888 2781
868 1811
365 2254
1137 2526
1945 2777
2400 5543
3736 3939
271 5499
797 3858
2043 5499
1698 3218
868 1137
909 5052
1745 2122
2991 4521
2476 2902
1108 1591
363 3300
69 81
580 611
1942 2059
4024 4234
271 1142
761 1662
1370 3324
137 531
1782 5440
2700 3900
271 3104
272 3970
1110 4968
40 1137
377 4323
271 3153
3788 5499
2137 2239
3733 3969
278 1038
378 1990
271 3447
1137 1268
365 1969
1352 2297
2575 2891
1901 4007
694 4319
610 5713
1137 2063
2114 6288
314 5562
510 2891
263 1331
583 2238
868 2437
1478 2392
3973 4104
785 5263
912 2186
1352 3521
2876 5530
0 1499
859 5684
973 984
1547 2341
890 1942
271 5471
365 680
408 523
1641 4620
783 3020
988 4086
1022 3832
1130 2151
858 958
1137 2244
2007 2694
491 636
66 6253
988 3860
936 5906
271 6931
356 1669
2384 5118
1984 3810
1553 3330
1553 2614
572 624
1782 2139
1600 4723
46 1223
747 762
365 3487
293 4319
2699 4260
3986 4377
2043 2703
93 3845
572 2722
917 5002
890 1137
365 6505
1137 1168
564 5134
0 2145
272 2694
271 3576
629 4353
906 2125
3374 6226
572 1896
523 536
1872 2067
2852 5084
271 3010
909 2468
2379 5507
1040 4341
138 680
523 2474
1140 3041
93 6179
2478 5832
271 2321
262 1160
3918 4019
797 3881
1472 2125
2043 4376
271 2438
673 1212
925 2614
1137 4940
2107 2885
783 3461
365 5741
271 1081
365 942
0 34
2791 2801
365 1444
5352 5758
365 3068
1993 2706
314 5997
271 3606
923 2649
5506 5515
591 2780
783 5252
641 1985
2668 3893
0 27
1892 4305
0 138
1160 3174
1981 2788
1051 4416
0 2125
1871 4385
2737 4471
1335 1548
271 2993
758 1635
236 2891
912 1149
1137 2263
2693 5569
909 2137
1108 2343
271 2244
143 610
271 2421
365 5723
271 1742
962 6564
2341 2730
1038 1872
1133 2478
973 1137
2137 5077
1921 4093
1407 1568
700 2022
143 1201
77 1933
279 433
523 1343
561 1984
365 1382
0 2121
68 331
1352 3876
697 1137
271 1154
1872 4099
1544 3509
365 3040
143 1397
1568 5906
1113 2891
145 1137
271 3309
344 3719
764 2812
312 313
143 1547
1008 3866
143 236
2022 2468
358 6012
409 1318
4096 4099
565 963
1994 2709
783 2321
108 2517
747 1137
1035 3720
629 3873
132 145
912 2433
81 1188
1099 2474
523 689
2053 4330
2304 6386
1035 3958
1010 4039
365 2108
1137 6051
3720 3814
608 1942
72 6104
271 2264
365 5550
4417 5741
271 5333
378 988
783 6333
3728 4469
2104 2176
912 2125
868 1138
3736 6523
120 5306
271 5611
143 868
0 1054
272 1811
2468 5748
1137 3720
0 1165
790 2468
279 469
1942 2056
279 2209
1916 5741
783 933
2395 6326
271 1137
868 1319
988 3889
1544 2614
608 1004
271 1254
1179 2085
356 1670
1211 1869
1008 1908
572 621
1872 3820
957 4242
2043 2677
609 2468
93 2891
1100 1130
832 1948
1988 2013
2404 5906
957 4212
1137 1259
2891 6211
2630 3792
2516 5437
591 710
783 2244
2757 4003
2774 3843
3014 5065
1441 2468
0 912
1268 2341
382 4004
1959 3927
2093 2392
988 4323
1051 5063
365 5020
821 912
3237 4539
0 3010
1130 5063
0 1325
2212 2988
1872 2676
77 4382
378 1008
2705 3792
350 5906
1008 2891
365 2370
2468 4198
271 5470
797 4085
1000 2815
365 1147
912 4917
271 2514
1921 4020
625 1977
1235 2226
2043 3803
572 2474
1137 5515
2225 2709
888 4066
565 1984
1067 2614
769 1652
1980 3921
3961 3985
1745 2748
747 1642
912 2114
2516 6045
783 6067
1872 1901
3832 4193
659 5143
