7716 10529
783 1750
572 1035
827 2476
0 2547
680 4948
271 5803
271 6471
1137 1175
2891 6255
272 979
271 2863
683 1767
526 543
1476 2088
572 1897
314 3145
0 3618
1137 2137
271 5961
566 2891
1664 3357
246 279
3986 5499
5169 5793
608 1904
868 1782
1108 3282
2085 3043
793 6983
1348 2304
1981 4694
951 1137
1137 5227
365 5605
2005 4511
2363 7115
143 2341
271 2320
2468 4107
1670 3187
999 1006
279 1829
1942 2008
271 2433
583 5491
288 611
365 1119
2584 6014
2891 5706
2319 5660
1371 3253
356 4602
272 1883
572 3720
1011 1878
2392 5574
1343 6196
379 956
890 2137
107 365
594 2125
3051 5905
1343 5677
2784 4340
610 2152
143 6026
1981 6678
2100 2474
3565 4092
379 1137
1745 5474
712 4927
143 1138
271 1193
2618 4359
271 5848
272 3885
271 514
1699 2474
365 3067
279 437
1010 6655
2125 2827
257 2197
272 4043
358 2951
2085 2373
3948 4160
271 6164
777 1919
1671 1689
271 1532
529 4341
271 6277
564 2993
1008 1035
2089 3631
3820 5741
271 5662
257 1864
271 2706
3187 3207
2750 4083
1343 1566
271 5775
903 6626
2783 4023
747 775
868 2341
2125 3407
271 5948
138 631
54 2336
376 6655
138 1343
5493 5916
271 277
0 2924
608 2545
912 5846
2676 4092
271 6098
3792 3891
2392 3040
0 759
564 6406
1067 2311
3792 6539
3391 5391
271 5187
1989 2681
143 2440
271 2247
783 5546
783 3108
271 5360
1358 7080
1263 1580
2445 4344
271 2420
1137 5344
2863 6175
271 5473
2705 3736
747 1633
143 914
2345 3173
622 4279
680 3418
1137 3602
271 5526
3034 3107
4421 5499
4148 4261
271 2031
77 1932
279 432
1956 2022
2107 5073
279 2204
1235 4743
365 1381
145 564
888 2616
1624 1698
365 5497
1137 2272
72 143
271 1165
2891 5925
1358 6002
912 3517
271 614
755 771
1745 5879
2891 6066
11 109
1900 3777
891 5499
2891 5660
271 1443
2125 5948
120 2125
271 1488
2468 5579
1406 1772
409 523
365 6158
996 1968
1137 3482
912 1325
4186 4454
2468 4040
801 1871
1235 3298
2903 6159
365 3720
1335 3003
1137 2960
783 2320
53 271
0 949
40 610
2618 3615
1160 6312
143 2254
4201 6279
271 5174
365 5047
272 1352
365 2107
1602 3200
365 5404
1137 2371
143 5224
1051 6335
1900 3997
1035 4038
138 6629
1108 2028
118 120
93 4958
1139 1210
271 2376
365 2397
583 5290
365 5694
1942 3772
271 5445
116 2092
2088 5762
1137 5405
990 5314
1872 2683
271 5610
233 1872
402 1075
2991 3719
2392 7008
271 4943
1904 3760
365 1208
2437 2891
627 4514
279 2208
3241 3281
808 1872
1745 5681
560 1009
636 1860
1745 3526
271 6969
1406 2580
1324 2151
769 1647
659 5143
385 1894
107 3579
1137 1710
1035 2061
377 4208
271 6290
564 6232
820 2965
1186 2891
792 4708
271 747
365 1788
143 1352
3321 3330
2891 5167
1871 3717
1524 1764
0 85
2618 4224
377 6566
1809 2392
2699 3922
783 5285
1881 1942
1352 2667
271 6498
138 2474
572 2007
785 6977
271 5831
572 1011
3187 3296
1777 5390
271 2939
1137 3004
2125 2609
271 6004
887 2027
1137 1492
224 4011
785 5219
271 3048
3801 4001
2692 4291
584 5756
988 4429
523 591
271 6117
1406 2412
2400 2420
912 5662
2928 5699
46 1607
271 5130
1160 1799
4319 4382
2933 5400
1673 4647
81 5065
143 564
271 1635
365 5521
0 3408
356 857
890 2545
1616 4711
271 3463
1000 1048
783 3442
2728 4023
955 3792
3596 5540
1183 1268
271 5582
279 395
2709 2722
1921 4424
1324 7094
107 6324
271 1063
2166 3613
747 3231
868 1397
0 3518
2891 2988
339 341
988 4059
2512 3071
1811 4383
271 1108
1160 2876
797 960
365 4198
1965 4465
1010 4253
834 3724
365 1242
272 3921
271 7042
1589 3241
143 1343
591 1981
1872 4453
2024 4305
344 1910
3818 4305
3879 6100
47 1013
2891 5323
1051 5720
2481 2891
747 764
0 2373
272 4110
783 5449
372 591
1137 3537
133 2533
1137 5084
783 5305
5092 5352
1008 4162
783 2218
3832 4036
912 1397
1899 4046
1011 2701
868 2306
2891 4946
1137 5678
1051 2614
1137 1383
1130 3088
2700 3975
1326 3143
271 2911
1346 1793
1137 2136
344 2061
138 628
523 2254
0 917
1051 1788
700 1022
1137 5896
1137 2089
86 241
521 3754
271 2173
1553 6208
517 5206
564 5769
1051 5026
840 912
890 2611
1078 2238
764 1627
1130 1137
2468 4261
365 5338
365 5604
271 5279
1234 1235
271 1607
1032 2769
783 5907
1352 1946
271 5388
2007 6580
143 953
93 382
271 2432
1379 2891
1137 5460
564 1437
1872 2784
924 2478
680 934
891 4233
1050 2828
551 735
6132 6202
747 1698
1011 2545
365 795
358 5209
279 431
224 3870
1871 2468
279 500
145 591
2303 6055
2474 5168
785 2891
2114 5579
72 148
3187 4665
271 1192
2618 4356
777 1343
365 2921
279 653
834 3728
564 5689
1577 2468
271 1241
365 3066
271 5142
1101 2427
1137 3074
1130 6005
958 4144
271 1358
279 428
271 3098
957 6556
271 6167
93 1193
238 306
5371 6086
372 572
3675 5348
3296 3364
1137 6063
2007 2137
1745 6085
697 6616
3167 5548
487 636
868 2391
783 5277
271 3497
1137 2842
107 3599
271 5774
912 941
730 940
747 774
1881 1919
657 2891
271 5951
844 4691
839 1683
909 1212
2022 6643
385 864
783 5873
572 4165
1243 2235
668 3792
1130 3463
783 5664
271 6367
764 1621
1904 1942
1193 2891
263 912
1064 1137
912 7054
3792 6540
2468 4938
909 2135
541 2163
1751 2392
365 2279
2468 4313
271 5363
1095 5065
1553 4305
680 868
3973 4319
1008 2821
783 6007
4066 6729
1137 5351
783 3156
271 5472
747 1632
747 1777
365 1090
912 2079
271 3605
271 783
2606 4667
2063 2663
2392 5580
277 365
77 1931
273 4722
279 435
365 5900
1235 4742
1015 4285
2105 5296
365 912
3273 4664
1137 6500
2022 3827
1872 6593
2699 6526
356 1736
1137 1665
1137 1410
2286 6177
1635 5321
271 2472
1035 1883
912 1777
107 519
365 1559
2085 5483
1641 3202
271 6368
410 1162
4123 4140
912 3420
1975 2709
365 1704
271 5683
3509 5862
1641 3347
595 907
271 2455
365 4577
783 2981
1259 5096
4132 4434
912 1457
1745 5153
857 4716
0 3665
1239 1551
912 1326
271 2546
1877 4342
2614 3004
2341 6361
783 5478
1335 3002
271 5907
363 582
15 81
1343 2891
783 6346
1659 3214
1745 5468
1137 5959
81 1351
271 6016
2125 6509
1192 1407
1137 3473
747 1024
2891 6420
1011 6548
0 6012
1008 4168
3891 6716
1624 3345
1693 2474
107 4950
1137 3416
1357 5137
2392 3416
271 2266
271 5335
2131 5094
1352 2795
608 1031
1117 3333
2502 5884
2159 2404
1733 4540
365 7061
783 6136
3707 4494
2384 5577
3576 5275
1137 6229
381 1335
2392 7009
1035 2692
913 3216
365 1207
1235 1713
271 5119
0 4322
279 2211
365 1352
3187 4672
378 4166
783 5432
66 6148
2510 6198
1872 3889
564 5698
868 2884
572 777
2307 2891
599 6403
1022 3857
1764 5919
177 279
1137 1709
60 2988
385 1942
525 526
5732 5906
1130 5965
2721 5499
6270 6280
2392 6116
0 1739
2382 3119
271 3154
507 2050
145 1107
957 1352
138 236
1149 1568
3187 3260
143 3333
271 3440
1137 2897
1137 3461
1137 1257
1900 4187
376 2684
2679 3751
1887 2636
958 6602
1048 1901
3218 5257
271 2938
1871 4379
1981 4284
1137 2995
2159 2903
1061 1137
1343 6398
680 3018
1008 2689
4023 4236
1097 1137
2286 2382
271 6116
1130 3551
1357 2135
596 2545
1130 3438
271 6024
365 5631
1081 2614
1680 6226
1704 3193
764 2468
608 1972
1010 1019
271 2366
365 2223
1137 5342
4040 6638
1872 2678
975 4359
238 3426
271 2479
365 2368
1137 5941
2276 2468
93 138
1587 1730
783 3389
1884 2732
271 1969
1921 4450
2678 4246
3727 4099
764 3228
942 5094
2238 2891
271 5075
81 2143
174 279
1396 6160
314 2382
4427 4485
1335 5462
3207 3288
0 2324
1591 3317
0 2178
1745 5805
769 3358
79 271
834 1040
0 276
271 1397
747 4618
271 3073
1921 6642
1577 1725
378 3883
1406 2835
572 630
611 3867
2005 3727
1137 2579
747 767
912 2372
1359 2088
3041 4967
66 271
697 6595
0 7069
271 1004
1130 5990
271 3412
379 3929
378 2727
2778 4190
795 2891
271 2857
591 676
1980 4199
783 2266
1137 1382
572 1899
868 2450
2769 3806
523 541
747 3351
138 629
2891 5043
1137 5903
1949 2022
365 5101
891 4463
271 1558
1259 6242
3517 4940
4040 4262
783 5869
2012 6545
988 4208
1683 2468
3934 4022
845 1137
143 2343
3006 3557
271 5391
1872 6570
365 2340
1137 5451
636 661
1137 7052
3491 5392
701 1007
271 1474
747 1701
1137 6173
0 1240
1921 4430
2478 6168
101 564
2891 3398
2085 2418
5020 7655
1893 2623
1101 3608
1093 5065
688 3499
1942 3728
572 834
3866 4325
2880 3152
107 5972
2012 3814
365 2257
1735 3182
835 4748
365 3065
564 833
365 6172
896 2023
0 6316
890 3752
1137 2468
2618 4199
2107 3330
116 868
2676 4305
93 5872
890 3611
200 279
365 3567
1397 3562
1137 3427
3296 3365
1008 4112
1041 4029
1992 3947
331 2821
401 542
2085 2614
572 1944
998 4179
868 2343
783 5389
314 1748
1871 4386
271 5950
0 939
2476 3050
1382 2872
2891 5070
1421 6227
912 5817
2786 3832
2529 5342
783 2479
1048 2004
1486 3074
868 1541
271 2083
2618 3941
783 3069
3891 6691
0 2845
912 5735
2034 4013
271 5197
2443 2891
3968 4207
93 6291
1243 2136
1035 4060
912 2261
135 1344
3736 3851
365 587
271 2422
2678 3746
28 2121
271 1739
271 2535
1137 5495
913 3354
1137 3600
271 3697
1652 3217
81 261
769 3226
5809 6400
2468 2606
271 2858
1137 4973
1672 4720
77 1930
279 434
747 772
3290 4564
2891 5490
2700 2752
1137 6282
2114 2837
1335 5481
564 3411
1137 1591
271 2833
365 2892
797 903
1137 5829
1777 2891
2356 6305
1008 2044
2382 3489
271 5016
706 988
1421 6161
4123 4143
2085 2407
2125 5946
271 6250
365 2567
912 2872
1872 2043
2085 2504
2903 3059
1137 1139
272 895
0 2318
365 3684
2891 5475
271 6408
1160 3077
2145 3362
912 1944
1059 2125
138 2055
1010 1957
271 2950
1161 3005
138 1358
680 5053
4440 5569
747 1138
2647 2777
1637 1641
365 3863
6953 7061
507 870
1137 1471
808 4113
1240 2392
3687 5183
1602 3183
1944 2666
762 3224
271 2228
1782 3436
1137 2369
277 5528
271 1545
1137 5169
365 5547
1137 2514
1871 2651
271 5334
0 3135
1137 7018
271 2378
1011 6560
365 5692
1137 2467
271 5447
1011 4214
1406 3166
107 120
996 2782
857 4567
271 2555
2748 4100
2891 3464
1160 2476
0 523
358 400
1051 2468
365 5273
608 4457
890 1872
2022 4122
1810 2891
365 1206
1137 6181
272 1957
279 2210
31 145
1137 1602
1137 6326
271 1138
1237 1355
272 3800
2088 2884
271 6971
1632 3227
769 3224
1154 5065
314 2330
271 1251
1136 4676
1079 4936
730 2914
1572 1591
2007 4193
683 2392
2554 2706
3832 4458
107 3466
2063 3938
4305 6599
3241 3330
608 2692
755 910
93 523
1137 3418
792 4683
293 2748
271 794
5183 5217
783 5174
1982 4064
365 5423
271 5667
52 2143
783 1791
1406 1432
1900 4037
271 907
1137 1480
857 4687
0 3646
271 5201
1942 2709
564 5542
1492 3542
783 5332
2891 4292
912 6115
808 4319
271 5825
1137 1401
833 2112
3765 3783
1137 5777
1137 2994
271 6006
651 4319
1035 3753
783 5610
2474 3186
1011 6594
1382 1698
72 1137
629 4019
785 5362
494 636
1137 6131
3872 5177
747 1404
564 2398
271 6157
365 5630
147 5815
1591 1606
271 5253
1130 2333
365 6998
4023 4083
0 1312
2382 2468
1137 2558
884 4189
638 1137
1320 5158
271 2478
2157 2517
271 5467
564 6115
1137 7143
271 2527
379 4339
745 746
1872 2709
5027 6131
3832 6646
2114 2235
747 2545
2105 2980
365 1178
356 4688
272 1921
349 1008
271 867
857 3266
3187 4703
271 1110
1137 4998
90 1137
1137 2597
107 6192
1710 4562
1386 1587
1130 6028
365 3600
2512 5212
1591 3316
1312 3593
272 507
3832 4375
3340 3344
2125 6112
1890 2618
81 5906
1453 2392
2891 5303
895 4336
624 1024
1804 3069
2891 5325
747 766
314 7010
272 808
271 2570
564 2248
2891 5466
2699 4312
271 6355
365 1792
868 2237
2377 2451
942 6481
271 3415
271 5812
1137 3488
271 5561
0 849
3187 4537
0 2149
572 4300
365 2219
2457 2891
783 2219
2752 3865
238 2468
3875 5741
1189 2439
747 3350
4168 6580
377 2816
859 6312
785 5197
271 3022
912 5869
365 5312
271 4919
1346 4681
1040 4329
1137 1230
868 1777
1137 6047
365 5457
1137 2232
1110 6077
1421 5813
2107 5262
271 2333
3041 5245
1670 1690
680 793
271 1782
143 2391
2095 2891
2088 2127
271 5567
1959 2020
0 3454
3210 3229
615 808
2737 3882
1137 4928
741 914
370 1137
783 3457
1352 1737
2125 5329
272 1872
271 6500
303 551
797 3832
365 1406
2478 6175
272 3729
1101 3607
328 2516
584 2141
949 2891
358 6384
271 1243
783 2982
3824 4322
1392 1591
271 2008
406 2872
868 2163
271 1529
868 1352
2636 2643
271 6278
271 3386
267 523
272 2647
583 5721
271 3499
1137 2840
271 5768
3035 3112
1733 2474
4166 4305
107 7053
2891 5540
3946 4305
1406 3604
2512 6050
133 2516
1942 4168
523 568
271 6062
1012 4366
912 1137
2891 6506
1352 1355
271 6111
1421 5704
2626 3832
271 2131
1137 6075
271 5196
988 6642
308 2516
912 5628
1051 5613
410 1864
381 5783
2392 3565
2468 3275
365 586
572 3736
864 3832
801 2966
2036 2614
2392 3484
1942 2043
1584 1591
888 2468
2088 5801
996 1047
365 2311
542 1203
783 2963
1011 4106
145 271
2341 5418
1051 2523
1137 5575
3513 3596
747 1664
2618 6632
1024 4261
3041 3047
998 6668
377 4504
279 2201
1235 4744
5209 7005
572 1008
365 910
1137 5117
584 5067
3780 4081
783 2614
2891 5923
1024 2751
3187 4631
1213 2117
365 2891
1893 4292
523 1553
0 6170
1243 3470
159 169
1343 2515
271 1343
223 1046
2125 6056
3948 4112
2392 5898
833 835
687 3648
2404 2988
575 2039
1008 3983
271 5240
564 2960
1137 1138
1041 4147
1013 2043
365 6155
1008 4157
379 3987
1551 6954
1422 3099
572 1998
2392 4913
2015 4416
271 3471
680 4911
1024 1872
271 2912
4014 4305
1137 5876
764 1685
273 4600
379 1989
1137 1325
868 1904
1035 3724
238 6015
572 4203
314 4951
3736 3803
271 362
642 1130
107 5271
4016 5499
1659 3345
764 1659
365 5044
1370 4722
2510 5015
81 3333
2468 4968
1137 2368
3707 4257
783 6152
764 4974
629 3824
271 2340
138 6624
1024 1352
1871 2650
683 5361
4261 4427
608 1049
378 4480
107 5442
572 3772
1212 3177
912 2113
271 5332
2891 3386
2125 2474
81 1380
365 5836
523 1137
143 5816
365 1060
1760 5592
2088 5652
271 3691
625 4067
271 4936
3611 3615
1051 5042
1674 1727
271 6309
2891 5860
400 5374
2709 2812
1589 3273
1421 6930
0 3140
1893 2678
2606 4919
2445 2966
2392 5737
1571 1591
63 912
2392 3619
1137 1699
1343 2551
912 6260
2125 2943
385 2733
2478 5433
1008 1896
270 564
1051 1193
2286 6941
1051 3581
365 3510
575 2027
271 5666
912 3273
1035 1909
912 1533
2392 5636
630 809
2709 4517
0 3647
1137 2903
271 5715
1137 3515
358 912
365 6272
81 3237
143 1944
783 5335
988 2891
365 1137
498 783
625 4384
629 4392
4153 4417
5758 6245
2222 2478
3211 3353
1137 2993
271 6001
382 4299
2114 6381
1137 1671
1406 5779
0 2903
2304 4918
2891 3179
1667 3296
1918 4322
1397 1469
1490 3313
815 1871
3707 4305
365 5629
344 4422
1704 3195
564 2254
271 2360
1137 5340
271 4960
1871 2622
0 5752
1137 6933
2663 3749
334 611
1137 2774
401 4944
365 5663
1137 3662
4186 6553
365 1143
599 4241
912 4905
271 2526
365 2511
1137 5438
857 3367
1082 3240
3832 6647
868 3509
1177 3324
271 5036
2678 4244
0 6453
1782 6968
2668 2811
1090 5202
385 3985
2303 6028
747 2433
365 6098
859 2891
488 636
143 1050
1137 4997
2618 6529
2468 5532
68 143
1137 6183
1883 3724
1591 3319
1160 1247
3220 4608
271 3986
2085 2268
271 2933
271 1399
365 3448
858 3832
2088 5030
564 6207
2286 2961
271 712
859 3683
656 2828
271 6317
990 6735
1137 1961
3182 3283
1656 1659
271 2581
2891 4999
271 6354
761 3333
148 1551
868 2238
775 1698
272 2668
1137 2931
138 785
1942 2742
138 2125
0 2150
1602 2145
1163 1693
572 1893
575 2694
143 1901
2384 3146
1872 2056
138 627
105 764
3290 3333
868 1635
1137 5901
0 5303
2005 4281
523 2286
271 2174
2125 3098
99 107
271 5227
2063 2468
2356 6068
2341 6366
331 332
81 1137
1137 5231
1137 2312
3806 3826
271 5272
1421 2925
1553 5223
271 1600
572 3829
2608 2614
2891 3445
2137 3138
747 1657
1137 6961
271 1777
1900 6607
2891 4593
3883 6571
2693 4336
3876 5499
5183 5809
1335 5253
2286 5920
3210 3226
2474 4487
1921 3988
2392 5619
2654 6671
365 792
1044 4245
0 3566
988 4055
1137 5547
279 424
138 1548
1019 4255
1019 6627
2341 3669
2819 3832
1942 2100
2863 6039
700 6601
2891 5949
988 3829
344 4067
1130 6113
2108 6336
1051 2132
2636 6583
271 1242
271 5970
564 6252
138 1137
912 3556
271 7139
5391 6933
238 326
2384 3675
1811 6540
325 3478
2700 4150
271 1528
2891 5352
1008 4227
1137 3425
1671 6226
1872 2012
2091 5816
143 2125
5382 5847
1212 2893
271 2232
2675 4490
379 4086
957 6523
2125 5750
564 5597
1695 4693
0 143
365 3011
312 2533
271 3498
1959 2468
321 325
2055 4336
107 7052
271 5944
1553 5770
271 3004
2474 6043
2125 4899
990 4403
2689 2891
912 1138
271 273
0 2912
107 5086
365 5283
1942 4059
271 6110
143 331
1343 2614
271 2130
2474 3034
912 5721
1185 2260
2948 4996
271 1591
1163 3301
271 2243
2678 3889
783 5929
551 558
271 5372
2474 2871
747 1492
271 3155
365 585
81 5375
271 2416
279 1861
2012 2621
271 1749
271 2324
523 1108
1652 3219
2392 5408
241 1137
2903 5138
93 2460
1035 2033
2638 3952
1130 5776
271 1481
1035 2742
1137 6207
107 6368
1543 5637
1160 2162
77 1928
580 629
107 2585
523 785
1872 4201
1893 2641
271 6945
890 4072
365 3102
365 2890
1044 2734
1610 1704
271 6998
912 6153
1071 4003
365 3035
626 4496
792 4546
976 4463
271 659
107 6444
2286 6986
833 834
1370 1691
2043 4376
1370 4639
575 2038
143 3517
833 7644
344 3724
2125 5769
1343 4949
1785 7657
2891 4657
271 5758
4095 6725
1137 3486
271 6410
2074 2780
365 1991
2409 5662
1406 2458
2058 2468
73 1268
888 3868
2676 3902
2468 3931
271 5916
2104 3118
1137 1324
1137 5391
257 912
1137 5956
988 4453
1137 2149
138 523
314 5536
0 568
764 1652
271 5170
746 5731
769 788
785 5285
1130 6192
905 2088
368 2012
4505 5499
365 3584
3832 4045
2022 2625
2872 3028
2392 2590
238 1137
783 6328
0 2585
1163 1346
1942 3760
271 5441
271 1999
2468 2601
271 5084
365 1268
271 5622
4351 4420
4322 6526
107 5731
4370 4372
913 3221
1011 4246
271 2974
356 4542
1421 5248
143 2988
1235 1714
271 5112
568 1137
1343 3056
672 2392
1624 1666
30 2085
2678 6527
1137 1745
365 5933
313 314
868 2887
365 3074
455 2988
834 1035
988 4020
1235 1793
2044 4324
2651 4526
572 618
758 1137
3706 3871
2125 5852
896 1872
410 2545
1591 3361
271 868
1335 5584
868 2100
271 2608
2409 6156
2433 2891
271 917
54 271
2512 3554
77 998
857 4685
2436 2476
241 5401
3708 5499
1044 6702
2891 6214
272 1004
868 2410
783 5334
271 5827
783 2464
271 2887
912 6004
365 5193
3201 3330
912 1067
6171 6932
564 6435
271 3060
1137 5984
365 1108
1677 3196
1591 1698
143 2237
378 6532
2125 5593
272 4396
4330 6661
271 2186
3001 5530
1137 2403
271 5255
1704 3196
377 2613
564 2255
271 3031
1016 6633
783 5947
365 2220
1137 2556
1067 5349
783 2868
514 523
1137 6932
4673 6226
1801 2891
783 6056
2392 6178
747 2261
1352 2033
1137 3661
271 5541
783 6105
1035 1960
857 3366
271 5578
1137 6262
4370 4393
2125 2270
271 5039
2125 5419
1553 5413
1406 3418
143 1268
1130 2224
783 5657
271 5167
783 3548
1010 4102
271 1104
2085 5245
409 907
912 2429
365 1466
572 808
564 6281
356 1667
396 534
1406 5499
1008 3818
271 3074
279 474
4600 4731
271 6207
2010 2729
2104 6243
1268 3027
851 2197
271 6316
2463 2891
115 5906
2114 3187
868 2088
996 2021
277 3595
625 4321
138 143
1137 3541
1634 1635
1942 4416
271 5814
365 6499
271 3120
1609 3304
957 3967
783 5418
1009 3615
3900 5177
376 6632
138 624
2888 2891
2891 6464
107 6447
365 5310
1725 2468
697 4391
138 707
1051 6493
0 2868
914 6535
271 2286
1114 2254
1137 1996
271 2335
29 1121
2392 3458
1942 2013
93 7086
888 4278
0 1469
785 5519
1137 5448
2446 2474
608 4149
0 5876
365 1114
116 2144
2891 5697
0 6499
1553 5028
365 1259
1054 2082
2088 6125
402 5728
2828 6220
519 689
857 3292
2369 5378
1137 1544
564 5782
1137 5269
523 2614
841 5731
638 5367
0 5100
1900 1951
783 1405
857 4540
107 5421
2049 2709
1006 4273
1961 6605
1406 2979
238 327
81 2516
795 1072
1490 1670
107 143
864 6685
747 1618
2468 2694
271 1531
6 72
137 271
1872 2013
1130 1787
119 358
143 1553
271 7129
701 3720
783 5273
107 1335
1137 1206
1010 1980
1343 3010
958 2468
0 2115
1745 5339
914 4490
271 5947
1782 6137
1764 6236
886 4319
905 5224
365 3644
2085 5912
958 3832
337 611
601 814
365 4925
2044 5499
2872 5696
271 272
2891 5435
783 5676
2474 3144
365 5282
1702 3329
397 410
18 81
1621 1635
0 2832
1602 3257
272 2675
2392 3392
224 4125
1464 6430
2386 3638
826 827
572 3883
1480 6465
93 6145
365 584
271 2419
4536 6528
608 4194
271 5484
1406 3105
2299 5816
107 5865
271 2528
3521 3601
2145 4719
1425 2423
551 1981
358 5358
1587 1599
1137 3814
785 2569
356 3187
2651 2805
4148 4258
3238 4565
1406 4906
271 5027
1235 4746
1137 1268
564 5883
271 1051
365 908
3285 3311
1893 2640
812 2052
2088 2298
1352 3769
365 1410
1108 2614
107 3491
27 1325
414 2891
1980 6657
1012 4496
912 2988
365 6264
564 5439
271 2889
377 4281
2088 5524
2988 3421
2392 5674
4046 4118
868 988
66 3614
1160 1748
564 5213
0 2480
1137 5657
81 279
564 5833
3832 3840
912 1201
1040 4462
0 2095
1008 4381
1114 5766
1406 3638
3187 3256
2891 6331
272 4274
608 794
700 4114
1683 2706
2872 5724
72 5856
0 2893
385 1009
1764 3419
394 5906
3005 5665
271 5181
365 5042
325 539
0 680
572 3950
2392 6441
48 912
1871 4310
1116 1137
365 411
385 3274
1137 5174
783 3079
912 2100
1130 6208
1688 1717
143 2286
271 2085
2654 4175
271 2391
365 2392
1745 5518
783 6151
813 4305
2392 5026
2468 4575
564 1433
2253 2863
365 1058
365 846
0 6443
93 6471
169 279
909 5995
365 6124
1258 1406
2512 5183
3241 3284
996 4178
145 523
143 1024
271 1151
868 1325
1553 3402
2437 5558
749 1502
769 1634
358 5447
138 6660
2461 2474
890 4168
1008 3791
271 3113
0 6295
271 1410
1591 2545
1137 3423
3240 3273
271 6219
2844 5391
625 2767
3517 3600
271 5676
599 1011
572 2674
868 1008
271 3452
1137 2901
2891 3617
1389 1406
2238 3160
271 2769
94 2988
271 5826
3832 3868
1137 1406
2891 6358
868 2554
564 6204
1343 1429
1210 3021
3826 3978
2731 2750
912 5764
365 5337
365 2284
365 3516
1018 4066
1804 5906
1406 5777
564 1777
783 2577
2082 3452
1921 6734
896 4135
758 4614
957 2703
2678 3966
2700 4140
107 2468
2636 3726
1015 2065
1067 2250
3031 5282
271 2475
271 5331
0 5865
2614 3713
1959 2045
1130 2975
1051 3604
857 3365
783 3029
2182 4896
272 1909
271 3657
1137 5517
271 5038
2104 2432
378 591
2618 6574
1137 6342
271 5087
857 3271
1137 1635
365 1320
107 5996
564 6427
345 2672
3576 5384
116 5145
271 564
2039 3831
4013 4283
1421 2174
1130 3638
271 3085
1580 4641
1370 1697
271 1510
1762 3074
1035 1981
749 1653
1900 3989
2478 5578
3764 3832
753 3210
271 2457
271 5632
785 1343
1901 3793
2654 6634
381 2286
271 2872
1137 2929
4141 5569
271 6477
1013 4346
651 4382
66 5906
610 1343
1861 2988
271 5926
138 1006
1756 2254
2891 6386
38 143
1137 5392
271 2906
271 5975
1872 2696
271 3019
579 3689
2359 3546
271 6084
228 2516
3621 5858
271 2168
2468 3186
1136 1712
271 2281
857 3276
909 2239
1137 2318
0 890
2392 6272
4979 5459
785 5629
271 2334
365 5744
382 4438
4272 4470
2150 5954
747 1659
783 5404
271 1779
857 4579
1010 3819
747 2224
564 1434
139 625
271 5560
1959 2017
2392 5446
143 821
271 3487
0 3441
2606 4640
1067 6126
2063 4211
288 744
529 6638
834 4196
1406 2144
279 426
72 2134
783 1118
2377 3565
3950 4440
678 2392
272 3732
344 3958
272 331
271 1207
143 2836
0 3086
271 7036
1137 1688
271 4305
257 5906
0 6304
5282 6259
154 1110
138 1030
2286 6393
1406 2478
365 3418
833 868
912 3445
988 6656
1036 2678
365 3563
3041 3573
358 5737
2468 3836
4342 4344
1668 3187
1137 3431
271 6275
378 1942
1882 4131
4334 5741
1609 1693
2071 3765
1137 2700
6619 6658
2114 5691
143 145
365 3597
1137 5756
1228 2476
1506 3170
279 1376
864 2819
271 6475
912 1253
0 943
2742 4509
1137 5982
2063 6559
272 4183
984 4003
747 1051
1243 2238
271 275
271 2095
365 5281
801 2776
70 747
912 7043
233 271
1067 2429
760 1659
1067 5390
271 5193
378 4207
3707 4251
1464 3686
271 5374
2079 2224
988 4358
783 6310
365 583
1421 6128
1352 1979
1137 2491
271 5487
145 371
365 728
564 1406
2125 5520
2891 3552
2 143
912 4979
868 1236
2606 4668
1137 6205
271 2037
1006 3814
747 1629
271 5094
267 398
2739 4170
93 912
365 2861
1137 5106
81 936
2392 7080
119 912
1048 2748
2096 5731
993 5499
1591 3208
93 769
2125 3015
975 3726
279 684
1137 3152
363 1235
890 4149
2286 4478
365 3033
764 3349
107 6446
2392 6482
410 2459
1160 1527
1622 3227
2474 3654
271 3306
1099 3322
2125 5767
2120 5894
1421 6400
680 2468
912 2891
2104 5783
3820 4475
1019 2991
1108 5919
783 5372
591 747
1137 5656
271 3464
1137 2873
3736 4308
1318 5330
0 2991
912 2665
2770 4421
3187 3259
2043 2474
271 2962
5758 6958
0 2894
4667 6226
2711 4040
762 764
1904 1975
0 6098
1792 3051
5013 5387
783 6168
314 3437
81 1070
912 5703
358 3666
2125 6189
271 1557
1137 2518
2903 4904
271 5330
1462 1825
1406 6055
143 591
1011 3893
912 5477
622 3973
365 5333
271 2323
271 4900
272 6578
15 1050
2392 6936
1969 3753
2468 5747
2516 6296
271 3700
1137 5600
2678 4239
659 2907
0 6444
365 5121
272 1945
81 635
273 4689
2125 5878
1044 1942
2988 3692
2123 5276
1872 4183
783 3691
834 1942
2392 5323
1137 6459
93 5071
1160 2382
271 576
2963 6299
314 2441
3757 4433
271 6301
2145 3206
2114 5934
271 2590
785 868
365 1782
1764 5341
2709 6644
271 1421
1693 3250
271 937
271 6218
4040 5321
2085 2349
868 2102
1458 1492
271 919
2618 6689
3832 4425
365 3652
743 3169
1887 2618
0 5393
1438 1745
271 5565
1137 1260
1464 6956
572 2808
6 1551
271 3564
957 4152
1006 6654
766 1635
857 1669
1130 3110
844 4756
271 2506
271 6002
856 2891
1070 1318
1539 2468
93 1872
783 4988
3491 5393
1708 3360
3832 3835
1641 1655
5013 5822
1527 2382
0 5392
143 2088
1137 6135
584 3088
271 5136
17 2193
1165 2891
951 1130
1137 5184
1872 1942
1011 4408
271 6511
1421 3122
382 624
271 2309
271 5430
783 6302
236 2201
271 2474
4126 4485
376 4076
365 1140
1587 2145
271 1807
2125 2379
2392 6355
1670 3240
857 3364
3288 4572
3149 6128
143 833
271 3656
1137 5516
118 747
2012 4089
1421 3668
2636 4229
272 1925
81 357
1235 1616
726 1137
2232 2341
4125 4469
2085 5216
365 1319
1137 6486
1137 5050
0 3107
271 4175
783 3463
372 1965
1180 3621
1383 5614
271 567
3220 4611
1201 2474
572 810
365 2832
1022 3894
581 948
372 2012
1352 3826
833 927
1051 3008
271 4461
564 793
271 6201
3486 5300
551 557
1406 2520
1037 2022
1008 3707
591 893
271 6318
1352 2512
271 890
0 2395
5392 5705
868 2439
564 2891
1900 4133
957 3852
783 5255
922 1137
1137 5719
3871 4373
990 4152
107 7077
81 350
2815 3725
3159 5568
2668 3710
3837 4013
1393 2088
2891 5966
0 2183
1137 5890
365 5308
302 608
1008 6553
859 6139
988 4318
1137 2236
2891 3080
0 3156
1421 5809
271 2280
365 2301
1137 5228
2468 3522
1352 3557
4469 6584
1352 2777
1137 1445
785 2305
2380 6149
747 1658
2891 6417
271 1778
3728 3859
4305 4337
564 1435
271 1175
636 658
888 3879
1464 6353
3210 3225
2468 2615
365 1479
12 81
303 690
365 1257
2737 3886
1137 4932
977 2031
279 421
631 4435
378 608
568 912
958 2749
962 972
3560 5287
2392 5309
700 4232
271 1206
797 958
1024 2030
1988 6596
912 1883
2667 4224
271 523
271 1319
1745 5772
572 2074
365 3060
2109 6375
957 3805
238 325
1042 4098
695 1884
271 3168
1764 5658
238 308
2263 5094
377 4259
783 5806
1006 4497
764 772
910 912
1872 2015
1900 4090
868 2254
0 2343
2359 5140
1079 5571
279 1103
1212 5307
1051 3415
990 4116
1764 6351
1406 2173
379 6544
271 2824
4267 4469
0 5192
1059 2085
868 2483
783 5561
800 903
3792 3995
1406 2399
1370 4544
2654 4516
1137 5934
365 5280
271 1461
608 1811
3243 3330
138 6521
912 2235
2539 3521
1130 6363
2614 3517
1630 1664
1121 2988
985 2797
0 1782
1421 5414
0 2608
2104 6093
615 618
564 1480
107 2415
271 5486
77 4319
611 5499
1099 1677
797 4177
2903 5566
365 727
271 2530
365 2307
985 2042
769 3229
1130 1522
2638 3959
365 6005
365 1229
1260 5851
833 3063
1130 2919
272 1982
680 2891
271 6233
279 457
121 365
271 1498
81 2299
2125 5186
1137 6430
59 912
138 257
1424 2392
0 290
365 1408
912 6156
2125 2903
1012 1945
381 3517
2063 3861
792 4549
764 3350
1137 1812
5183 5371
1160 2600
1343 3402
72 1551
365 6262
271 1497
2017 5741
1051 2873
2468 3601
228 238
3159 7657
1682 1727
21 5375
2888 3517
4491 5499
0 2307
365 3679
1562 5747
912 2892
271 5755
271 6423
2769 3711
1137 2872
1646 3220
272 1042
185 279
1137 5864
1335 2992
0 5204
3187 3258
376 2682
18 145
1008 2715
271 2973
2474 3227
4427 5499
1547 5269
271 6030
2223 2384
1942 2689
1403 3671
2891 6410
385 1015
1600 4590
2891 3139
135 3667
143 680
2759 4159
1693 2468
754 1098
988 4230
249 279
93 4902
1011 4447
1163 4714
271 5589
1352 2690
271 1556
3233 3373
1144 3920
0 1051
1048 4431
365 3613
2173 2392
1160 6428
3329 3370
93 271
271 2385
1137 2470
271 5442
1099 1705
236 281
783 1882
279 2011
32 584
1051 6979
271 1883
385 3864
783 2293
1624 1639
1614 3250
0 6445
143 1181
356 4537
1011 3779
2891 5519
271 5061
2012 3973
2706 5123
572 912
2545 2845
610 2091
1893 4243
1743 2140
1894 4532
1370 3269
2044 4353
749 776
2516 5906
93 868
0 5078
764 767
783 3477
107 2852
377 3793
180 920
564 5631
1790 2088
365 3216
2468 5168
365 3004
2891 6340
271 1420
957 4266
910 1261
2069 2821
81 87
0 5475
365 6379
2734 3792
914 4398
0 1122
0 5394
749 3333
1067 6176
783 5331
271 3567
1541 3016
608 890
271 5836
4292 4412
1024 3797
1528 5543
69 825
2683 3890
107 6985
271 6013
2618 2706
1582 1591
2714 2717
271 3057
2088 5070
365 5335
271 6114
378 6531
271 2150
1210 5950
365 5480
2627 4305
93 6309
783 5573
1137 5191
1602 3327
1137 2545
1872 2668
624 1008
0 1492
1011 3856
1406 2430
1137 3650
1872 2811
2739 4470
564 6120
2114 5139
271 2522
912 5329
271 4923
7 1792
3794 3980
1704 3372
271 6983
1357 2662
271 3659
272 3611
271 6109
271 5032
18 5906
559 2212
70 271
3273 3276
356 3382
2125 2220
2270 3503
1946 4503
356 3204
1235 4676
568 868
365 1318
410 5928
271 6495
279 614
271 6938
764 3192
2392 5288
1692 1694
271 6978
365 2831
2827 2883
1137 3103
107 564
107 6488
3832 4235
833 926
81 145
271 6200
1137 2012
551 556
3714 4040
2249 5815
1137 2581
2699 4430
2512 3122
271 2577
761 1117
1343 1693
2642 4236
271 5634
271 6366
531 689
1137 5718
2012 4211
2891 5422
3728 4142
1704 2891
93 5214
2891 4939
2966 3963
399 511
1137 5235
2828 2891
2222 2510
3801 3861
523 531
271 5969
832 4181
2928 6271
5608 6198
2437 6990
608 3792
2510 5024
365 777
591 1137
272 4301
1671 2468
365 2300
1137 5219
2085 3573
385 4189
978 4148
2076 3736
957 2705
1950 1984
1137 2461
997 1900
271 5397
1733 4589
990 6603
2318 5313
279 469
365 2334
2678 4394
591 2125
2479 2891
2891 6240
2700 2891
69 2113
1635 4662
271 2423
279 420
138 1544
2125 5324
107 2609
356 4721
2433 2468
2891 5792
356 3256
1011 2068
1872 4095
1111 1137
680 6017
271 7038
2392 3696
1200 3004
890 4127
2105 6221
377 4160
1067 3483
572 2075
2082 2919
2356 6266
2891 5151
3290 7638
801 3716
2063 4001
271 6172
584 5569
2407 3141
2891 6996
2468 2474
5020 6148
1013 3798
1529 6374
996 1924
3813 4370
1133 6160
783 2150
2088 2397
923 2022
2392 2476
1137 1242
2341 6237
1745 5199
1137 5746
572 2655
913 1661
912 1352
1882 3907
271 2827
331 1035
1 2125
1571 3269
2891 5385
1191 5391
333 611
138 1319
271 6069
3792 3996
271 2692
1404 1635
1008 2767
271 2089
1745 5626
1137 2254
271 6106
1358 5270
783 3068
2474 2614
2707 5747
1137 6078
988 4259
1406 1430
0 1406
2012 4135
3973 4279
365 2272
93 5239
912 2251
4328 4461
365 6937
747 785
1352 1981
641 2748
271 1745
3250 4711
1035 1892
985 2041
2107 2827
271 4979
4148 4269
1884 2706
743 4910
93 4652
0 1210
680 2892
365 2596
279 456
971 4003
2678 6628
3273 4688
143 1065
365 905
1137 5104
99 1137
4119 4120
1397 5203
890 4084
700 3881
2928 5106
365 2886
797 897
1672 3187
1580 2468
271 6994
1010 6536
93 1508
135 5538
81 840
967 2618
2545 4965
2742 2799
114 3856
401 3481
1185 3490
803 2618
2063 3973
0 6973
3273 3320
793 6108
1901 4257
1622 3225
261 358
914 4280
1777 2016
565 808
783 1761
1547 6240
912 1430
1900 4063
1051 1137
2392 5677
2468 7062
271 3429
1137 3474
1137 6283
2919 5546
792 3299
2100 4245
4244 4322
2085 5831
783 5002
271 5867
1686 2114
0 798
1237 2412
1406 4978
271 2927
1137 5871
1011 6527
272 376
3187 3261
1366 1782
2700 3910
564 4942
271 2972
1942 4201
2085 3290
2125 5021
747 3541
2468 3257
2742 3873
564 2513
2903 4633
5499 6519
783 5645
523 680
272 349
1163 3252
0 6114
2704 3736
271 1559
988 1035
2395 5496
2471 3675
365 2244
356 1137
271 5340
2392 3534
385 3709
783 5968
93 5435
4234 4325
1942 1944
1236 6019
1108 2082
1421 5594
797 4293
3506 5339
2510 2920
2903 5170
575 808
0 6446
4077 4175
996 4302
888 4047
3273 3287
1176 1177
5095 5387
1782 6976
236 591
868 1320
783 3701
1137 1749
1463 6000
81 795
4038 6576
564 912
0 6395
0 271
365 1635
783 6942
376 2765
1106 3675
1721 4576
257 2212
223 1137
1137 2237
1008 1901
271 3163
912 2955
271 3582
3597 6040
107 1093
564 3010
912 1635
0 45
3832 4174
1144 2872
2627 6611
271 5673
1872 1944
365 6378
783 5293
271 3466
271 5200
2125 5690
1243 2989
919 2478
783 5330
912 6105
273 3181
1137 3035
747 3219
523 2125
365 6412
5391 6413
35 5815
1099 4674
680 5023
273 4575
783 5616
761 764
271 6125
748 910
2668 4410
2778 4374
608 1901
107 5238
271 2145
2991 6599
783 2578
138 698
912 5541
1692 3198
1011 4410
13 143
783 6251
365 6967
271 2355
0 6028
2137 3177
1163 4582
896 988
365 7137
1700 4764
2451 3527
1208 2474
365 1138
2293 3531
3944 5499
271 3621
1073 1137
29 1211
1872 2699
358 1565
1137 6250
378 4227
358 5301
224 6546
143 1764
797 3822
785 6190
356 4702
1872 4518
2699 6609
523 1406
356 3205
273 1584
2261 2468
272 3898
1370 3238
1137 1777
2275 2392
271 1229
1880 1895
1872 4292
116 3144
1352 3828
2496 5094
271 678
3041 3453
271 3086
2316 2869
257 365
279 948
2891 7112
4221 6711
1008 1048
271 1758
1764 2891
1137 2789
2068 2668
599 912
801 4057
271 6361
2424 4966
868 2235
1137 5717
1942 2722
572 2740
1137 2934
2468 4189
3187 4543
271 2870
2474 3390
1108 1529
1013 4200
1959 4035
3325 3330
365 1113
224 572
747 3340
3187 3189
271 312
2478 6021
1008 2724
271 6081
3792 4212
2017 4289
138 868
1024 6513
271 5238
1650 5477
271 2282
2758 2795
54 5065
523 833
1871 2664
783 5672
1099 2891
1137 2460
5094 6154
990 6600
1243 5491
365 2333
3496 3621
1085 2749
1872 4452
365 2478
700 2009
1212 5052
365 1255
356 4579
2891 5842
271 5007
2309 5352
1683 1685
2341 6950
2545 2891
405 509
1352 1630
1160 6929
2085 5149
0 1201
1499 2426
1199 5401
4386 5569
271 5940
912 3545
792 4587
2494 5289
271 1366
2709 4245
783 3907
2085 2380
1067 6460
523 3517
0 102
3714 4013
1137 4915
272 2479
680 5958
764 774
2114 6023
2650 3886
271 856
1981 2697
1698 1717
143 3541
1674 3187
2891 3613
1166 1947
2017 2725
314 5316
271 2984
143 257
680 3674
1782 5954
957 4531
0 819
2636 4275
272 4155
912 2560
72 3581
1137 2125
1160 3426
783 5563
997 2789
2891 4040
3838 4180
1402 5020
1421 6129
2468 6199
271 2088
2468 3074
529 2034
1012 2647
998 4359
271 2137
912 3613
810 2029
5393 5931
1137 2398
1136 1371
1343 3458
271 2254
2474 5705
651 2660
1872 2613
1235 4547
859 1182
747 1624
1715 2145
271 1744
4577 4725
2733 3999
1137 3593
3138 5778
1352 3297
344 1008
145 257
868 3579
960 2022
271 3613
1137 5625
4305 4460
4100 4514
356 3199
2510 5608
1343 5994
365 1227
1137 6194
2286 6492
1944 6696
279 459
2225 2772
1397 6409
2612 3783
783 2089
3233 4725
285 1863
2506 7018
138 271
271 7005
1137 1721
1900 3755
907 5784
4891 5692
58 5205
2384 2904
365 1656
990 4508
1320 6186
271 3142
224 6608
3240 3281
0 6974
1137 1947
1876 1966
322 2217
4161 4378
365 2106
3074 5058
783 1760
365 6149
0 241
145 1528
2125 6167
1130 1755
2697 2748
1573 1591
5065 6297
1151 2891
2392 5853
2286 2444
1137 5661
271 3477
271 5866
365 6439
912 1205
138 4474
1406 5789
1137 5870
764 1683
1130 7048
4000 5499
0 1560
2117 2474
1137 1804
1137 1319
1008 2717
133 238
325 2382
0 5317
138 564
314 5549
143 261
2891 6412
727 5094
271 6199
2088 4963
365 5250
417 2988
271 5177
1136 1256
2468 6586
277 868
3173 5391
2694 4443
0 6053
3728 6631
1370 4565
2088 6509
1357 2445
271 2338
912 2088
271 5343
2392 3535
271 1439
912 5044
858 4290
3319 4600
378 2681
376 1010
1704 3235
3513 5156
271 3243
1921 4333
271 4897
19 5816
1137 3637
2891 3457
68 1816
107 5734
1872 4396
783 3414
266 523
1137 1425
3273 3286
271 1994
1013 2627
988 3988
271 5063
3716 6640
2437 3011
2392 7047
1693 4585
1397 2614
2478 5911
54 6320
399 523
868 2892
2903 6016
1024 4046
769 3338
2468 3609
912 3474
783 1457
2012 3749
747 1641
1209 5848
271 3125
1137 3386
271 1422
271 3162
711 832
271 6231
2891 6943
747 5783
651 961
271 5672
271 6340
1035 1908
271 912
241 271
279 1137
1137 1249
2125 4907
271 2552
0 3631
1533 2392
1137 2987
138 601
1051 3135
2107 6034
1137 2052
1591 1721
271 6124
990 4364
1108 2435
1130 3527
6532 6544
5057 5608
17 2198
747 1397
1954 3791
1130 3414
608 2013
1137 2406
271 5250
2391 2614
1137 1229
0 1319
914 1927
564 6972
365 5512
2341 2614
0 5758
365 6507
4100 6525
3811 4322
912 5444
1961 4008
3832 6542
1930 1941
0 1093
279 301
783 3406
2664 4505
0 1268
1421 5198
3172 5202
4389 6514
840 2260
2809 4461
764 3220
1243 5701
1137 6394
572 967
1388 4040
314 859
868 1406
1722 6226
271 5083
4305 4523
233 4319
2318 4903
271 5759
1335 4994
1335 5237
1782 5384
1160 2118
1421 2537
912 1811
1553 3438
564 5078
507 1872
3121 3859
1006 4095
356 1672
2104 3665
271 1543
1580 1689
2478 3096
2392 5977
1252 1338
1693 3298
271 6202
1406 5168
271 726
376 4445
238 3699
676 1357
271 6315
271 839
868 2261
271 5644
1137 5716
868 912
572 2741
271 5821
3358 4607
689 868
1137 1165
1782 3043
2891 5553
2468 3849
5392 5994
271 5922
3333 3339
25 5816
273 3265
271 2982
1137 5814
365 5136
365 5160
747 3343
3187 3188
886 4382
4096 4097
2145 2891
783 5591
369 1137
3849 4338
1158 2156
365 5355
272 4365
2088 3098
81 6383
1011 4456
2795 3748
72 135
2405 2545
271 2293
1137 5217
271 5350
1352 3560
1010 3732
2384 2956
26 271
365 5318
72 3053
783 2839
1137 6955
271 1791
762 5257
271 2443
2044 6587
365 1497
1137 7044
271 3640
365 2477
764 1618
2180 6286
3859 4142
1137 6165
1893 2774
279 422
1040 2034
2780 3731
365 1399
550 551
3187 4755
572 1003
4086 4305
1153 2088
107 3008
1352 3891
125 279
1591 3232
236 912
5013 5094
4223 6558
271 2161
358 5552
564 6395
107 3117
107 2897
1137 1692
1343 2468
271 1312
44 143
382 2301
2706 4434
356 1708
792 4588
4123 5499
2104 5097
271 5218
331 4319
2043 4466
1010 4322
912 1565
2043 2630
1463 6484
271 1478
521 523
271 3218
2468 3832
764 775
2088 2480
1881 3728
76 257
1212 2891
1704 1707
5094 5834
0 5421
1067 6365
271 6460
957 3885
3520 5237
365 3593
271 3504
1137 1193
2774 4054
271 2837
2125 3397
356 4759
365 5243
1137 3042
708 1004
747 910
2957 5930
1192 1419
1745 5487
1137 5970
3182 4569
5650 6993
680 1236
2125 4936
93 5038
322 325
1370 4575
2272 2304
365 2125
272 4457
271 5205
2392 3397
2392 2969
1736 3187
2058 4046
897 2022
895 5177
365 2270
1130 3650
1137 2350
2478 2891
365 579
3001 5446
2107 5136
1872 2614
145 375
2125 5516
2107 6017
962 3954
404 523
1035 2039
4289 5741
2614 4092
700 2041
1137 6193
1006 1942
272 1969
4100 4231
107 6263
1741 4338
4100 4374
681 2468
365 6036
2700 4451
1773 5094
66 5020
1137 1720
2043 2820
576 1768
365 3029
107 3494
271 7117
2706 3747
2557 7657
143 1406
365 3475
865 3790
833 836
1388 2034
601 4444
378 3802
1872 1982
382 1942
783 5195
2468 3683
1137 3472
271 6416
365 2963
912 1319
143 241
2891 6224
3187 4553
2891 5608
1343 6041
271 5877
2614 2722
1137 1365
743 6064
3187 3263
3792 4075
1137 1318
81 1792
1199 2425
365 5360
5340 5851
912 1108
0 2882
1137 2280
1119 2088
2614 3565
314 3433
365 5394
793 6465
271 5289
1695 4660
1421 3082
1177 3323
271 1553
783 5933
2474 2891
2109 4937
271 5342
1688 1722
1137 4694
143 2407
271 2386
312 4544
4451 5499
1704 3236
1099 1706
0 2456
120 5906
1137 4647
365 1267
1137 3636
271 5628
4291 4479
3753 4305
5741 6217
868 1268
1893 2717
1137 5604
271 4956
2979 3609
636 2576
2468 2679
3288 3311
2238 2996
365 1343
1902 4200
819 5065
1959 4131
4192 5499
272 3792
107 3172
2085 2128
0 4342
912 3186
1406 2562
356 2990
1108 2784
2341 5306
769 3337
762 1648
1010 4350
0 6426
0 257
143 1325
1137 4348
516 2661
365 3001
1496 1541
279 462
344 1892
1408 1739
1051 5750
1137 3410
3074 3526
2223 3480
356 3267
1893 2793
241 5506
797 2626
3218 5596
832 4415
271 915
912 1235
3782 3973
271 6007
1137 2888
3832 4018
599 2891
564 5182
1710 2145
1137 3033
584 6223
2891 6349
783 2386
2125 6426
564 4956
3241 4636
406 523
1739 5329
783 5611
1893 3948
1137 6123
4096 4098
1652 3357
2085 3001
1177 1591
1421 2468
747 1650
271 5261
2298 6076
783 5889
670 1137
356 835
385 4327
365 523
2286 5276
271 2486
365 2359
365 5656
271 5539
143 988
271 1803
1013 2820
2545 2627
785 5686
271 3623
1044 1872
1553 5042
356 4553
1013 2741
1137 4956
271 5045
81 2152
1130 5842
564 3581
608 677
1137 6393
107 6318
93 5028
279 498
797 1137
764 3076
2777 6598
833 1137
45 81
1528 2304
2114 3012
2891 6119
272 3915
5674 6238
1553 2374
2306 5906
1975 2614
1591 3197
271 672
4170 4261
2286 6374
2891 5236
262 6966
4038 4305
1130 5270
551 553
2891 5317
4344 4486
1745 2891
2088 2517
747 758
1081 1274
236 1137
1927 2641
572 2759
271 5647
1137 3535
1130 5192
389 551
2392 5863
608 2067
1529 6234
3144 4904
747 788
1137 5197
909 5077
590 912
271 5933
1130 5482
747 3342
271 3102
271 314
3165 5499
1771 2478
271 6083
766 3209
1137 5267
821 840
271 5345
224 4215
3290 5906
3792 3793
1958 1988
271 6155
1043 2468
314 6428
4545 4708
0 6060
1352 3561
271 4730
365 5739
2304 2326
271 5398
968 1933
271 1790
2125 2458
2395 5587
365 2331
608 4299
2392 7015
912 1541
811 2706
1739 5433
365 640
912 5168
4305 4358
0 79
271 4978
2737 3874
365 785
864 3984
81 566
988 4014
1963 4046
271 5001
3502 5731
2867 2891
4111 4209
241 936
4086 6658
2157 5507
859 2330
2137 5595
1424 5781
238 2957
611 679
1529 5533
912 1904
673 5932
1099 4578
2891 6019
0 25
1137 3128
271 3180
1370 1678
271 6169
521 4194
5132 5906
271 6286
3330 4720
59 564
1130 5201
572 2795
271 6463
365 6320
1591 4756
1591 3923
0 2474
271 3507
271 2545
30 358
1137 1192
1182 2382
271 1792
365 5242
238 2120
272 4172
271 6070
680 912
2812 4240
1970 2648
1421 6127
868 1550
0 2919
2085 6035
1137 5922
1335 2894
2468 3084
271 5159
890 2794
81 1221
2384 2891
888 3920
584 5901
2085 3333
120 1137
486 636
3788 5499
925 2474
5340 5654
1110 2441
271 2248
783 3113
912 2254
271 5317
410 3692
271 1709
905 5678
0 5583
143 2306
271 2425
912 5502
622 4082
271 5482
1024 2891
116 2515
2645 3947
914 3851
1575 1591
2286 2891
5714 6464
365 868
638 5544
271 4988
258 1158
575 3838
2777 3729
356 4589
271 5101
2618 2619
3074 5760
1137 6273
271 1268
2386 3079
868 1335
608 988
912 6385
678 1764
2706 3886
2433 2614
1057 1177
4370 4448
2108 6371
1352 1777
1137 2606
401 1241
1782 3673
1984 2468
890 1529
271 1460
3763 4261
358 1185
365 6137
2132 3023
271 2597
271 5918
2468 3613
1872 3723
2085 2559
271 6370
1462 6228
868 2286
365 3675
271 3430
990 4197
783 3539
1148 2085
2474 3429
783 2373
271 3479
1877 4348
747 988
0 785
0 2085
1677 1704
1745 3610
3187 3262
1137 1317
1130 6963
365 5359
365 4891
507 881
3273 4542
783 5752
1967 4301
3541 5301
2700 5499
1137 4999
2474 3001
1048 4388
365 5393
271 5288
1695 4663
365 7017
783 5932
271 5337
3950 4313
564 2145
271 2397
1137 5305
1011 4161
2991 3611
0 1147
1551 3053
3910 3911
1081 5714
365 5828
6286 6348
564 6023
1700 4697
783 5635
271 4944
385 1008
2125 5376
377 3850
1348 2823
1421 5069
271 7035
365 6118
1137 1683
1557 3306
608 777
271 1093
325 5059
783 3702
365 1432
1137 1738
1137 6126
3878 4193
3273 3382
3565 5349
769 1636
365 2837
143 2891
2621 4354
1370 3184
271 591
498 2199
1136 4712
272 4095
1137 3173
3272 3273
2205 2988
868 2988
271 4485
2085 2306
1137 3409
271 2165
376 4530
271 2224
2891 3130
2891 3670
1611 1693
912 1525
271 914
2413 6494
0 2531
608 2056
1108 3572
2891 3623
1782 5913
1137 3507
2063 3768
526 3504
5393 7036
4166 4230
777 1942
272 995
1523 2510
1196 2328
2468 3863
747 3220
138 1012
572 1881
1971 2667
271 2892
1702 1707
1335 2960
4292 4431
1067 2227
365 5331
766 3218
2093 2380
783 5730
2254 3678
107 5023
2085 3404
2863 6421
271 5151
365 5008
314 5090
81 5045
277 2474
4176 6639
113 279
143 2468
591 1038
1699 4652
1352 2722
3826 4345
3802 3862
271 2304
238 5868
1406 3088
990 6611
238 5839
271 1765
1035 1872
1998 4188
1972 2019
2706 3074
2478 3059
271 3622
1137 5430
5065 5171
365 1024
868 3517
1006 2012
1357 2878
1137 5511
68 2085
564 1186
1745 4920
2063 2721
912 6427
271 1064
5094 5137
783 3621
2618 2803
1235 4680
93 3494
271 1113
985 3759
2125 5126
1035 4321
1137 1782
81 5815
1745 5787
2891 6118
356 1674
1035 4478
1591 3196
568 725
1901 4164
1161 1251
2891 5239
358 4930
1988 4119
1872 1881
551 552
365 1749
1745 5957
1033 4322
1137 3453
2161 3127
93 279
271 833
271 2589
3832 4205
405 523
358 4967
783 6950
2080 2114
2392 5864
608 2068
868 914
271 3422
1690 1695
5375 5572
372 4265
272 975
1137 3613
641 4382
3187 3273
1008 1352
271 2976
272 2818
1137 5812
365 5158
1942 3908
2822 4153
271 5981
887 1984
3187 3190
1370 2474
366 1961
868 3693
0 5263
365 2151
1137 6038
271 6426
564 1747
271 5235
1348 2420
2928 6993
306 5443
0 3002
680 3148
1602 3295
2478 2861
1130 4911
365 5643
271 2404
1212 4953
1137 2449
271 5393
71 271
271 1785
680 2614
1137 5441
2125 5606
1690 2760
1 6310
2392 5452
2395 5699
4305 4357
1988 6300
1008 6651
3619 6967
1137 5539
2891 3060
356 3285
3737 3848
1886 1959
608 834
1406 5165
3187 4757
356 4733
981 2002
107 7045
271 1213
1137 4185
107 5966
2085 4982
399 6117
2114 2601
3924 4372
1137 3135
1130 3604
271 1363
1600 4669
2891 5139
271 4428
912 3435
331 4305
2455 2891
1036 2668
1652 3354
93 2838
764 769
2137 2242
271 933
1008 1031
1358 2347
0 3648
4040 6605
2699 4351
365 2789
365 3591
912 2492
810 4515
4385 5569
2741 3736
271 2839
2727 3948
271 5963
1137 3040
618 620
1137 5969
894 1009
3973 4352
1130 1815
242 328
912 1130
0 596
271 2101
3001 5881
564 1792
365 5063
271 5899
2795 3829
509 1199
271 2138
365 2123
2752 5499
1137 2387
271 5207
2476 5211
747 1343
1885 4395
2453 2468
2474 6300
312 1247
271 1708
1010 3766
271 2424
365 2413
625 3740
231 2988
1137 2493
271 5493
1235 4548
3918 3992
1745 5729
2872 5251
2085 2175
1137 1237
1035 1944
365 5855
365 1079
2170 3041
365 867
272 1971
1541 5111
271 5100
356 3273
143 5906
1008 3748
749 910
1137 6272
1011 3739
4092 5391
0 4944
1274 5386
2510 3165
271 1169
1358 2891
271 4013
783 2252
762 1626
523 1544
1894 4380
272 572
1585 1698
1201 2549
990 2314
3266 3330
2104 3595
1871 1872
271 7119
1137 1807
5392 6961
271 667
3206 6226
3745 3832
3563 7062
271 6268
271 2596
81 110
958 4405
996 1956
271 3425
241 5493
859 2532
271 6418
2392 2444
1406 2099
257 2214
751 910
3187 4555
572 2687
1113 1137
912 1192
138 2988
0 2976
271 5988
1011 4394
271 3095
1035 3719
2468 6343
1564 2891
271 2968
365 3853
272 4265
271 6037
914 1981
507 880
3273 4541
271 381
783 5641
957 1902
1243 1961
46 1591
4040 4249
1136 4739
365 2095
1137 5214
365 5392
604 1172
365 7016
1108 2376
2341 5634
912 5580
93 5510
271 5336
143 523
2683 4227
0 2577
365 2385
523 1051
2676 3778
138 833
2614 3772
2359 6099
271 2322
271 4898
365 5827
783 3070
564 3700
1422 5804
271 2345
3870 4030
913 3213
365 5972
1942 2474
16 81
5000 6286
868 2665
572 3728
1909 4482
680 5951
1137 1656
1750 5202
107 6229
747 3212
868 1492
1160 2533
272 3794
3693 6112
1764 5482
1031 6588
769 1659
1667 1727
1137 1882
107 591
1210 2392
912 6253
0 1218
271 1783
2809 3812
271 6179
995 4321
365 1776
238 262
1343 1815
1192 3143
34 81
2100 4439
116 564
2085 5509
0 5496
2392 5645
4196 5499
783 5289
2343 3702
271 5722
1553 3273
1062 1063
680 3397
783 5098
747 3223
2293 4901
1137 1399
271 2895
912 5996
365 5185
14 5906
783 2971
138 2224
3792 4349
1708 4671
365 5330
100 822
1629 1635
2744 4254
230 988
1172 3583
1965 4489
144 2395
331 347
1137 5242
1022 2791
143 568
143 2516
271 2307
1067 5341
3252 4583
14 271
406 3613
271 1764
238 3433
271 2480
2819 4219
365 5654
783 2989
1636 1641
1422 2501
2088 5695
0 1112
868 1051
271 3617
365 2502
2056 5747
1470 2872
365 811
1137 4946
783 5100
271 3670
279 415
138 1553
1438 1486
2022 4156
764 3223
376 3792
145 607
377 4429
332 1035
271 4132
2891 6194
2304 6304
981 4154
1421 6957
1959 4289
279 637
279 430
271 7009
3220 4617
4013 4276
608 3389
293 4382
1108 1325
383 1106
271 1406
365 2971
279 453
271 6151
551 555
844 1591
772 788
20 81
260 1600
1137 2568
985 1023
1702 2474
3876 3913
365 3473
2891 5460
271 5641
564 5229
257 1137
1640 1651
2223 5608
81 940
271 5935
833 2106
0 2286
271 5980
1008 1012
3824 3918
271 3024
272 4282
271 6093
1981 5906
143 2235
1008 2615
0 2828
365 2150
21 783
797 1997
2125 6174
3513 5799
3845 4099
0 3003
6599 6715
1562 1942
271 2407
1782 3549
625 3831
1261 1694
868 1529
1320 2160
271 5392
1137 6952
783 6392
143 1115
385 2054
1343 1461
365 2474
271 4890
365 5771
1364 4707
107 6399
365 783
2468 4461
2125 5319
1551 5906
376 3820
2452 6380
236 636
1571 2468
356 4734
93 2385
1252 4947
5731 6071
912 6295
1067 3460
358 5559
5394 6249
1137 4013
356 3380
890 3916
271 529
365 1430
890 4120
2510 3569
271 1325
2125 6074
624 2007
401 856
272 608
107 6459
271 3182
1942 2974
271 6171
2700 4143
155 409
365 3556
2468 2737
1872 2005
583 1130
523 7663
957 4025
143 1541
783 5232
0 3649
4292 6567
271 6457
3 5815
401 523
1137 5749
539 1137
730 944
272 4159
5391 6041
618 621
1137 1343
271 2951
572 3866
1464 6091
639 810
2114 3603
0 1359
868 1544
365 2954
764 1641
2056 6696
868 1695
0 3048
5517 5758
3621 3660
608 1944
271 5319
597 2384
365 576
271 2427
1323 2474
93 3727
1351 1792
271 5492
271 1756
271 2536
1137 5484
1798 2988
1894 4305
3832 6601
1177 1534
868 1235
2085 2313
365 2446
271 5184
46 913
564 5980
1031 1872
785 5773
792 1163
1568 2408
279 455
0 3137
1492 5207
868 5097
890 4442
1872 4194
3926 4324
747 1944
2286 6210
271 1168
4930 6059
539 3001
3866 4476
572 2100
581 2210
365 1547
1104 1105
93 572
2363 3521
2891 5182
2425 5401
0 70
381 2125
365 3528
271 7140
1130 5247
1035 1904
912 1419
2392 3159
1587 3238
349 1969
3517 5460
271 6345
2709 3752
1942 2692
0 868
3187 4554
1745 5294
271 3473
1116 1541
1051 3632
990 4346
2085 6247
46 1370
0 5162
1274 1464
1942 4194
2194 2988
271 6036
659 2125
507 883
2007 3945
783 5640
1421 6397
1137 6092
273 3383
2107 5602
271 5125
1008 6567
2030 2742
0 3060
3210 3335
107 4930
365 5391
358 3669
5303 7644
314 3559
572 3783
1137 2511
783 6275
271 2399
365 2384
0 5637
1704 3239
236 279
2903 5208
238 3389
2392 6398
783 3065
107 5722
2382 5059
1876 6555
4996 5923
1335 5585
2776 4153
3187 4684
365 3176
2088 5948
1883 1942
1006 3792
271 6924
2744 2771
3273 3380
769 1658
769 3342
4322 4372
271 5012
783 1469
1008 1811
1745 5838
244 365
2088 2157
957 3615
572 611
865 3823
2836 2940
107 1080
2651 3842
0 34
271 2619
611 4129
1034 2002
2392 5646
680 2439
584 5436
601 6594
1602 4581
2135 2137
1137 3505
3296 4650
764 1623
0 1944
2516 5443
783 5337
0 5133
747 3222
138 1010
1708 4733
81 5496
1421 3687
680 1137
2368 4960
572 6654
1137 1479
2891 6495
1395 2107
271 6063
3728 4469
958 3858
2468 4903
1652 3352
2755 4522
2705 4308
1357 3848
2468 3541
3707 6650
130 358
1704 4557
271 5439
2516 3645
1352 2611
93 365
2125 2547
107 5400
1130 1312
61 271
2392 3166
365 1133
611 2669
271 1812
1872 4477
5183 6959
383 2510
365 5798
271 5597
1346 3247
777 2474
271 3665
2037 4046
2100 6714
271 5046
407 709
365 1464
1653 1718
833 2891
145 606
1137 4898
2891 5818
551 4319
271 1219
1235 4682
1942 3891
1259 3539
365 1312
2742 4387
1137 5043
0 3130
1031 4326
2700 4390
271 572
2150 3673
1008 1998
3400 5881
600 974
833 912
365 2970
271 6150
1357 5927
378 1035
551 554
1137 2575
1690 3375
378 6561
279 2202
1137 1959
1268 2891
271 5640
271 6436
271 1008
1130 1567
365 3617
271 3416
1137 2921
2988 5906
2891 6173
116 712
1130 5481
32 143
912 5521
833 2105
3734 6518
3768 3973
365 5156
895 2991
912 1024
1008 1013
912 5848
3300 4545
618 808
833 5347
2903 3568
1252 1779
1178 1274
1522 2478
1130 6382
3877 4305
2392 2945
3845 4098
572 3864
1137 5221
1602 3293
2890 2891
2991 4064
1130 4909
107 5397
783 6218
2468 6477
271 2406
358 2232
912 2478
356 866
271 1505
5156 6174
2474 6217
564 675
1137 5447
1137 3680
1011 4155
783 4100
3708 4417
2707 4533
365 1250
107 5666
279 418
0 5705
356 3287
2033 6615
145 570
1357 2965
0 3479
154 2516
2177 5413
120 358
143 1088
81 2081
2618 4361
2163 2392
1022 3786
1137 1680
145 868
1008 3760
689 2891
1010 6641
38 6272
365 3410
2088 5138
3763 4170
271 6170
912 1553
2007 4499
238 319
1274 3041
1137 2603
1647 1652
957 4332
350 2928
1130 1760
1090 1115
1099 3239
747 868
912 1343
325 5682
365 3589
1357 3387
271 3516
0 5584
30 357
912 1358
376 4298
107 7046
633 1137
972 2690
1888 2618
3405 3576
912 1245
783 5510
228 309
3687 5823
308 365
1013 3994
1335 2891
1137 2240
271 5152
890 2793
2592 2891
912 5715
1137 2385
2159 2161
785 2024
2635 4319
783 5845
3333 5906
1137 5121
1051 2520
584 1170
745 6008
271 3518
271 2426
1507 2392
1199 6935
747 1130
302 2468
0 1426
2018 4003
1137 3596
2392 3094
143 785
783 6476
1067 2865
271 3608
365 2445
2468 2642
2125 2254
1526 3593
1160 2172
365 6143
912 1969
75 1137
912 6501
107 6251
244 2392
271 3520
336 611
1051 6099
2088 3060
143 2928
572 1437
2125 2896
365 3025
896 3723
271 5018
2437 5217
3593 5049
271 1457
1137 4261
10 81
0 6963
3935 5499
81 108
564 591
3948 6584
0 246
1782 2829
0 3630
6201 6937
1348 3607
356 3308
365 1981
1137 5648
2891 5612
2772 3903
271 5873
1467 1592
1160 3456
625 4482
272 377
1315 2384
608 1768
1008 2706
591 785
2098 2114
2392 2907
915 2891
365 3996
1137 6083
912 5290
138 1108
2358 2891
2223 2510
80 2891
4390 4466
1136 4741
1137 2429
271 5301
1872 3883
2719 3771
2114 2326
366 3989
1137 1421
365 2238
1137 2510
271 5338
912 5857
608 1044
1137 5310
783 2891
1497 2478
314 3050
271 2511
1031 2665
1397 5998
1641 4608
271 5624
1041 2793
356 4561
868 1264
564 1225
272 6713
3273 3289
1044 4439
365 2562
523 1352
3859 6663
564 3476
3850 4469
1137 6306
271 1094
2286 5824
272 3796
271 584
957 3757
1602 1698
1259 5432
1745 5837
2891 5196
365 2997
2474 4895
1650 3222
1081 1137
2997 4956
271 1429
680 2410
1041 3927
2512 3149
4305 6528
271 2618
3832 4180
857 4650
5684 5850
1100 2497
138 145
271 6339
957 4116
2272 2363
400 1180
272 2683
1909 3845
1137 2892
0 833
107 7089
783 5336
1137 5692
238 5316
4578 4725
747 3209
33 143
1137 1397
1900 4319
56 2988
1421 6206
272 2678
271 657
1600 3330
271 6010
271 3070
1421 6287
671 1041
3497 3498
912 2286
507 621
3924 5499
5809 6959
271 764
1137 3227
833 5303
331 349
1335 2592
1137 2336
888 4169
2161 5928
271 2317
1137 5321
3908 4357
1942 2991
0 5747
365 2227
366 1137
2474 6226
271 1766
365 5652
523 1081
375 1798
5065 5543
3832 6547
1591 4560
271 1815
2088 5740
271 3619
2125 5456
1872 2689
1101 1137
1010 6662
1137 4944
271 3664
2891 3021
1108 2850
107 6306
1661 3210
1137 4897
2679 4247
365 1311
5013 5069
356 4651
1137 5042
271 7011
749 764
564 5675
1051 3695
223 4319
844 1698
302 4319
2239 2242
377 6514
1635 3210
1406 2234
1108 3558
66 7054
3196 3239
2088 2521
365 6199
2618 6657
3687 5670
365 3471
2675 3736
271 5643
271 6439
365 6344
912 1492
1382 1729
365 3616
868 925
271 3419
1001 1984
0 5621
2033 3721
1137 3525
2087 5339
1011 2715
1160 3050
2145 2962
914 4508
1357 5000
3041 6944
1006 2761
3271 3330
0 988
833 2104
1881 2019
365 5155
3736 3823
958 4028
1699 3186
1942 4042
1721 2145
271 2115
1942 4250
912 2391
1947 4301
1008 6624
2392 6319
3845 4097
143 2437
365 2293
641 4319
271 5357
3187 4701
1137 1255
271 2401
745 912
271 5394
2125 7038
2114 4901
1234 1364
271 1786
365 747
271 2454
302 1872
1698 3306
868 1081
271 3591
365 2472
1335 2395
2706 3316
2687 3809
1469 1553
1137 6152
271 1944
0 3577
272 3710
279 445
564 1153
3296 4543
356 4728
1500 2104
2172 2468
1875 1904
107 6175
1130 6100
750 910
3185 3290
1529 3017
238 6265
1633 1659
2392 5946
523 5142
564 5038
0 1553
3871 3949
107 1138
1437 4528
760 3220
1419 2417
1357 5683
1872 2007
365 6171
2392 5720
2177 5500
591 617
0 3651
1137 3567
859 7029
273 1386
0 2478
1137 5739
271 3519
320 743
0 5585
3832 4078
81 3290
138 4416
271 2832
1137 3045
377 4494
523 526
868 2474
1680 2903
242 327
988 4500
523 564
271 6066
4470 5094
507 873
2318 5736
0 599
3529 5543
1008 2758
912 5829
2623 4292
316 2516
572 3918
365 5417
2891 3116
1163 4678
271 5166
2863 2934
271 6965
0 1397
518 523
365 2265
993 1872
2468 3566
271 5313
2125 7057
584 1171
1739 5627
365 574
271 2373
1745 5268
2468 4190
783 3162
317 827
2173 2365
747 1630
115 2928
783 6366
680 2581
271 2538
2784 4416
2044 6612
314 2118
2137 5052
608 4442
890 2077
81 2914
271 3720
1335 5583
279 449
377 4510
785 6376
271 1133
2125 2157
225 279
835 1610
1568 5368
1597 2474
345 986
981 2468
912 6389
2286 5780
769 4609
3875 5177
272 575
143 1492
365 3024
1022 3832
1699 4640
138 697
1406 3013
1130 3703
402 533
4040 4276
356 4592
1002 2750
2085 2410
378 3956
1190 1213
833 2468
1071 2022
81 99
1406 1567
365 2105
1906 3839
271 6382
365 6399
259 834
272 2576
572 2699
865 4496
1137 3467
747 835
365 6288
331 344
2063 4104
385 700
81 269
271 5872
1022 2022
1031 6702
2238 3541
1620 1635
1137 2945
271 5985
3881 3947
3273 4561
2809 4040
783 5605
1889 4350
564 1904
382 4315
1008 4454
1137 1450
1130 3565
1024 4420
5 302
2891 3195
2350 3144
608 3611
1357 5123
271 5300
1695 4659
4040 4331
4582 4586
271 1564
564 1541
523 912
777 2019
1969 4038
2679 4307
2392 6225
564 1460
2478 3035
74 116
81 2988
957 2627
331 623
271 2510
1469 2863
271 4911
783 3067
1782 6329
641 982
1051 7003
1137 6215
4100 6565
75 610
2147 2891
912 5244
1051 5264
365 5969
890 1893
2554 2891
5025 5065
2652 4396
1335 5587
1320 3523
834 1916
1256 4545
1137 6305
356 4656
2596 2997
0 3152
783 3698
5318 5324
143 6231
1012 3770
271 1270
1525 2235
356 1682
730 2085
2709 4059
749 750
143 1320
271 1383
1897 6726
271 6188
1035 4519
1904 1988
783 7060
2709 4311
1872 3804
326 5684
868 5783
0 36
2336 5897
783 5125
1800 2437
728 6367
2085 2437
271 847
271 6338
1160 1387
0 2535
365 3643
857 4698
912 5068
2891 6259
868 2333
272 2699
793 5406
1137 3036
1137 1396
365 1797
2891 5393
271 2888
272 4217
2005 6636
747 3353
0 2545
1421 6050
2270 5397
1136 4548
1137 5917
1079 5718
3908 4305
271 6122
3034 3167
0 2851
2696 3792
238 2295
365 5472
636 818
228 2441
958 2007
783 5791
2891 5745
4469 6571
1087 1662
1320 5252
116 1549
1343 6354
356 2468
271 1761
271 2493
2392 5407
1048 2817
271 5550
358 7657
379 2799
271 5599
1364 4682
271 5040
2088 2575
2878 5094
2615 3780
365 1165
1011 4244
2891 5820
272 3746
890 1768
1130 5742
271 5854
1160 2436
272 3889
138 382
976 4100
271 574
1130 2261
2056 2707
1033 2795
93 5965
1212 5595
700 3745
1591 3192
365 1600
271 1403
377 6513
376 955
1721 3315
271 6144
365 1745
1764 4226
912 3218
1553 5651
747 749
1218 3014
811 2468
1388 4283
783 891
572 2780
1008 4322
271 5642
1137 5818
271 6438
241 6032
917 2168
1137 2927
577 2828
1137 1159
271 5967
581 1108
833 2111
912 2474
1727 3330
2676 4072
1137 2266
271 6094
143 379
3509 6165
271 2114
1137 6026
988 4473
1137 2219
636 854
3718 4030
3845 4096
271 2291
365 5589
1421 3149
312 539
278 304
1048 4495
859 3559
271 5405
83 2988
1942 2024
749 755
271 1733
271 2449
365 2326
1137 5445
1965 4226
912 6372
1673 2474
2448 5078
271 3590
529 2468
267 271
373 2988
3252 4679
1346 3249
1589 3187
2007 2756
3270 3273
0 3578
988 4011
279 444
1031 2046
2088 5991
2254 2836
835 1617
1235 4712
1137 1541
120 143
1252 4909
512 523
4440 4525
868 2818
4207 4536
572 2067
107 3504
1024 1942
764 3339
66 81
1137 2648
747 2836
1099 3195
1764 5635
2700 4138
0 675
868 2144
1032 4471
365 6170
1137 2392
0 236
1157 1172
93 3575
1136 4743
354 697
2004 2623
271 6458
143 155
1274 3573
4097 4099
111 279
257 3692
385 599
783 5054
0 5586
3330 3383
868 1883
271 2835
957 1981
0 2988
728 7093
1048 3743
271 5303
271 5900
271 3083
834 909
868 2468
1137 2165
507 872
2668 3818
868 1547
1893 3934
2088 5006
912 2341
601 2680
2706 4186
4993 6312
365 2119
1926 3800
2392 3403
93 6278
743 5710
783 5847
365 2264
783 5931
314 6461
2914 5906
3004 5289
2392 6090
1130 5360
271 2372
365 2409
2436 5748
1137 2481
271 5489
1235 4552
107 138
747 1617
377 4260
988 1885
392 6603
1137 5473
227 565
5744 6453
1959 1983
1136 1679
1421 5183
1008 2066
1030 3781
1137 5979
271 4987
69 107
365 1220
93 2305
2891 2964
271 5379
356 3317
1137 1616
4132 4320
365 1365
38 1093
1006 1035
1872 2024
1891 3779
1872 3908
1130 6054
271 2614
1008 1947
641 4061
2891 6973
1883 3776
2690 4074
1137 1795
365 1544
0 5486
271 1459
783 2901
1406 2901
3131 5815
1664 4622
0 3684
271 2592
372 615
2272 5054
785 912
1343 2101
3947 4048
584 5379
895 4509
686 688
0 5391
1745 2087
3187 4559
783 2857
761 910
1137 2871
74 5815
2063 3792
271 6543
1464 7049
272 1035
2100 4108
259 611
2474 3313
100 143
271 5984
868 5168
413 1782
2665 2891
1008 2708
2903 6284
1745 5453
365 5354
783 2449
1352 1872
0 564
608 1881
955 2816
888 4524
3683 5850
1343 1774
271 2234
912 5553
107 2084
81 6185
1695 4658
2088 6484
4338 4368
1137 2508
271 3603
271 5412
1137 6214
1108 2235
378 4501
271 2392
3876 4218
1137 3677
271 5461
0 2457
1610 4725
912 4922
2384 3550
351 611
138 1942
1137 3630
783 3066
2318 2844
4351 4424
5380 5704
271 4959
1352 1727
5731 5906
2990 3241
2679 3832
2891 5779
1335 5586
1421 5037
279 484
139 145
1589 3292
3238 4735
1137 5012
807 2615
272 3798
0 4912
2365 5102
1406 5624
868 2891
1108 5798
272 2225
516 7663
133 3001
5371 5809
365 2995
2700 4195
912 1740
1607 3310
523 1335
365 1155
957 6613
2125 5840
1506 2436
1137 6378
313 2382
564 5350
581 1373
833 2107
3074 3443
0 2552
365 3642
1137 3510
86 936
783 5338
846 918
1161 2938
1604 2474
271 3574
4952 5864
1352 4575
271 2891
271 5956
356 2145
3826 5741
272 4166
912 2526
235 565
1724 3273
1327 5020
143 358
378 5168
365 5471
1008 1011
1096 2510
2125 6360
1979 4217
2104 2895
271 5259
116 1550
365 5505
378 2613
138 2800
988 1942
1799 2468
365 2353
1137 5464
2772 6588
1921 3946
365 1130
1137 7057
271 3629
1137 5417
271 5598
2614 3855
1035 2717
1259 6106
1804 3588
271 3666
3593 6258
4930 5048
579 1137
591 4730
2392 5523
273 1574
2694 2822
518 1052
0 4973
1764 5563
3041 5679
1942 4322
783 904
1137 6476
3187 4653
4191 4501
0 6176
1591 3274
400 574
915 1137
572 2056
356 1719
358 365
365 4955
1370 3197
377 6512
385 1987
271 6147
365 1744
376 4452
868 2125
365 3580
1051 2891
909 3177
747 748
1264 1490
996 2025
1159 3041
1137 2717
1544 2891
365 6342
1346 1615
3121 3792
271 689
107 3603
572 4435
1335 3577
2627 4472
272 625
135 2510
1700 2468
912 1381
68 81
1137 5854
0 5222
3258 3262
912 1268
521 4088
314 3174
833 2110
2474 3273
1137 5807
365 1553
825 2155
272 4356
912 2377
787 5543
2891 3074
1635 1643
143 747
143 2439
271 2290
224 2659
785 5005
1137 2363
271 5359
313 5530
1352 2755
107 5480
271 2403
365 2180
813 4382
271 5404
747 1652
4148 5499
1048 4518
1492 2194
868 1108
579 2437
2716 4100
1745 2913
365 2470
1628 1635
3218 4565
2 81
3214 3350
279 447
377 4287
377 2073
907 4986
1585 3203
81 953
785 2875
651 3981
3569 5608
1024 4086
2804 4129
0 5112
783 1345
5080 5731
783 6953
1319 5547
2891 6073
2043 6582
271 855
572 695
358 5781
2468 3728
2436 5530
1130 5364
2700 4139
2007 4524
868 2145
271 1487
1210 5465
24 116
1335 3647
992 4534
2891 6381
1587 1723
680 2483
808 3720
0 3653
238 5536
651 782
0 5412
365 6370
107 2309
657 1137
107 7146
3794 4278
2392 5479
271 3513
1137 2826
651 671
271 5790
912 925
0 2143
277 1489
787 1090
271 5903
3187 3240
958 4047
0 2254
1649 1652
1800 5918
507 875
912 1135
749 1663
1893 3933
2872 6388
272 4305
299 551
138 747
271 5971
3792 4168
2753 3748
2474 3023
402 2593
271 5202
2392 3404
365 2263
93 5565
365 5560
2036 2709
289 1051
1352 2815
572 3758
564 6034
0 4585
1547 5679
1137 2480
2688 5499
0 1429
1137 5472
2474 5459
2429 6146
1160 3119
53 912
1793 4551
1137 5617
1602 3376
754 910
2107 2931
1051 2374
1872 2714
107 2580
356 3318
584 1361
909 5052
272 275
400 856
271 1135
1011 3742
1547 6123
1031 4250
2671 2729
279 416
107 6213
0 1600
608 2709
4544 4600
2012 3720
2392 5912
271 1458
377 4423
271 5111
834 4070
564 5379
0 3620
1024 7090
1915 4305
2478 5053
3330 4654
0 2333
759 761
271 3436
912 2886
2125 5645
4166 4252
3577 5999
783 5313
909 4998
134 279
783 1167
365 2828
1137 1358
572 1971
143 1084
271 5987
3201 3377
2007 4084
2891 6327
36 2988
589 2216
1871 4484
365 5353
859 3170
990 4376
1130 2468
143 269
272 1322
143 1051
1942 4305
365 5030
1136 1248
2789 6586
539 2085
572 3948
365 2090
1137 2418
365 7011
271 1566
377 1901
1872 2682
5906 6404
764 4307
365 2380
857 3187
1782 4984
1430 5965
1040 4262
141 143
365 7045
0 1137
564 6341
783 6088
2392 6338
271 5573
980 3918
1137 6213
1872 4388
271 4958
385 6539
868 1346
271 5071
271 1091
1335 5046
1371 4709
325 2285
138 344
1035 2991
145 912
601 4214
2052 2814
402 3073
1872 4305
801 3705
4181 6524
564 5569
3866 4191
783 5716
365 2994
2088 2255
2088 4907
0 1755
2235 3470
100 360
3541 7137
2043 4403
2891 6935
5024 5608
271 5680
4251 6528
909 4953
3978 5094
0 3597
1137 1177
608 2301
3141 5758
747 3210
1902 3792
4201 5391
0 1011
2474 3282
365 5180
271 5959
179 279
1406 2354
365 7021
1008 2737
783 5627
2662 2706
2710 3832
2341 2891
1424 5559
3517 6252
107 5217
365 5002
271 1470
1130 5026
988 1137
2054 2699
272 4520
2007 6711
228 2330
636 2191
711 885
1137 5172
783 6258
1881 2991
1137 5326
3997 4261
2751 4363
990 6613
5809 6087
792 3302
868 1969
1130 1324
1942 1981
2104 6150
743 5003
783 6416
868 1024
626 3735
1137 5416
1536 2392
857 3377
1130 6474
568 778
1137 2536
1137 5708
1783 2478
988 4033
912 5210
271 5042
271 1078
257 523
1872 3966
857 3283
2286 5616
909 912
2903 6095
529 4428
279 632
2468 2891
563 565
564 5364
271 568
940 953
2429 5941
2043 6573
0 6352
396 523
2392 5921
0 1544
143 3290
81 143
365 2966
1006 4369
896 1946
2891 6931
2706 6256
1988 4517
1370 4649
1137 2563
958 4455
0 2
2614 4286
271 2587
2627 6582
764 2614
2845 2891
2043 2704
92 1635
2771 2774
1266 3178
271 5765
365 6486
912 1382
2565 2891
138 2254
572 1915
2365 3427
833 2109
783 5550
498 948
365 5152
1137 2127
271 5979
2474 3542
1012 2773
564 4927
868 1553
271 3039
1942 4142
4040 4167
1357 4107
271 6501
4377 4446
2125 4909
1635 1642
2392 2949
1024 4460
914 1872
271 2301
2891 3218
2222 5608
365 6955
1137 6994
2007 3187
0 2607
271 5407
1343 6043
2510 2959
311 314
114 808
1421 5019
5065 7020
0 5825
572 2037
610 2249
1268 1442
2891 5756
279 329
1335 6924
1421 5226
1005 4097
271 5014
397 1315
1406 3427
272 2012
859 6064
3886 4000
366 4483
344 682
271 1211
747 3449
985 4254
272 3871
1499 2421
138 272
1942 2225
356 3377
1343 2838
551 740
2392 5262
4305 4480
271 7153
1137 1893
1871 3807
2891 6385
3832 4128
575 1984
1352 1467
377 6652
1335 3646
600 808
1893 3736
1137 3564
2707 3821
272 914
143 1969
5731 6008
783 5048
1492 6261
1901 3898
912 1346
2891 6205
271 2845
272 2773
1137 5881
764 1664
138 626
912 1233
1137 2155
913 2145
1211 1456
507 874
331 2516
271 2099
2872 6389
1632 1698
1137 2244
783 5792
1137 6068
1872 2816
1136 1364
1069 1108
0 1352
1152 4925
381 2468
912 3585
988 6512
2779 3832
3095 6184
445 2988
1051 5483
707 1872
5013 5198
1137 3584
271 5600
0 3090
912 4975
764 1640
365 5994
1872 4065
365 1218
365 1006
1067 2882
271 5098
1352 4040
1600 4604
1815 5479
2891 5958
834 1926
2476 3559
120 5306
2786 4278
905 1137
4378 5499
1896 2804
551 648
2392 5994
1028 2022
1031 4014
2015 4349
1061 5546
4141 4316
5045 6153
271 1469
365 3378
783 5722
792 1612
365 2323
2359 2392
1044 2049
407 1058
271 6379
4040 6680
1777 2614
2392 5687
3330 4655
3975 4377
2891 5395
1137 5205
681 1698
107 7113
223 303
610 868
572 4372
81 3131
138 1406
1137 2950
271 5986
224 4473
1137 1335
2651 3833
1137 1502
3074 5450
1137 6006
1335 2874
271 6035
1137 1455
608 1883
783 5655
272 4414
2088 3147
3917 4370
783 5764
271 5297
919 5861
271 1561
1733 3281
271 2357
1944 4453
0 5739
1901 4304
143 595
271 2394
2637 4055
1591 1808
988 7703
271 5909
912 4924
271 6321
2678 4456
680 5639
2891 3512
1624 4598
72 912
564 6030
749 756
356 4573
365 833
3517 5756
988 4094
912 5247
978 5499
378 572
236 562
2007 2702
365 6111
365 1335
1942 2007
365 3171
2891 5986
272 3784
2272 5809
0 362
912 6356
1897 4005
2088 5296
5392 5420
0 5025
1352 3778
1137 1884
2007 4209
271 596
2043 3994
621 808
1650 3218
271 709
564 5489
100 5406
107 6406
1137 2662
1370 1601
1871 1955
23 81
271 1757
912 2836
2891 3663
325 1053
1013 4472
1079 6308
146 2988
365 3640
2891 5439
2709 3799
3832 4026
2894 5033
1137 5680
271 3568
271 5841
2717 4529
1483 1553
271 2901
2709 4009
231 1137
3826 4031
165 279
314 3123
1092 1438
2254 3638
104 1667
1137 2099
2084 3593
2125 6371
564 2495
2468 6256
783 5739
365 2172
584 6141
272 4378
3041 5511
1553 6970
365 5001
1635 1649
3977 4193
1137 5244
1137 2333
3720 3765
747 1533
1137 5325
2474 5622
271 5434
1480 5709
745 841
365 5648
2125 5627
2286 7145
1130 6456
1764 2082
868 3541
271 1811
761 4612
2088 5712
365 2496
279 292
365 5793
271 5592
2991 4185
1918 6557
81 369
2891 5664
365 5938
3802 4305
1764 2474
1343 1405
2891 6197
1137 1566
834 4407
66 365
2085 5231
358 5517
1390 2563
1011 3818
271 2917
497 636
857 3245
271 2347
2335 6195
385 1872
48 66
2920 5608
271 680
1901 4157
912 6223
1872 6681
747 762
1024 3904
564 5461
271 1525
271 5910
1137 2562
1872 3771
3508 5363
5391 6180
271 846
271 2586
271 5655
271 6435
2392 2523
783 5259
783 2429
271 6480
912 1383
2760 4590
0 2165
1137 5852
271 3540
3846 4096
833 2108
3801 3938
523 524
271 5978
3187 3199
0 591
271 3038
1635 4619
365 5084
2125 6279
71 81
2717 3823
1137 2216
2041 4254
1348 2419
833 5271
747 1352
680 747
143 2433
81 1122
1137 2361
135 1137
1343 5173
1900 6575
271 2413
365 2178
365 5731
271 6932
3187 4638
2891 5480
912 5273
608 4291
365 1100
0 3406
365 2468
1707 3196
1067 6109
20 584
0 1193
2137 5077
1235 1675
107 2602
564 3545
1587 4691
2476 3437
890 4416
1553 2891
995 1035
985 4204
2104 5241
46 271
769 3334
1130 2089
1207 5982
365 2903
107 3108
271 6979
1343 2479
1201 2498
1872 4250
2772 6661
564 850
378 4077
991 2737
365 5803
1008 1872
2088 5143
138 1130
1099 3196
271 6241
955 2756
377 4271
914 4171
271 5246
365 2109
314 5211
1976 2706
992 1871
5348 5608
2709 4477
1137 2751
271 5739
3832 3971
271 1389
81 5529
2014 6617
697 1942
2733 4032
1137 5743
2891 5575
271 5784
1650 3343
1010 1966
2891 6204
271 4917
271 2844
1137 5880
1079 5877
2468 3926
271 5897
747 1325
93 5780
1035 3728
2085 5898
379 4382
1335 3025
1137 2154
2709 4065
271 6078
507 877
314 5535
271 358
3034 6375
2125 4991
2891 3155
4401 4402
1136 1222
100 564
331 2468
1897 2753
2137 6162
1130 5115
3707 4271
271 1540
2439 2614
302 1942
365 5558
1137 2341
271 5325
1383 2392
365 2406
314 1160
365 5703
1137 2486
107 2395
1239 2828
584 1254
568 747
813 4319
1472 2237
271 1754
3420 5336
271 2550
107 1137
2320 5893
6619 6645
382 6562
2173 2474
518 5728
783 6475
1137 5623
271 4932
2468 2655
1587 4670
107 6353
1764 2451
599 6187
279 477
5731 5960
608 869
698 2759
868 1343
54 365
365 1507
3273 3330
93 788
769 4613
271 7079
2618 4253
365 3232
2125 2891
365 3020
271 2485
2132 5560
996 1043
365 1541
238 365
0 1777
271 785
143 1782
271 2448
271 5542
0 5896
990 1322
783 5202
271 3438
1811 1972
365 1688
1147 2089
1137 1267
1051 2043
868 1137
81 257
1652 3212
913 1622
2512 6127
2891 6360
272 1038
1585 2468
1491 6226
834 2716
2891 6313
271 3041
912 5782
0 5343
143 271
783 5654
611 4319
2125 4963
0 3018
365 2088
3880 4006
1137 2416
1959 4029
0 6141
1264 1670
271 1560
783 5940
1406 3534
3041 5188
271 5409
1137 6937
1792 2891
2468 2717
1343 6098
1352 2668
1553 2397
518 789
909 5307
1137 3619
846 3693
2510 2935
107 5712
912 5232
1160 5549
1952 2022
764 3210
2407 3693
1406 5149
271 3581
1726 3187
2101 2474
1137 5001
783 4377
271 4222
3290 4648
551 734
758 3218
271 1266
785 6029
116 143
564 6276
271 599
107 6504
865 3952
680 2240
271 3135
272 4087
1871 3809
378 3877
0 393
2577 5424
868 2132
1872 3792
909 3138
1137 3401
1024 3860
768 910
2652 2807
0 5161
2145 3187
1012 6598
3330 4656
888 1352
271 3394
1266 2085
365 924
365 6094
2451 2614
271 3571
3271 3273
271 5840
85 365
1137 5977
572 1873
783 5460
1981 6666
365 5178
1137 2977
1135 2474
271 5953
138 591
1183 2235
1137 1529
2844 3565
2088 5965
2903 6317
1137 2098
1335 3109
3187 4642
365 5000
608 2007
46 2891
2468 4284
522 523
1137 2332
365 6981
1357 2471
1874 2771
2474 2836
1137 5324
365 5758
1137 2541
271 5381
564 2125
2468 3203
378 4532
777 1908
379 4181
376 6662
2178 2891
271 5546
271 1810
271 3630
365 2495
1137 5422
365 5284
910 1663
1421 3393
271 5455
1051 2451
365 5937
783 868
1031 1942
271 6977
891 1985
101 2891
2137 3634
1137 2286
1235 2468
143 1130
365 2930
1872 3855
1900 1962
3911 4150
2392 5300
2125 2946
2891 6046
0 5006
1137 3083
271 7071
2022 3896
271 3091
232 271
81 5266
257 2891
271 728
2022 3979
1031 4327
312 5530
30 81
271 6333
2938 5508
0 4
783 5221
2618 4275
271 2238
46 1099
271 5654
764 868
1695 4715
271 5767
1335 3578
747 783
272 967
912 5936
2891 5547
0 5241
138 912
0 2277
912 5967
400 5038
2047 2652
1068 2125
1137 5949
271 2521
1591 1687
271 6090
3529 7625
1137 2964
4433 6611
271 2126
912 3004
3427 5060
1137 2223
3875 4377
377 2756
546 5906
399 1566
271 2303
365 2288
625 3615
2784 3792
271 5352
1044 4311
271 3153
1421 5429
271 2412
365 2177
365 5730
1029 1906
749 751
257 591
857 4589
1914 2795
1137 5497
1652 3215
263 3421
365 1099
1240 3593
2928 4970
261 912
365 2467
3285 4599
377 3929
564 3627
1923 6674
697 1166
272 1871
3517 6051
271 3763
834 6522
279 440
783 1196
2286 6462
1100 3059
2104 2329
1591 2007
1350 2392
958 4293
1455 3187
2005 3756
833 1108
3004 5256
356 1735
1893 4319
356 3379
787 1115
365 3047
1872 3706
238 4910
107 6448
0 1558
271 2491
1986 4469
574 2891
3918 4513
3509 5791
271 1480
1411 2323
949 1137
1137 2605
2494 3418
1335 6288
3852 5499
372 702
572 2785
783 2203
1811 1942
1137 1191
349 1035
0 5189
990 4240
106 1792
376 2667
271 3447
993 1048
143 3693
228 307
227 1984
4292 4495
549 551
289 401
868 1591
2474 5914
58 2891
2891 3154
0 5811
2778 3769
762 3218
912 7153
2007 3891
1624 3336
60 1211
572 3915
1137 6058
1406 1410
773 3210
1536 5361
747 1335
5532 6286
1797 3490
1137 2340
271 3607
365 5603
1587 1597
1406 6237
747 1621
145 365
3506 4945
365 2550
781 1900
143 5815
3235 3329
2468 2648
2822 5499
138 1541
365 1216
271 2043
1177 1392
583 4917
365 2584
407 523
261 5906
5342 5928
143 1085
2478 6325
891 4100
0 4904
2468 2878
983 985
1352 2297
0 5063
584 4896
107 2871
0 6379
2239 3138
379 571
912 1764
354 4319
2125 3446
3517 5515
2709 4286
271 3147
2080 2468
271 6212
752 910
377 4055
0 93
868 2614
271 2604
3832 4158
1008 4319
344 3740
1782 5275
68 868
365 6394
3563 4931
272 865
1942 2053
572 2688
1137 3470
1553 5700
2392 2452
272 1008
107 7115
1137 2859
271 5887
1110 5710
1137 1347
2891 6363
3295 4697
1779 5140
520 523
680 1067
912 5783
1499 3498
2476 6929
4040 4146
1137 1453
1137 2278
271 5122
365 5027
694 4319
271 825
271 2182
365 5344
4207 4227
271 5299
2427 2946
544 5084
358 5410
914 1942
365 2232
909 2297
1670 1728
1406 6097
2137 7084
868 1944
271 2468
124 2988
1782 4991
1137 3665
271 5457
1235 4584
120 121
764 1642
868 1135
314 5562
365 2522
2836 5150
2474 3132
1137 3618
783 3014
1137 5522
599 1406
1348 2824
1137 6347
143 3004
2699 6561
523 1358
856 2293
1137 6308
107 6221
356 4669
1137 5000
271 6933
272 385
912 6358
138 1081
564 868
1130 5929
1352 3780
2891 6032
143 1335
1212 3634
1635 3220
271 2556
271 6187
1745 2881
1242 2891
5205 5906
1406 1709
1137 3081
3222 3348
1137 3400
2392 5952
271 6232
272 3995
2145 3186
912 2838
912 3130
1553 6039
365 6366
2618 4530
4041 5499
1008 3883
271 3405
625 4422
1137 3116
3819 4350
357 358
2891 5564
271 5952
564 7015
344 345
957 4449
912 1051
1177 1569
271 3012
138 1268
783 5749
365 2170
1137 2178
1773 3560
608 2024
1872 1875
271 2202
1137 5234
1602 3312
365 5612
271 5271
3826 4334
3859 4004
365 6965
591 1158
747 2100
2891 3448
377 2742
1067 2129
271 2488
1019 6683
326 3645
788 1370
3613 3614
378 892
2429 6230
2510 2849
0 1104
2356 5352
279 294
2891 3494
365 1271
356 4595
1764 2501
1067 2943
271 3678
2392 6992
271 5055
271 3207
1873 2751
271 1501
365 1160
1137 5083
365 6081
622 1872
2872 5438
2392 5126
868 2692
1371 4550
2891 5888
271 7017
271 517
3330 4561
2218 5572
1343 4142
2700 4268
2365 2891
0 1547
385 1991
0 46
1004 1942
564 3131
365 3576
358 2847
2733 4293
365 6193
2614 2665
107 833
365 3465
783 4912
271 5649
1901 1942
1942 2772
1251 1357
2392 5873
1137 5697
2468 4013
1042 1872
783 2182
3034 3435
1024 3615
564 5257
783 5434
1137 5842
2389 2510
1137 3059
2015 4072
271 2729
2088 6356
1051 3175
365 1111
1727 3256
1137 2124
783 2468
896 1352
1987 2776
331 4384
1251 5508
271 6101
3687 5233
365 5439
912 2381
2891 6235
1872 2705
60 279
365 596
747 1640
97 143
271 2460
365 2321
2474 5499
914 4449
783 2953
6541 6559
2903 5145
241 3496
271 3597
3210 3211
2392 5623
271 4962
4000 4468
1397 6280
623 1035
81 2936
680 2909
827 831
279 443
686 3499
70 356
399 694
761 3339
365 920
365 6053
2700 4466
0 6448
365 3113
3707 4413
365 2901
1499 2422
0 5116
271 5004
1988 4326
551 737
365 1422
30 7657
2903 5725
365 3046
1872 3707
912 3541
1695 4601
365 1567
2007 2694
2087 5626
271 6243
912 1544
1961 4331
1815 3105
1229 2068
271 6288
81 394
107 3682
2891 3593
700 4425
107 1430
271 6401
1041 4002
69 1401
5758 6384
0 2468
1268 2085
26 912
783 4997
1027 1048
1108 1405
1137 1190
0 783
405 1084
832 1880
2468 4657
1137 2975
572 4322
359 1137
2903 6375
138 1320
228 316
271 6072
3252 4707
507 879
3187 4699
0 2929
271 5161
990 4531
912 2437
0 2665
378 6604
2468 5965
2125 3117
365 5411
1137 2378
1011 4433
66 6253
272 3776
1254 1339
992 4130
365 568
271 2371
377 1990
1764 4923
81 6626
2150 5913
747 1620
385 3741
912 5075
279 436
271 5613
2392 5425
0 2891
1745 5058
2678 4274
2703 2706
1013 2675
785 5765
279 479
5747 6733
4168 4330
3187 4728
1137 5091
1893 2624
784 2510
2890 3517
238 6461
565 1043
2618 4404
1251 5665
762 1635
2404 2903
912 1081
314 2436
377 4207
1130 3697
365 1539
1008 1918
93 564
1998 3718
2412 2482
46 1652
2254 3455
271 2607
377 6557
271 5189
564 598
1764 6067
611 4109
5068 5446
402 817
2286 7046
365 3665
1137 1791
2392 6479
5858 5902
365 6282
314 5356
2392 5801
868 2407
394 2928
271 5886
2891 6362
761 770
1632 1635
1541 2903
271 5999
2891 6315
3768 3815
1184 2260
1217 1371
5281 5327
138 568
2150 5369
2617 5499
747 1268
1352 3026
1137 1452
1403 3685
271 1544
271 1054
143 2085
1137 6084
1380 1792
4148 6551
783 2573
4915 5094
271 2177
2392 6457
1130 1463
808 5906
271 5298
1132 2928
590 1192
271 2358
271 5411
1921 2468
1219 3509
19 610
358 4952
1921 3841
355 2254
365 2322
857 3270
279 285
1137 3617
2891 3517
271 1961
2088 5638
107 5714
271 3653
783 3418
365 5963
895 4125
2220 5134
912 6441
1872 6628
868 1358
1251 2142
365 4902
3236 4725
783 947
700 3923
1137 5007
1872 4166
365 2700
2125 5144
1942 2676
0 6233
564 3330
0 365
1012 3712
271 6285
2891 6132
93 5987
1782 5547
1406 5452
93 743
271 3129
271 4382
2392 6136
238 271
377 4340
271 6235
107 868
271 887
2392 5735
517 523
868 2085
271 2563
365 3492
761 1107
1137 3544
271 6344
764 2606
1031 3778
271 6359
398 6341
912 1406
572 2044
271 5734
107 7094
783 5409
564 6122
1767 2117
912 985
131 2395
783 5462
40 5815
1048 3804
747 3359
1130 6951
271 3015
55 2988
365 5109
1160 6265
1944 4121
143 365
572 2722
271 2164
912 2402
271 5217
1635 1650
912 6970
1421 5822
962 1872
145 747
93 6184
1641 1666
1011 3953
2468 6481
2474 2834
272 4535
365 5762
1137 6971
3517 5819
868 1981
783 6075
834 1545
271 5556
1942 1969
6252 6489
857 3307
1137 5603
271 3624
365 1270
1130 2846
272 1893
2124 2891
1011 1872
2468 4466
3210 4614
5008 5371
2286 6432
1352 4700
676 3521
1172 2510
675 2286
1010 4151
622 3815
2759 5499
1130 5636
365 2928
2377 2474
1137 4995
271 7016
868 2836
1132 2343
1137 4100
572 2053
988 3730
64 576
1343 6178
107 7015
1110 4908
107 546
3074 5035
1553 2591
2891 5217
1136 3303
271 6158
271 1526
271 1067
1745 2880
365 6192
890 1049
1130 5567
666 1782
138 783
0 4969
747 769
518 2742
1212 1357
1137 5841
758 1656
3258 3259
1529 5924
1235 3249
271 2986
1137 5794
1008 4437
1553 3330
240 2988
386 551
783 2485
1010 2051
143 1236
17 257
2852 5084
516 521
572 6568
1998 6608
366 4069
365 2286
988 4188
1137 2366
271 5354
138 572
1472 2085
985 6625
4261 4512
2627 3728
1137 5358
1441 1602
783 6339
2392 5115
857 4595
912 3682
279 442
2468 2775
271 5512
4209 5741
1130 6130
271 3596
271 4973
764 1137
2618 6627
1160 2120
77 1938
4305 4492
107 2607
783 1198
1235 4737
783 890
3828 5741
0 1883
2709 2772
257 2988
365 6052
356 3246
162 279
1010 1011
2114 5191
551 736
1909 1910
365 2826
76 2988
2891 6076
1268 3390
2384 5057
1137 3125
271 1445
2678 2719
143 3130
572 2692
1553 3168
1663 3333
365 5424
271 6291
1137 2399
1882 4147
1893 1960
0 2358
271 674
1137 2748
1079 2609
990 4212
1137 3552
158 279
912 1335
0 145
564 5194
143 1981
1137 5740
271 3460
912 914
913 1647
400 1130
1346 1759
1140 3041
272 4136
1137 2974
1061 1108
138 2286
1900 4382
2435 2468
2891 6431
764 1634
271 5160
2104 3330
1035 4096
271 2220
331 2033
138 1035
3720 3809
4469 6652
4242 4433
1704 4606
868 1815
568 2891
608 1024
2177 5708
1981 3475
1904 4060
747 1623
729 1984
1961 6699
1137 5449
0 1130
365 712
575 981
913 3342
365 5845
271 5415
572 3983
365 1069
1137 6236
4483 6592
271 3680
2392 6298
2468 4411
120 868
3818 6548
564 5925
1815 5362
747 2474
1460 5924
912 6493
143 1087
271 1130
2056 2675
1893 2639
564 4539
2510 5348
564 1481
271 2609
5674 5955
1051 5643
365 7119
271 4023
365 2872
138 304
895 1872
2392 3674
1673 4668
1895 4181
93 642
271 4357
2392 5917
1320 5150
2678 2811
2563 5770
365 6247
362 564
365 3519
81 100
4268 5499
2468 5488
1795 2088
271 3435
1343 2961
1223 3185
1259 1779
728 5504
272 1010
376 4223
2611 2709
272 2726
365 689
1130 5382
609 808
5084 6324
26 868
1923 2717
564 4940
271 3042
1099 4645
1708 4685
1591 1704
271 6047
2107 6992
1600 4605
365 5493
1137 2276
1130 6303
271 988
868 3144
0 697
2012 4202
271 2176
365 2085
2128 3004
1022 2801
2751 4237
271 2513
271 2353
365 2230
358 2281
1547 5617
1441 1689
271 5410
2891 6215
868 2730
2286 5260
271 2470
564 1459
107 108
398 523
1192 5368
793 1343
365 5817
2125 3459
764 3862
1137 6264
271 3652
2392 7030
1137 5520
271 5029
564 1233
1882 6521
783 1137
2618 6555
917 5049
143 2665
1942 2067
1944 2008
2444 2891
272 372
2437 2614
2510 3092
2123 5260
4971 6480
0 4918
951 5861
785 6494
572 790
2891 6135
0 5029
1137 4958
271 7044
3240 4580
1130 2559
2638 4159
365 1766
1130 2318
1625 1652
271 6234
651 1020
783 1739
271 2979
2145 2589
385 608
1137 5723
2252 2392
1137 2884
1872 2545
2085 2665
583 3470
272 990
1067 1769
271 3580
912 2614
783 5457
2872 6483
365 5175
2085 2891
41 5045
1177 1575
238 827
1008 2742
26 747
272 4239
1618 3218
1431 1779
0 2874
365 5465
2791 2801
365 4997
5578 5775
331 341
271 2276
331 1977
912 2290
2891 3309
4978 5027
365 6978
382 608
2891 5036
271 2325
1137 2530
864 4134
325 2516
2774 4221
2012 2624
271 1774
3517 5818
271 2490
365 5644
2468 2748
143 5496
1745 5726
700 1879
271 3627
3210 3221
1734 6226
314 2169
1130 2847
2123 5194
271 3672
4305 4519
271 1264
365 3317
3273 3325
356 4684
1024 6532
1137 3886
2648 4137
81 786
271 1186
272 2052
1137 5034
365 2927
0 6182
1591 3264
271 5103
3792 6556
1137 3080
1600 1696
4930 7059
3986 4377
3975 4466
2085 2394
81 2468
331 5906
0 104
868 2123
783 5804
1906 3759
271 6334
138 2310
912 1469
2297 2893
1137 4598
2709 4453
2891 5454
365 5410
271 5962
2324 5860
365 3206
1160 2902
1015 2658
1067 6269
2891 6164
2891 4984
788 3209
1022 4178
4040 4462
747 913
1095 2863
572 1904
1235 3248
783 5878
1137 2114
1900 4426
2700 3900
2474 3138
1635 4623
1011 6578
4111 4261
153 2988
271 2123
912 2383
271 5347
1130 6359
70 783
622 808
783 6188
859 6490
0 2997
1137 5148
2022 4073
1008 6519
1235 4713
1343 3565
2468 6518
0 2596
1137 5357
783 3150
0 5719
591 2780
2114 4925
2392 5116
365 2319
864 6533
1026 1900
2272 3005
524 789
1041 2729
700 2026
1137 6144
859 5894
496 636
81 546
2392 6958
271 5021
857 3201
1235 4736
2476 3433
1406 5208
1137 5061
418 2988
1035 4265
1541 1746
377 6546
865 4051
107 2892
783 1359
551 739
365 1420
271 1335
107 6453
271 1444
576 1544
2085 2430
859 2295
107 1130
0 116
2775 2891
1137 2594
81 5132
110 143
271 942
2618 6662
2125 2582
271 5751
912 1320
2478 5222
1745 5304
572 2670
372 808
1529 6146
2244 2847
2614 2709
912 5368
271 2840
2085 3142
358 3562
1406 2556
271 2953
895 6690
271 6074
2700 3872
2891 5436
81 1184
988 2620
1137 6110
1438 2122
1335 1338
403 523
1942 4286
747 1320
365 7033
958 1942
0 2961
625 1322
138 1954
1136 3249
277 564
599 1137
1137 2474
107 2399
783 2942
1133 2309
747 1622
996 2775
857 4558
2341 5493
1553 1708
914 3967
913 3341
271 4929
0 5794
2478 2614
365 1068
1728 3182
365 1213
272 1966
1745 3506
1202 2478
5731 5964
365 1358
1652 4609
143 1086
271 5846
1893 2638
271 6962
34 271
2022 4103
1184 1185
365 2871
1872 4042
1881 6596
523 1541
551 647
1607 3186
1192 2408
7 81
93 5774
271 7120
868 3004
138 1352
1051 2968
1782 5231
783 3574
156 4040
1335 1548
823 832
2468 5602
1909 3719
81 610
271 6390
291 1984
271 5707
3832 4003
669 1591
4023 4481
1137 5647
2891 5607
271 5880
3922 3948
3876 4261
365 2339
2903 5064
753 1663
783 5500
1210 6088
1406 1904
271 5993
485 636
271 5082
3273 4569
3275 5094
3241 4634
1008 2699
513 523
1099 4644
2094 5543
1900 2790
2891 6458
608 1872
241 868
783 5650
1957 6529
271 5135
2828 5320
2307 2468
3826 6592
1782 3441
365 5381
100 635
1901 4450
271 5308
3393 6397
2135 5094
747 2125
783 2861
394 1137
143 606
783 2602
1431 3593
1137 3670
0 2968
3219 3351
1137 6518
271 6942
116 2107
1035 1969
47 2007
815 5499
2437 5522
834 4106
271 1963
1421 5212
1878 1896
365 5961
2678 6560
3506 5879
1035 2759
1130 2891
1011 3795
168 279
2679 3825
3557 5164
2088 2986
275 4110
2392 5165
1137 5005
2648 6569
271 6934
1035 4337
2827 2846
356 4751
2125 2970
358 5493
356 1690
1137 3171
365 2988
3265 6199
564 5502
523 5206
81 2306
392 551
909 2137
2088 2534
747 761
1137 1969
0 60
1325 2614
529 4262
2107 5103
271 5694
1782 5370
271 7146
1067 3087
271 3406
271 5807
1406 2138
1388 4461
81 1981
1137 5675
1251 2891
1137 3028
1782 6020
1130 5499
4314 5741
271 2896
756 910
143 1383
747 3345
700 4177
2047 2468
331 2306
1246 2384
564 5529
1051 6466
998 2618
110 1782
868 1738
1136 4683
365 5464
1137 2183
1591 1596
4375 6589
680 3164
93 1346
271 5264
1040 2796
271 1656
988 2046
1024 3926
783 5908
1137 5312
1237 2891
1137 2529
1745 1762
1942 1988
0 1444
365 766
1745 3151
2344 5731
1210 1422
1343 6130
276 2392
236 365
279 1495
271 1822
1421 5615
2051 2667
1137 5410
1031 4517
785 2614
2772 4358
272 6543
591 2286
410 1826
331 2988
3866 4413
909 5932
271 5048
764 1502
377 2054
783 3625
271 3418
1137 1553
2392 5129
1137 6469
2618 4475
1764 2342
2784 4207
598 912
912 6197
0 4023
1553 2468
2254 2594
1669 3330
365 4320
5065 6407
1137 1907
912 6212
271 1347
271 3103
271 2495
0 6981
24 5815
0 105
1137 2565
1187 2304
2007 2114
1137 4597
912 2933
1335 3649
947 1108
808 986
783 5270
912 2692
271 5763
700 4375
2699 4188
913 1665
1108 3132
271 2823
1803 2392
572 2618
271 5936
3187 3285
747 912
2777 3952
1235 3251
314 3169
267 517
93 2438
764 4717
2341 5916
808 2468
955 956
1137 5937
1137 2258
271 3628
572 4159
365 5079
2125 6274
365 1260
2787 3765
2872 6222
2891 2929
122 228
4126 4261
52 783
271 1112
753 910
1421 3071
419 2988
1137 2364
271 5593
356 2545
331 2717
147 610
2392 6242
912 2334
2392 3477
271 1741
0 3158
0 2772
1944 4305
300 551
365 5871
107 2307
0 5831
1011 4101
344 995
3217 3350
271 1906
1947 3615
1051 2498
365 2463
402 2475
271 4975
1670 3205
599 3998
2788 6633
3565 5614
2114 2280
1321 1864
271 5881
868 1201
2891 5827
1981 3776
0 4305
356 3289
1235 4739
3722 5499
3187 4705
365 917
2621 4220
783 3506
783 1241
3845 3846
399 544
0 5119
3521 5927
912 1901
2057 2618
271 1334
1872 4255
1324 6061
335 611
1073 5727
365 5902
107 6452
857 3205
271 3187
3779 3889
271 824
271 1492
365 5203
271 3296
885 2022
1223 4661
909 1394
2104 2390
2516 5295
2474 3268
1975 1988
1778 3606
365 6307
3187 4603
272 2748
1044 2377
5027 6182
2664 5499
1201 2834
2085 5796
747 3337
2618 4076
1343 2892
19 143
271 2952
564 1893
3193 4725
1900 2691
271 365
1137 6109
988 4380
1959 3847
271 5162
365 5051
224 4273
68 331
271 2222
1108 1137
859 3389
1652 1654
0 1358
271 2271
269 2085
365 1093
365 5553
5392 6196
1137 7024
0 1533
572 3749
365 2401
365 5698
5391 5591
271 5497
250 279
271 4176
1008 2756
1764 2234
1797 5743
2891 3474
93 2260
365 1067
156 4319
1252 3593
2772 4499
2114 4640
3517 5305
271 5104
1352 4046
2891 6137
365 1357
143 1081
1893 2637
272 4402
928 1137
1562 2056
2772 4124
1137 1753
758 3211
4193 6621
87 2085
551 646
225 2988
2389 5608
382 2059
271 3110
17 2988
2706 3733
376 4404
271 1467
271 2213
673 909
792 4677
762 3612
5213 5216
1693 1793
996 2009
1421 5785
271 5669
912 3282
783 1777
271 909
36 1798
783 5209
365 3662
271 1797
2436 2468
271 5706
3210 3340
271 3114
5333 5548
783 5018
582 3300
1745 2216
857 1727
2891 6367
272 1027
2019 4210
271 5309
271 5992
365 4989
2478 2485
1137 1488
1268 1550
575 2762
4 957
1179 3095
2102 2104
3792 4252
365 5023
1352 3554
1110 3683
271 2178
378 2742
958 6711
507 618
379 4319
914 3774
365 5525
859 5682
2468 2714
271 5469
4138 5499
93 143
5695 5696
5816 5906
365 2518
1137 3622
271 5570
2298 2903
356 4571
2891 5690
1624 1656
3041 6058
3241 3256
70 272
2468 6140
681 2145
2891 2984
365 6105
857 3320
279 1825
3241 3273
81 115
271 1096
365 3165
107 3154
3290 4661
1024 1959
365 3466
3237 3290
2336 5668
271 1390
1210 5574
271 6314
2392 5444
2700 4123
862 1044
365 1764
625 1035
1130 2316
4140 4466
2119 2437
1923 4051
0 61
2468 4486
2712 4189
271 6357
2562 2891
754 1895
1137 5721
271 3401
1137 2938
271 5806
1067 6163
397 523
1010 1888
1137 5674
81 352
271 5855
912 988
252 271
1137 1379
271 2899
1137 5819
2621 3738
5039 5391
2468 3947
747 3344
4093 4305
3273 4596
381 2474
988 4437
1591 1678
2392 5016
216 279
507 808
1130 4949
572 3992
4379 5569
1137 2182
2125 3528
0 5935
365 4995
1352 3007
1635 1655
3792 3811
2891 5592
271 5267
624 914
2510 2571
271 2327
1352 1942
3736 4025
598 5906
2771 3830
271 3459
1137 3697
1011 4136
747 1553
2476 3169
74 145
0 1108
912 4894
271 3637
1137 5409
1006 2726
81 5816
564 5992
402 1151
1137 4942
365 2635
271 5051
3210 4613
1463 2085
379 955
564 3523
365 1156
356 4686
272 2039
1137 5087
2003 3832
1320 5921
857 3284
998 3788
671 2622
834 2682
783 912
143 1137
793 912
572 2620
1872 3844
783 3461
2286 6145
769 1619
2987 5391
785 1137
365 1591
1602 1692
271 1346
2891 5218
279 855
564 747
3904 3948
2114 5888
1370 1583
2468 2471
0 3512
271 6328
1024 4523
2891 6952
2392 5702
1008 1032
24 143
271 3388
747 3130
271 5661
1335 3648
365 6334
0 136
1714 2891
923 6626
81 1551
271 3501
1100 2414
783 2178
2468 6957
0 2123
2412 5579
1236 2085
365 6070
1235 3250
4044 5569
2733 3832
273 3274
365 1331
885 6626
365 4933
5509 6189
1137 1432
743 6015
1008 2772
1137 2257
271 6097
2384 6405
271 2133
365 2138
0 5899
314 5003
747 1358
783 6190
988 4191
1137 6987
1011 3918
365 2428
3926 4392
651 1045
271 5476
1108 4911
2391 2392
228 6364
271 2456
365 5870
138 1024
37 271
271 3593
1587 1591
911 1137
1530 1591
0 3571
1100 2969
1235 4738
672 2341
1716 3187
2125 2175
2384 2503
1443 2085
1035 6599
1137 4040
890 4065
3218 4335
365 1529
3565 5391
365 3109
1872 4097
1872 4064
2007 6522
4251 4516
584 1563
990 1927
868 2827
601 4535
2085 5278
18 3469
1802 2891
572 591
529 4163
5391 5673
271 6255
107 912
271 1495
365 3544
2392 2557
1137 3079
271 4544
999 3993
1900 4068
1137 2737
138 863
1574 2474
3182 3187
0 6010
4590 4729
6951 7077
3720 3814
2891 5188
379 6562
376 4309
1965 2070
647 739
271 5911
3911 5499
783 4969
93 1909
564 4971
138 1492
2709 4075
68 3093
2652 6625
1325 2891
1320 5528
1942 4301
1137 2301
271 5173
271 1462
366 3978
1137 6061
2056 4507
271 5210
2894 6347
1422 5904
271 1538
401 5089
583 2553
0 6022
365 564
271 2383
305 2085
376 4039
92 759
988 1878
857 4556
996 1037
365 2545
3739 4535
143 2614
271 3693
365 2434
363 3301
2468 2629
2773 4322
608 2100
783 2699
2270 6925
279 2215
1137 1615
834 4294
1893 2636
3800 4464
1907 2468
1764 6126
271 6972
564 5702
271 6273
2891 6092
271 4241
1893 4350
1344 5608
107 606
564 5621
912 2125
382 2056
2384 5024
0 6303
385 2731
402 523
271 3158
2468 3772
988 1915
957 6600
271 6211
365 1680
517 531
271 2603
2618 4229
2063 6664
271 5668
138 224
3576 7072
365 3661
2088 5399
81 5205
572 2717
271 5717
1223 3186
271 6497
1137 3684
3187 4566
271 2558
325 2600
138 962
1137 1350
4465 6537
2429 4959
2177 5345
5054 5094
2125 3551
2125 5649
279 1828
2694 4057
1406 3844
1099 3232
138 4319
107 5130
1137 2410
271 5310
1130 6469
2474 6354
2254 2414
783 3091
909 2292
1137 2555
2478 2934
312 1160
156 4382
271 2467
2811 4305
271 1796
697 2755
2320 5991
4305 4399
271 5581
640 1397
1704 3362
608 4438
2738 3832
745 5731
1616 4738
365 2662
970 5499
271 3658
0 6463
365 1183
107 6119
261 868
1235 1609
325 365
271 1099
59 81
0 3114
1136 4713
356 1589
1406 2573
271 1272
365 2841
2474 4979
279 446
1991 2468
2392 5965
365 3454
572 4305
790 2468
273 1582
2529 5928
2468 3792
1370 1608
11 257
747 763
957 4280
2510 5891
271 2575
279 1359
629 6612
2160 2506
572 1033
272 834
868 2224
1160 3145
832 2022
1421 5371
1010 1889
271 2861
1137 5673
1136 3299
3832 3888
2468 4725
747 3347
279 559
271 2971
2891 5055
2474 3181
1782 5796
1137 6003
138 4192
3241 4727
572 3993
0 5920
2478 5720
143 2474
783 5857
365 5607
2468 3545
988 6528
0 1335
1421 5387
271 2326
1274 6944
277 6082
365 764
271 2439
1871 2693
2474 2937
1130 2955
385 3801
271 3636
1137 5408
769 1640
46 2088
610 2299
1529 6456
271 5050
3210 4610
382 3845
700 1968
314 2295
0 6157
356 4687
2990 3282
1137 5086
1693 2891
2104 2307
857 3291
1370 3332
890 4042
3453 5113
1235 2474
1067 1388
700 3955
271 2167
868 1533
1346 1712
783 3672
1149 1192
888 3822
2700 4314
1081 1464
3937 4100
1008 2012
3889 4228
1709 3186
365 3069
93 1339
2392 5929
1591 1597
271 3097
365 2958
743 2169
857 1082
3748 4022
223 4305
5762 6011
3848 3940
271 6331
0 26
1008 1033
3832 4219
145 2891
2709 3715
365 2094
87 143
2863 5554
808 988
1981 2789
1137 5700
271 3500
2404 5928
958 2014
2891 4989
312 2382
1048 3725
285 423
3973 4382
2063 4347
271 2998
273 3273
912 2468
1100 2125
365 4932
1137 1439
1237 2468
2088 6248
2809 3982
783 5671
1464 5217
2125 4948
271 5265
271 2132
2392 6470
1896 2795
4189 6719
4377 4390
271 5185
1343 5293
142 143
143 754
1906 6100
1137 2354
271 5366
2152 5816
747 1502
2512 2537
365 591
358 1740
143 912
271 1743
271 2459
2678 4408
2468 2771
49 743
5633 5658
1981 6633
1136 1693
1091 2891
2784 4528
77 1085
2584 2891
356 3188
1010 6689
3727 3845
271 5973
3409 3517
271 5022
2104 2480
0 1343
356 3291
356 2871
1137 6294
365 915
271 4111
2678 4213
1883 1981
143 1108
271 1155
903 2022
2126 2392
271 4284
758 6500
3041 5811
383 1172
402 1429
700 3974
2872 3451
1580 4706
1137 3113
783 1529
378 1986
3297 4577
365 3398
365 7086
4123 4139
680 5265
271 5448
11 2988
572 575
3947 6550
1900 4069
271 939
1553 6483
143 1544
591 618
385 572
107 783
72 3120
1529 6294
4306 5569
365 6305
1137 2891
2063 3782
912 5063
1760 2478
564 5061
6518 6524
1223 4726
0 2088
764 1688
2125 2614
377 624
518 2593
868 2478
271 2954
783 5333
365 5372
764 1619
5906 6271
1995 2991
385 1016
271 5625
143 783
1343 2604
0 1079
2474 5783
523 783
1343 5313
762 3343
1137 1259
888 2781
271 2265
365 2254
912 5598
1137 2526
1945 2777
2400 5543
2872 3022
3736 3939
93 2610
2392 6208
271 5499
2678 4444
797 3858
2043 5499
1698 3218
1179 2085
783 6143
3480 5348
400 523
1745 2122
1230 5027
2774 6727
2991 4521
1048 4412
2476 2902
1108 1591
363 3300
69 81
365 1210
783 2244
580 611
1942 2059
4024 4234
1137 6322
271 1142
2254 3498
761 1662
3499 5451
271 4195
107 2972
1370 3324
2033 6520
868 1461
137 531
1782 5440
2863 5942
271 3104
272 3970
1110 4968
365 1721
40 1137
143 1358
377 4323
1397 2067
518 2307
990 4242
792 4679
2137 2239
3733 3969
278 1038
572 980
5063 6108
2468 2706
378 1990
912 5341
783 4983
271 5716
377 4312
0 1904
2150 4981
365 1969
3187 4569
783 5092
1137 2861
857 4638
365 6422
1406 4960
271 5968
271 5994
2575 2891
3333 4545
1012 4400
1137 5998
610 5713
1137 2063
2114 6288
2614 4453
1137 1447
2088 4948
510 2891
263 1331
583 2238
731 2891
868 2437
1478 2392
3074 5220
3973 4104
785 5263
107 4913
912 2186
1352 3521
1343 5349
4168 4533
2876 5530
2668 4213
985 6621
0 1499
272 3880
859 5684
973 984
365 2371
890 1942
271 5471
1591 4544
365 680
5034 5047
408 523
271 4912
1641 4620
783 3020
988 4086
271 5025
1130 2151
858 958
912 2343
107 6322
1775 2088
5094 5220
1010 4256
491 636
0 6171
1137 4994
377 6656
988 3860
936 5906
1137 3991
2251 2392
271 6931
365 1472
3273 3367
365 2840
356 1669
2384 5118
1438 3074
271 7040
1984 3810
358 6307
1274 2891
1130 6379
1421 2262
572 624
2088 5590
1600 4723
2891 5321
271 6310
2618 6730
0 6357
365 3487
1782 5369
293 4319
2699 4260
1137 1916
2043 2703
381 2261
0 3010
271 3403
917 5002
890 1137
365 6505
1137 1168
564 5134
0 2145
272 2694
1942 4409
271 3576
1137 3017
629 4353
906 2125
3374 6226
572 1896
2081 5906
2468 5211
523 536
1872 2067
1492 5104
271 1541
271 3010
909 2468
2379 5507
3792 4099
93 6401
1040 4341
271 2163
2085 3453
912 2407
1591 1593
138 680
523 2474
564 5492
5231 5335
783 5856
398 5217
3187 3382
93 6179
1547 3453
2478 5832
271 2321
262 1160
0 5711
3918 4019
797 3881
2578 3653
3947 6729
1472 2125
2392 5092
271 6260
271 2438
673 1212
0 5886
1710 3242
2107 6105
925 2614
2580 7657
1137 4940
2107 2885
93 5135
365 5741
271 1500
1137 6377
783 5252
271 1081
365 942
564 1056
356 3255
1137 1558
564 5768
365 1444
785 6462
5352 5758
365 3068
1137 3084
1993 2706
314 5997
2468 4198
271 3606
2510 6405
5321 5391
923 2649
5506 5515
2392 6105
377 4251
365 3570
641 1985
2668 3893
0 27
1892 4305
271 5663
0 138
1160 3174
271 3503
4269 4427
1051 4416
271 6488
583 2896
1553 6403
0 2125
1871 4385
912 2224
4040 4498
2737 4471
957 4398
912 1262
2637 3972
271 2993
758 1635
236 2891
93 1137
271 5531
912 1149
271 3396
272 4335
1137 2263
2693 5569
365 5076
747 4619
365 2136
272 4478
2468 3183
1130 6355
1108 2343
271 3491
271 2244
1137 5136
1137 2353
143 610
271 2421
3973 6541
365 5723
271 1742
962 6564
1137 5490
1038 1872
1133 2478
973 1137
271 3651
1921 4093
1407 1568
700 2022
143 1201
1137 5515
77 1933
279 433
608 4409
523 1343
561 1984
1235 4740
365 1382
0 2121
331 3290
1137 1363
859 6027
2891 5973
356 3243
697 1137
271 1154
1872 4099
1544 3509
2125 6107
1370 3208
4350 4432
365 3040
1196 6203
2322 5724
412 1984
143 1397
1568 5906
1113 2891
279 450
271 6249
365 6270
145 1137
271 3309
344 3719
764 2812
312 313
143 1547
2125 2578
1008 3866
4292 6549
143 236
2022 2468
1137 5067
358 6012
409 1318
4096 4099
565 963
1994 2709
834 4008
783 2321
108 2517
747 1137
1035 3720
629 3873
132 145
591 783
912 2433
2412 5923
81 1188
1099 2474
523 689
2053 4330
271 5175
2304 6386
1035 3958
1010 4039
365 2108
1137 6051
988 6618
564 2286
608 1942
72 6104
271 2264
365 5550
4417 5741
1764 3541
271 5333
378 988
2012 6516
783 6333
2392 4909
409 1070
2104 2176
1137 2478
271 5498
2891 6409
271 1826
868 1138
3736 6523
1745 5035
271 1183
271 5611
143 868
0 1054
272 1811
2468 5748
365 5985
1137 3720
365 1209
2891 3036
271 7033
0 1165
365 2577
273 4696
271 5117
1942 2056
279 2209
1916 5741
783 933
2395 6326
271 1137
868 1319
988 3889
1137 6120
608 1004
271 1254
1320 6335
365 2867
762 1645
680 5200
356 1670
271 3107
365 3012
1370 1731
1211 1869
1343 2392
1008 1908
1872 3820
957 4242
2125 4904
2043 2677
609 2468
93 2891
352 1792
1100 1130
832 1948
1988 2013
4668 6226
2468 3996
1529 6321
2392 2559
2404 5906
957 4212
5391 6293
2891 6211
2630 3792
2516 5437
591 710
271 5828
5560 5674
857 1724
2757 4003
2774 3843
2512 5387
700 4169
3014 5065
1441 2468
0 912
1268 2341
382 4004
1959 3927
1137 1446
2093 2392
271 6192
767 4623
988 4323
1051 5063
365 5020
821 912
3237 4539
93 3845
271 2343
1591 1605
1130 5063
0 1325
1108 3543
2212 2988
1872 2676
77 4382
378 1008
2705 3792
350 5906
1008 2891
365 2370
1137 5289
1782 4982
797 4085
1000 2815
365 1147
2220 2578
2392 5048
912 4917
271 2514
1921 4020
625 1977
1235 2226
2043 3803
572 2474
271 5590
1480 6336
783 3488
2225 2709
888 4066
107 6325
1235 1611
365 6102
857 3325
565 1984
1382 2145
365 7132
1067 2614
365 4597
1051 3736
523 1492
1137 1786
769 1652
1099 4557
1980 3921
3961 3985
1745 2748
783 5129
747 1642
2516 6045
783 6067
1236 4964
1872 1901
2892 6351
1137 5467
271 1432
1541 3501
271 2569
3832 4193
680 2534
965 4003
