7716 239
523 912
365 833
236 591
2457 2891
2891 5925
358 400
0 365
912 2891
572 834
3596 5540
2891 6132
138 564
365 5480
0 2468
138 1035
2891 6066
2891 6137
608 834
365 523
0 833
81 808
2891 6417
365 5762
0 271
236 365
365 6137
2562 2891
271 1782
2891 3670
833 929
2891 5480
912 3445
119 358
2891 2988
143 271
2468 4657
107 564
107 868
365 1547
365 2468
1782 6137
564 2891
271 572
5352 5758
572 591
1137 1379
1137 3596
0 868
747 783
1942 2474
271 6255
1137 2468
1406 5779
107 1137
0 564
138 912
833 912
365 591
2125 5690
833 1137
3041 5188
0 2891
507 808
271 272
783 1137
53 271
81 2988
2891 6975
138 2125
2481 2891
783 5792
400 523
2891 5888
2891 3617
523 564
0 138
271 6066
365 1406
2468 3670
365 2474
833 834
365 3617
143 365
271 2891
271 2304
833 868
2891 6135
0 523
236 1137
271 5352
138 1942
2125 2474
747 2474
107 365
678 1764
523 1137
2891 5188
271 6135
834 1942
0 5758
331 2468
236 279
271 1137
2891 6988
2891 5779
747 2125
747 912
2891 5575
2474 2891
523 1406
107 5480
143 912
1137 5697
272 608
1137 3670
2891 5422
2891 3445
365 564
523 2125
271 912
591 783
868 2891
143 1137
1137 6205
868 2468
138 523
271 6164
271 7296
107 138
271 358
0 912
1137 1782
143 2474
271 2468
833 2891
2891 5540
1564 2891
1035 2821
81 331
1379 2891
564 747
0 2988
1547 6240
271 523
271 365
572 2474
2358 2891
81 143
365 868
912 2988
912 1137
1764 2474
0 3512
331 1035
868 1738
279 418
0 1137
271 747
130 358
143 564
564 5925
107 143
358 912
138 783
1008 2891
0 591
572 912
271 564
331 2988
2304 6386
271 3617
2988 5906
507 618
81 566
523 783
564 868
2867 2891
271 3670
138 1406
2891 4657
138 2474
2891 5352
271 6211
271 7157
2891 5475
2891 6211
138 271
365 1137
2891 6331
365 5758
1008 2821
81 5906
271 1564
271 2358
2272 2304
365 2562
2891 3179
0 143
1137 5575
834 1035
834 909
271 2474
2891 5792
833 837
2891 5690
0 5475
868 1406
365 747
143 236
868 2474
523 2474
0 2358
1137 2474
572 618
271 1406
1137 2891
1137 3617
143 833
0 107
2891 7125
271 868
2891 6386
5762 6011
365 2891
271 6331
747 1137
138 747
138 1137
101 2891
1137 1738
0 1782
271 6975
2891 6240
143 2891
101 564
523 833
271 3041
0 2474
418 2988
