7716 6308
572 1035
783 2219
271 6471
272 979
271 2863
81 357
783 2264
600 974
572 1897
314 3145
2891 5395
1137 2137
566 2891
1664 3357
3986 5499
908 5906
608 1904
868 1782
1348 2304
1981 4694
951 1137
2005 4511
2363 7115
143 2341
271 2320
2468 4107
1670 3187
999 1006
279 1829
1942 2008
271 2433
583 5491
288 611
2891 5706
1371 3253
1782 7190
3520 7181
272 1883
1011 1878
279 428
379 956
890 2137
107 365
3051 5905
5092 5352
610 2152
143 6026
2100 2474
3565 4092
379 1137
712 4927
143 1138
2618 4359
272 3885
365 3067
271 5021
1010 6655
2125 2827
257 2197
272 4043
3948 4160
271 6164
529 4341
271 6277
564 2993
1008 1035
2089 3631
3820 5741
271 5662
257 1864
271 2706
2750 4083
271 5775
903 6626
2783 4023
747 775
1011 6548
868 2341
135 2384
54 2336
376 6655
138 1343
271 277
1010 3921
608 2545
2676 4092
0 759
2125 4899
271 5187
1989 2681
143 2440
783 3108
1263 1580
2445 4344
271 2420
1137 5344
1942 3728
2705 3736
143 914
4421 5499
4148 4261
77 1932
279 432
706 988
2618 4275
1624 1698
72 143
271 1165
1160 2476
912 3517
271 614
755 771
608 2692
2891 6066
1130 2468
1900 3777
271 1443
120 2125
349 1008
1406 1772
409 523
996 1968
1137 3482
912 1325
2468 4040
0 5550
801 1871
365 3720
1335 3003
1137 2960
783 2320
53 271
0 949
40 610
1160 6312
143 2254
272 1352
507 4365
143 5224
1553 7161
1035 4038
3707 4257
118 120
271 5332
271 2376
1942 3772
271 5445
990 5314
628 6535
2991 3719
1904 3760
2437 2891
271 868
627 4514
279 2208
833 2891
560 1009
271 6969
385 1894
1035 2061
377 4208
331 1035
25 868
1186 2891
792 4708
271 747
143 1352
3801 4001
1871 3717
0 85
271 905
2699 3922
1881 1942
138 2474
572 2007
785 6977
3187 3296
1137 3004
887 2027
2107 7161
1137 1492
224 4011
143 2237
0 70
2692 4291
584 5756
523 591
271 6117
1406 2412
2400 2420
912 5662
2928 5699
1160 1799
4319 4382
81 5065
143 564
271 1635
0 3408
356 857
890 2545
1616 4711
107 5421
1000 1048
2468 2694
955 3792
3596 5540
1183 1268
279 395
2709 2722
1921 4424
1980 6657
271 1063
868 1397
2891 2988
339 341
988 4059
271 1108
797 960
365 4198
834 3724
272 3921
143 1343
591 1981
2024 4305
3879 6100
2481 2891
0 2373
372 591
1137 3537
783 5305
271 3413
1008 4162
783 2218
3832 4036
1899 4046
1011 2701
868 2306
1137 5678
1137 1383
2700 3975
271 2911
344 2061
138 628
523 2254
0 917
700 1022
1137 5896
1137 2089
86 241
521 3754
271 2173
840 912
890 2611
0 2991
2468 4261
1234 1235
271 1607
1032 2769
271 2323
1352 1946
271 5388
143 953
93 382
271 2432
1019 6675
1137 5460
564 1437
924 2478
680 934
891 4233
1050 2828
0 362
6132 6202
747 1698
1011 2545
365 795
358 5209
279 431
1871 2468
145 591
2303 6055
2474 5168
671 782
785 2891
2114 5579
72 148
271 1192
777 1343
377 6690
912 6186
271 1241
365 3066
4330 6661
1101 2427
271 1358
271 6167
238 306
372 572
2007 2137
697 6616
3167 5548
487 636
107 3599
912 941
730 940
783 1882
1881 1919
657 2891
839 1683
909 1212
1909 2545
385 864
668 3792
1130 3463
783 5664
764 1621
1904 1942
271 6109
263 912
1024 2468
912 7054
3792 6540
909 2135
608 3792
2468 4313
271 5363
1553 4305
680 868
3973 4319
1008 2821
271 2423
1137 5351
271 5472
747 1777
365 1090
271 3605
1876 1966
3250 4711
2063 2663
277 365
77 1931
273 4722
279 435
365 5900
365 912
1137 6500
2022 3827
2699 6526
356 1736
107 1235
912 1777
912 3420
2891 3663
143 1764
2433 2891
595 907
271 2455
1210 2392
783 2981
1259 5096
2019 4479
873 894
1239 1551
379 3854
1877 4342
1335 3002
3894 4415
363 582
15 81
1343 2891
1137 5959
81 1351
1192 1407
912 3186
747 1024
272 4301
1008 4168
1693 2474
107 4950
2286 2444
983 2771
1352 2795
608 1031
3716 6640
365 7061
3707 4494
2384 5577
2107 6034
2392 7009
271 5119
0 4322
279 2211
365 1352
3187 4672
378 4166
66 6148
1872 3889
572 777
2307 2891
1022 3857
177 279
60 2988
385 1942
525 526
5732 5906
2721 5499
0 1739
507 2050
957 1352
2663 3749
138 236
1149 1568
143 1235
783 3548
1137 1257
1900 4187
783 5333
1048 1901
3218 5257
1871 4379
3241 4636
1008 2689
783 5611
2286 2382
1357 2135
764 2468
608 1972
1010 1019
1137 5342
93 138
783 3389
107 498
1884 2732
271 1969
1921 4450
2678 4246
3727 4099
2706 3886
942 5094
554 718
572 808
174 279
314 2382
1577 2468
143 3237
365 2837
834 1040
0 276
271 1397
271 3073
378 3883
1137 2579
747 767
1359 2088
2161 3127
66 271
697 6595
0 7069
271 1004
271 7157
271 3412
795 2891
591 676
783 2266
572 1899
868 2450
2769 3806
912 2492
138 629
2891 5043
1137 5903
331 1872
3517 4940
507 1352
4040 4262
0 2976
2012 6545
988 4208
1683 2468
3934 4022
845 1137
143 2343
271 2322
271 5391
1959 2622
1872 6570
636 661
701 1007
271 1474
1137 6173
1921 4430
101 564
271 5434
1893 2623
1101 3608
2463 2891
115 5906
572 834
3866 4325
868 1529
2012 3814
365 3065
0 6316
890 3752
378 2681
2107 3330
116 868
2676 4305
93 5872
200 279
2468 2476
1904 2836
1008 4112
1041 4029
1992 3947
401 542
572 1944
998 4179
868 2343
1871 4386
0 939
1382 2872
2891 5070
1764 3541
2786 3832
372 1009
1048 2004
868 1541
2618 3941
783 3069
0 2845
2034 4013
2443 2891
3968 4207
93 6291
1035 4060
3736 3851
138 2614
365 587
271 2422
28 2121
271 1739
1137 3600
1652 3217
77 1930
279 434
2700 2752
2772 3903
1137 1591
797 903
1137 5829
1777 2891
1008 2044
2382 3489
271 657
358 5766
2085 2407
1942 2991
912 2872
272 895
0 2318
2891 5475
1051 3632
271 6408
1059 2125
138 2055
1010 1957
1161 3005
138 1358
680 5053
4440 5569
747 1138
2647 2777
1637 1641
365 3863
507 870
1137 1471
808 4113
1944 2666
271 2228
365 2105
277 5528
1024 4420
365 5547
523 912
1871 2651
1011 4214
107 120
996 2782
2748 4100
2891 3464
2891 5925
271 7296
2891 6458
764 1642
1011 4244
1137 6181
272 1957
279 2210
31 145
1137 1602
1137 6326
271 1138
272 3800
1154 5065
314 2330
271 1251
1136 4676
730 2914
2007 4193
683 2392
1067 3565
107 3466
2063 3938
4305 6599
3241 3330
755 910
93 523
4132 4320
271 2614
1982 4064
0 5486
52 2143
783 1791
378 1986
1900 4037
271 907
0 3646
1942 2709
1901 4157
1492 3542
2384 3550
808 4319
1137 1401
833 2112
3765 3783
5094 7188
651 4319
1035 3753
2474 3186
1764 3565
1011 6594
72 1137
629 4019
494 636
1942 4322
3872 5177
747 1404
564 2398
365 5630
147 5815
271 5253
271 1422
0 1312
2382 2468
884 4189
638 1137
271 2478
271 2527
271 2335
745 746
1872 2709
564 6034
2114 2235
3720 4506
747 2545
377 4423
272 1921
2468 5579
2891 6943
2468 4189
271 1110
1137 4998
90 1137
857 3187
1130 6028
365 3600
1137 1791
272 507
1871 6728
1371 4709
1890 2618
81 5906
2891 5303
895 4336
624 1024
1804 3069
747 766
272 808
271 2570
2699 4312
564 1433
365 1792
271 3415
271 5812
572 2037
747 3449
2457 2891
868 2451
2752 3865
238 2468
138 626
377 2816
381 2468
271 4919
868 1777
1896 2804
4141 4316
1110 6077
610 868
277 1135
271 2333
680 793
271 1782
23 81
1959 2020
615 808
2737 3882
741 914
370 1137
783 3457
2125 5329
797 3832
365 1406
272 3729
328 2516
584 2141
949 2891
271 1243
3824 4322
1392 1591
1130 2891
1564 2891
271 1529
868 1352
2636 2643
365 6183
271 3386
267 523
272 2647
271 3499
4166 4305
2891 5540
3946 4305
133 2516
1942 4168
336 611
912 1137
2891 6506
365 5284
308 2516
1051 5613
410 1864
2392 3565
365 586
572 3736
801 2966
2036 2614
1942 2043
888 2468
996 1047
783 2963
1011 4106
145 271
271 3607
1137 5575
3513 3596
747 1664
891 4100
279 2201
262 3145
572 1008
365 910
3780 4081
1024 2751
1213 2117
365 2891
1893 4292
523 1553
1243 3470
159 169
271 1343
223 1046
1137 3116
3948 4112
833 835
687 3648
575 2039
1008 3983
365 2107
564 2960
1137 1138
1041 4147
1013 2043
993 6651
1008 4157
379 3987
1551 6954
2891 6235
2015 4416
914 4449
271 2912
4014 4305
1137 5876
764 1685
379 1989
1137 1325
143 2433
1035 3724
246 279
314 4951
358 1185
271 362
642 1130
0 2891
764 1659
2510 5015
2468 4968
2617 5499
271 1544
629 3824
0 2665
1024 1352
1871 2650
572 3772
1212 3177
389 718
2891 3386
2125 2474
81 1380
523 1137
143 5816
365 1060
145 747
2088 5652
271 3691
743 4951
271 6309
2891 5860
400 5374
2709 2812
2891 7169
1893 2678
2606 4919
2445 2966
1571 1591
376 804
1343 2551
912 6260
385 2733
1008 1896
270 564
575 2027
2254 7117
912 3273
365 2323
912 1533
630 809
0 3647
1137 2903
358 912
81 3237
143 1944
988 2891
3832 6542
625 4384
629 4392
4153 4417
271 6511
2222 2478
3211 3353
1137 2993
1406 5779
0 2903
2304 4918
1547 5386
2891 3179
1918 4322
1397 1469
1490 3313
3707 4305
0 3406
564 2254
271 2360
1871 2622
1137 6933
93 279
334 611
1901 2891
599 4241
760 1659
1137 5438
1082 3240
868 3509
271 5036
2678 4244
1782 6968
2668 2811
81 610
747 2433
859 2891
488 636
241 868
271 6942
1137 6183
1883 3724
271 3986
2709 2772
93 1346
859 3683
656 2828
990 6735
1137 1961
1067 7710
1656 1659
761 3333
148 1551
868 2238
775 1698
272 2668
138 785
1942 2742
138 2125
995 1035
0 2150
272 2811
1163 1693
107 7181
572 1893
143 1901
556 718
2468 3218
154 1110
138 627
868 1635
0 5303
0 3137
2044 5499
507 4441
99 107
331 332
81 1137
1370 4781
271 1600
680 1471
572 3829
279 1825
2137 3138
1137 6961
271 1777
1900 6607
2891 4593
3883 6571
2693 4336
3876 5499
365 2903
2286 5920
1921 3988
365 792
1044 4245
988 4055
1137 5547
279 424
138 1548
236 523
1019 6627
2819 3832
1942 2100
2891 5949
988 3829
1051 2132
564 6252
138 1137
271 7139
5391 6933
238 326
2384 3675
1811 6540
325 3478
2891 5352
1008 4227
1764 6126
2091 5816
379 4086
957 6523
0 143
271 3498
1959 2468
2055 4336
0 5237
1553 5770
2689 2891
912 1138
643 718
271 273
0 2912
1635 4662
365 5283
1942 4059
143 331
271 2130
2474 3034
271 1591
3707 6581
271 2243
3529 7624
271 5372
747 1492
365 585
81 5375
1529 1942
279 1861
2012 2621
523 1108
1652 3219
241 1137
0 1079
93 2460
1035 2033
2638 3952
1130 5776
1035 2742
1160 2162
77 1928
580 629
523 785
1893 2641
271 6945
890 4072
365 2890
1044 2734
1010 4256
0 6171
912 6153
1071 4003
365 3035
976 4463
271 659
107 6444
833 834
2043 4376
575 2038
143 3517
833 7644
344 3724
365 5643
2891 4657
271 5758
365 1991
2409 5662
2058 2468
73 1268
1160 3478
888 3868
2676 3902
2468 3931
271 5916
2104 3118
1137 1324
1031 2665
591 783
138 523
314 5536
0 568
764 1652
746 5731
769 788
905 2088
368 2012
365 3584
2022 2625
238 1137
783 6328
107 5445
1051 3736
1163 1346
1942 3760
4351 4420
4322 6526
107 5731
4370 4372
1011 4246
271 1999
143 2988
271 5112
568 1137
672 2392
30 2085
2678 6527
1137 1745
313 314
2056 2764
455 2988
834 1035
271 3118
2044 4324
572 618
3706 3871
2125 5852
410 2545
1553 3130
868 2100
271 2608
271 917
54 271
2436 2476
241 5401
3708 5499
272 1004
747 3231
272 4110
912 1067
6171 6932
1893 2640
365 5338
1591 1698
998 4475
224 3870
272 4396
271 5142
271 2186
3001 5530
377 2613
1095 5065
1016 6633
365 2220
912 2079
783 2868
1137 6932
1801 2891
271 2472
1035 1883
1352 2033
923 2025
1136 1612
1137 1445
271 5039
2125 5419
1024 2650
143 1268
1130 2224
279 500
271 1104
409 907
365 1466
81 2143
356 1667
331 2468
1406 5499
1008 3818
81 156
2010 2729
851 2197
271 6316
1093 5065
688 3499
2114 3187
868 2088
996 2021
277 3595
138 143
1137 3541
1942 4416
957 3967
3900 5177
138 624
2888 2891
2891 6464
138 707
378 6552
0 2868
914 6535
271 2286
1114 2254
1137 1996
379 4339
29 1121
1942 2013
1312 3593
0 1469
608 4149
0 5876
2776 4443
365 1114
1553 5028
365 1259
1054 2082
2828 6220
143 783
3886 4468
1137 1544
841 5731
1900 1951
783 1405
2049 2709
1961 6605
238 327
81 2516
795 1072
1490 1670
107 143
864 6685
568 747
6 72
591 615
119 358
271 5733
271 7129
701 3720
611 4319
1010 1980
1343 3010
958 2468
0 2115
1745 5339
914 4490
858 3832
1782 6137
905 5224
958 3832
337 611
601 814
365 4925
523 2286
3806 3826
271 272
2474 3144
365 5282
1702 3329
397 410
18 81
1621 1635
271 3640
224 4125
572 3883
365 584
271 2419
608 4194
2299 5816
551 1981
1137 3814
2651 2805
4148 4258
988 4020
271 5027
271 1051
365 908
564 6435
812 2052
2088 2298
1352 3769
1108 2614
27 1325
414 2891
912 2988
271 2889
1173 2384
143 1553
868 988
66 3614
81 279
3832 3840
912 1201
1981 2675
2891 6331
272 4274
1683 2706
2253 2863
0 2893
385 1009
394 5906
365 5042
325 539
4379 6728
0 680
1116 1137
912 2100
271 5331
143 2286
2654 4175
365 2392
271 7196
813 4305
1137 5392
365 846
3842 6711
169 279
909 5995
145 523
143 1024
271 1151
868 1325
749 1502
138 6660
890 4168
1008 3791
225 2988
1591 2545
3240 3273
271 6219
78 279
3517 3600
599 1011
868 1008
271 3452
2891 3617
271 2769
272 2705
94 2988
3832 3868
1137 1406
2891 6358
868 2554
1335 5237
4895 6082
3826 3978
2731 2750
912 5764
365 5337
1018 4066
1804 5906
564 1777
2082 3452
896 4135
564 2248
957 2703
2678 3966
3520 5237
2636 3726
1015 2065
3031 5282
1041 2637
2614 3713
1959 2045
1130 2975
783 3029
272 1909
271 3657
271 5038
2104 2432
378 591
2618 6574
749 3333
1137 1635
107 5996
2114 5139
271 564
1352 1942
1024 4523
4013 4283
271 3085
1580 4641
271 1510
1035 1981
749 1653
1900 3989
271 891
3764 3832
753 3210
271 2457
271 5632
1901 3793
381 2286
1137 2929
4141 5569
271 6477
1013 4346
651 4382
66 5906
610 1343
1861 2988
1756 2254
2891 6386
38 143
271 5975
957 1981
228 2516
1136 4677
1137 2237
3333 4545
909 2239
1137 2318
1051 2043
4979 5459
271 2334
4272 4470
2150 5954
747 1659
1236 2085
271 1779
747 2224
564 1434
2303 6498
1959 2017
365 1113
143 821
271 3487
1024 6513
1067 6126
81 5815
288 744
700 2009
834 4196
279 426
72 2134
783 1118
678 2392
272 3732
344 3958
272 331
143 2836
1137 1688
271 4305
257 5906
0 6304
2286 6393
0 1560
833 868
912 3445
988 6656
1036 2678
3041 3573
2468 3836
4342 4344
1668 3187
1024 4046
378 1942
1882 4131
2071 3765
1137 2700
143 145
365 3597
1137 5756
1228 2476
2694 6752
233 4319
279 1376
864 2819
912 1253
0 943
272 4183
984 4003
747 1051
271 275
764 1618
801 2776
70 747
912 7043
233 271
1067 2429
138 1051
1067 5390
608 6761
378 4207
3707 4251
1464 3686
271 5374
2079 2224
1352 1979
271 5487
145 371
365 728
325 2382
2 143
912 4979
808 2468
1137 6205
271 2037
1006 3814
271 5094
267 398
2739 4170
572 1011
1137 5106
81 936
1048 2748
1421 2468
993 5499
93 769
279 684
1137 3152
363 1235
4170 4261
1008 3748
1771 2478
410 2459
1160 1527
1622 3227
2474 3654
912 2891
2104 5783
3820 4475
1019 2991
1108 5919
783 5372
591 747
271 3464
1137 2873
3736 4308
1318 5330
1130 1137
912 2665
2770 4421
3187 3259
2043 2474
0 2271
0 2894
385 1008
895 5177
2711 4040
762 764
1904 1975
1792 3051
271 1560
271 2224
912 5703
238 5839
271 5330
1462 1825
365 7167
1406 6055
143 591
1011 3893
622 3973
2107 2885
272 6578
15 1050
1969 3753
2468 5747
2516 6296
271 3700
1137 5600
622 3815
0 6444
272 1945
81 635
1343 2838
273 4689
279 1828
1044 1942
2891 7170
2988 3692
834 1942
1160 2382
764 766
271 576
2963 6299
314 2441
3757 4433
271 6301
4138 5499
785 868
365 1782
1764 5341
271 1421
1693 3250
271 937
271 6218
1379 2891
1406 2891
868 2102
1458 1492
271 919
1887 2618
1438 1745
572 2029
6 1551
271 3564
766 1635
857 1669
25 4355
909 5307
1539 2468
143 2235
21 783
962 3954
1527 2382
0 5392
143 2088
17 2193
1165 2891
951 1130
1011 4408
2056 6696
382 624
93 3727
236 2201
271 2474
365 1140
2125 2379
1670 3240
143 833
118 747
2012 4089
2636 4229
272 1925
726 1137
4125 4469
272 2068
271 4175
783 3463
372 1965
271 567
365 1464
1201 2474
572 810
1022 3894
1352 3826
833 927
271 4461
564 793
3877 4305
1037 2022
1008 3707
591 893
271 890
0 2395
4023 4236
564 2891
1900 4133
957 3852
922 1137
1137 5719
990 4152
1464 7196
81 350
2815 3725
2668 3710
81 940
1137 5890
302 608
988 4318
3818 4305
365 2301
912 2286
1352 2777
366 1137
1591 2007
2380 6149
749 764
271 365
271 1778
3728 3859
564 1435
888 3879
2468 2615
365 1479
12 81
365 1257
2737 3886
279 421
618 2027
378 608
377 2067
958 2749
962 972
797 958
271 523
572 2074
957 3805
238 325
1042 4098
695 1884
238 308
2263 5094
377 4259
1006 4497
910 912
1872 2015
1900 4090
868 2254
0 2343
1212 5307
990 4116
1406 2173
271 2824
1059 2085
800 903
3792 3995
376 2765
365 5280
608 1811
138 6521
912 2235
1121 2988
985 2797
3517 6497
0 2608
564 1480
271 5486
77 4319
3131 5815
2903 5566
365 727
996 1043
1035 1893
107 2468
4263 4377
1137 3401
365 1229
833 3063
1130 2919
272 1982
680 2891
279 457
121 365
81 2299
2125 5186
59 912
138 257
0 290
1012 1945
381 3517
355 1130
2063 3861
792 4549
764 3350
365 1553
1160 2600
4148 5499
2017 5741
1051 2873
2804 4129
228 238
21 5375
2888 3517
4491 5499
2474 3542
1562 5747
271 5755
790 1137
2769 3711
279 430
1137 2872
272 1042
185 279
3187 3258
376 2682
1008 2715
2474 3227
1942 2689
2891 6410
385 1015
1600 4590
325 2285
143 680
2759 4159
1693 2468
249 279
1352 2690
271 1556
718 721
365 3613
2173 2392
2678 4444
257 523
271 2385
236 281
747 774
279 2011
32 584
1051 6979
271 1883
385 3864
1624 1639
1614 3250
143 1181
1011 3779
271 5061
2012 3973
2706 5123
572 912
2545 2845
610 2091
85 365
1894 4532
2044 4353
749 776
2516 5906
93 868
0 5078
764 767
1028 2022
180 920
3975 4377
365 3004
957 4266
910 1261
2069 2821
81 87
0 5475
365 1815
2734 3792
1137 2891
3792 4075
783 5331
81 369
365 1357
4292 4412
1024 3797
1528 5543
2683 3890
970 4216
271 6013
271 2974
271 3057
2088 5070
271 6114
271 2150
365 5480
2627 4305
93 6309
1048 4412
1602 3327
1137 2545
624 1008
0 1492
1011 3856
1406 2430
1091 2891
271 5542
2739 4470
271 1822
7 1792
3794 3980
846 3693
1357 2662
1952 2022
18 5906
559 2212
70 271
2125 2220
1235 4676
2039 3831
365 1318
410 5928
2891 7201
584 2086
279 614
551 718
1692 1694
2642 3832
107 564
2709 4210
81 145
1137 2012
3714 4040
2249 5815
2699 4430
747 757
271 2577
761 1117
1343 1693
2642 4236
1872 1923
2891 5422
3728 4142
2828 2891
2222 2510
3801 3861
832 4181
985 6724
4207 4227
1942 3891
365 2279
2510 5024
591 1137
2085 3573
385 4189
2683 4322
978 4148
2076 3736
788 1370
1950 1984
997 1900
356 868
990 6603
365 2334
2678 4394
591 2125
1419 2417
2700 2891
827 831
2022 6643
138 1544
356 4721
2433 2468
2891 5792
1011 2068
2392 3696
890 4127
377 4160
1067 3483
572 2075
792 4586
2891 5151
801 3716
2063 4001
584 5569
2891 6996
2468 2474
5020 6148
2891 6949
1013 3798
3813 4370
783 2150
923 2022
267 526
3009 5543
1137 5746
912 1352
1882 3907
1571 3269
2436 2468
758 1656
333 611
271 2692
2891 6497
507 6564
824 2991
1137 2254
2707 5747
1008 2654
1137 6078
988 4259
0 1406
2012 4135
365 2272
4263 5741
4328 4461
1137 6976
747 785
1352 1981
271 1745
1035 1892
985 2041
271 4979
69 99
4148 4269
1884 2706
743 4910
365 2596
279 456
971 4003
143 1065
365 905
99 1137
4119 4120
890 4084
2928 5106
797 897
1672 3187
1580 2468
271 6994
1010 6536
135 5538
81 840
967 2618
2742 2799
114 3856
803 2618
2063 3973
0 6973
1901 4257
377 6546
914 4280
1777 2016
565 808
1547 6240
912 1430
1900 4063
1051 1137
110 143
2468 7062
271 5754
1137 3474
2100 4245
4244 4322
783 5002
1137 5871
138 1352
272 376
3187 3261
2700 3910
1942 4201
2085 3290
747 3541
2742 3873
815 5499
523 680
1235 2468
1163 3252
558 718
0 6114
2704 3736
988 1035
2395 5496
365 2244
356 1137
385 3709
4234 4325
1942 1944
1108 2082
2678 6694
575 808
4077 4175
996 4302
888 4047
1176 1177
1782 6976
236 591
271 2168
81 795
564 912
0 6395
0 271
365 1635
783 6942
257 2212
223 1137
2468 3186
271 3163
3597 6040
107 1093
564 3010
0 45
3832 4174
2069 2820
2627 6611
783 2089
2125 5690
919 2478
783 5330
1137 3035
747 3219
523 2125
365 6412
35 5815
1099 4674
2891 6488
272 1166
761 764
748 910
2668 4410
608 1901
107 5238
271 2145
2991 6599
138 698
1011 4410
13 143
0 6028
2137 3177
1163 4582
2451 3527
365 1138
2293 3531
3944 5499
271 3621
29 1211
358 1565
378 4227
224 6546
797 3822
1872 4518
2699 6609
523 1406
272 3898
1137 1777
271 7207
271 1229
1880 1895
116 3144
1352 3828
271 678
3041 3453
257 365
279 948
2891 7112
1008 1048
783 6366
1764 2891
1137 2789
599 912
801 4057
2424 4966
868 2235
572 2740
93 143
2748 3792
1013 4200
1959 4035
344 2069
3187 3189
271 312
3792 4212
1984 3810
138 868
0 3441
271 5238
568 868
271 2282
2758 2795
54 5065
523 833
1871 2664
365 5741
1137 2460
990 6600
2392 5102
365 2333
3496 3621
1085 2749
365 2478
529 6638
1212 5052
365 1255
356 4579
271 5007
1683 1685
143 1236
2545 2891
405 509
1352 1630
0 1201
1499 2426
1199 5401
3014 5065
2709 4245
783 3907
2085 2380
1067 6460
523 3517
0 102
3714 4013
272 2479
764 774
2650 3886
1981 2697
827 2476
2891 3613
1166 1947
2017 2725
1782 5954
957 4531
0 819
2636 4275
1137 2125
997 2789
2891 4040
1402 5020
2891 6496
271 2088
2468 3074
529 2034
1012 2647
3014 5906
271 2137
138 1030
1137 2398
1136 1371
143 2451
271 2254
651 2660
1024 2699
747 1624
365 7081
1524 1764
1137 3593
3138 5778
344 1008
145 257
271 3613
4305 4460
356 3199
2510 5608
365 1227
1944 6696
279 459
2225 2772
2612 3783
138 271
93 6471
1900 3755
58 5205
365 1656
2085 3001
271 670
224 6608
1137 1947
271 783
365 2106
365 6149
0 241
145 1528
2697 2748
5065 6297
1151 2891
271 5866
4000 5499
3187 3260
376 2684
1008 2717
133 238
2694 4153
81 6934
138 564
143 261
2891 6412
417 2988
271 5177
2468 6586
277 868
2694 4443
1357 2445
271 2338
912 2088
1137 7011
1137 2468
378 3956
1704 3235
3513 5156
398 574
1921 4333
19 5816
2891 3457
68 1816
271 3697
271 1994
1013 2627
988 3988
271 5063
912 1944
54 6320
399 523
377 4494
912 3474
2554 2706
2012 3749
749 751
1137 3386
1130 2333
711 832
271 6231
0 46
747 5783
651 961
1035 1908
271 912
241 271
279 1137
895 4125
0 3631
138 601
2626 3832
365 5333
2468 3275
1130 3527
747 1397
608 2013
914 1927
0 5758
3811 4322
1961 4008
564 6122
1930 1941
0 1093
279 301
815 1871
2664 4505
0 1268
4389 6514
840 2260
2809 4461
764 3220
1243 5701
1137 6394
697 1166
572 967
1388 4040
868 1406
271 5083
271 5045
1506 3170
271 3763
912 1811
564 5078
3121 3859
1006 4095
356 1672
2104 3665
5065 6421
2478 3096
1252 1338
271 6202
1406 5168
271 726
238 3699
224 6552
676 1357
990 6705
271 839
271 5644
365 3621
868 912
572 2741
3832 4045
279 498
1137 1165
2891 5553
2468 3849
3333 3339
25 5816
3187 3188
886 4382
4096 4097
271 3031
369 1137
3849 4338
272 4365
81 6383
1011 4456
2795 3748
271 2293
271 5350
0 849
1010 3732
26 271
72 3053
749 761
271 1791
762 5257
271 2443
1137 7044
1872 4453
365 2477
365 5281
2180 6286
1893 2774
279 422
1040 2034
2780 3731
550 551
572 1003
4086 4305
1153 2088
1352 3891
125 279
236 912
572 615
1006 2070
358 5552
564 6395
107 3117
1137 1692
1343 2468
271 7081
271 1312
44 143
382 2301
0 5935
764 912
331 4319
2043 4466
2306 5906
912 1565
2043 2630
271 1478
521 523
271 3218
2468 3832
764 775
1881 3728
1212 2891
5094 5834
0 5421
1099 3235
271 6460
957 3885
365 3593
2774 4054
708 1004
747 910
2957 5930
1406 2478
1745 5487
680 1236
93 5038
5000 6286
2272 2304
365 2125
271 5205
2392 2969
1736 3187
2058 4046
897 2022
379 4389
1137 2350
2807 4534
365 579
1872 2614
145 375
1079 1137
404 523
1035 2039
138 1872
1006 1942
272 1969
1741 4338
3506 4945
681 2468
365 6036
66 5020
912 1883
2043 2820
576 1768
365 3029
107 3494
271 7117
2706 3747
143 1406
365 3475
865 3790
1388 2034
601 4444
378 3802
382 1942
2468 3683
1764 5919
365 2963
143 241
3187 4553
2891 5608
2911 3118
783 2293
2614 2722
372 702
3187 3263
747 1130
1137 1318
81 1792
1199 2425
912 1108
0 2882
1137 2280
32 143
314 3433
1695 4660
271 1553
868 1236
2474 2891
271 5342
1137 4694
271 2386
1099 1706
120 5906
365 1267
1404 1635
783 3068
3753 4305
5741 6217
868 1268
1893 2717
2468 2679
365 1343
1902 4200
819 5065
1959 4131
4268 5499
1108 2784
762 1648
1010 4350
0 257
143 1325
516 2661
365 3001
344 1892
279 2202
1893 2793
241 5506
797 2626
1533 2392
912 1235
224 572
1137 2888
3832 4018
599 2891
1243 5491
93 912
584 6223
2891 6349
2414 2969
406 523
1739 5329
1893 3948
1137 6123
1652 3357
990 4508
1012 3952
2096 5731
2298 6076
289 401
365 523
365 2359
143 988
1013 2820
1553 5042
356 4553
1013 2741
988 4042
120 912
81 2152
1035 4096
608 677
1137 6393
93 5028
689 868
797 1137
4305 4523
764 3076
2777 6598
833 1137
45 81
1528 2304
272 3915
1010 4322
1975 2614
271 672
400 523
4038 4305
367 2988
783 7243
4344 4486
1745 2891
2088 2517
747 758
1081 1274
236 1137
1927 2641
572 2759
365 2219
608 2067
747 788
783 2386
4096 4098
271 314
1177 1591
821 840
3290 5906
3792 3793
1958 1988
4545 4708
0 6060
1942 2007
6461 7636
912 1541
365 1108
680 912
912 5168
0 79
3509 5283
2737 3874
365 785
864 3984
81 566
988 4014
1963 4046
3502 5731
2867 2891
241 936
2157 5507
859 2330
2137 5595
611 679
1137 1683
673 5932
0 25
1137 3128
521 4194
912 3029
271 6286
857 4638
572 2795
271 6463
365 6320
868 3693
107 7156
0 2474
30 358
1137 1192
271 1792
811 2706
48 912
1970 2648
0 2919
1335 2894
1544 2333
890 2794
2384 2891
584 5901
2085 3333
4040 6679
120 1137
486 636
925 2474
138 2988
1110 2441
271 2248
912 2254
410 3692
905 5678
143 2306
271 2425
622 4082
1024 2891
271 1746
2645 3947
914 3851
2286 2891
5714 6464
577 2828
365 868
807 4382
2777 3729
279 453
868 1335
608 988
912 6385
868 2730
1057 1177
277 7030
690 718
401 1241
1984 2468
271 1460
407 523
271 5918
2468 3613
868 2286
365 3675
138 833
659 2125
1148 2085
271 3479
2751 2793
747 988
0 785
0 2085
1745 3610
3187 3262
271 2962
783 2464
507 881
1967 4301
3541 5301
2700 5499
2474 3001
2988 5906
783 5932
271 5337
3950 4313
564 2145
1090 3009
1137 5305
3832 4205
0 1147
3910 3911
1081 5714
783 5635
377 3850
1348 2823
912 1904
608 777
271 1093
325 5059
1137 1738
1137 6126
3878 4193
79 271
143 2891
2621 4354
271 591
272 4095
271 764
2205 2988
868 2988
2085 2306
1137 3409
376 4530
81 1070
2891 3670
271 914
1006 2761
608 2056
1942 2722
2063 3768
1137 1255
777 1942
272 995
1523 2510
2468 3863
747 3220
138 1012
572 1881
564 5038
1335 2960
1013 4098
365 5331
766 3218
2093 2380
2085 3404
2863 6421
271 5151
138 697
81 5045
365 2635
277 2474
4176 6639
113 279
143 2468
591 1038
1352 2722
3826 4345
777 2019
271 2304
1998 4188
1972 2019
5065 5171
365 1024
5274 5906
868 3517
1006 2012
68 2085
564 1186
2063 2721
241 6032
783 3621
2618 2803
1235 4680
271 1113
651 1045
1035 4321
1137 1782
1591 3196
568 725
1901 4164
1161 1251
2891 5239
81 5274
551 552
1033 4322
1137 3453
271 833
271 2589
700 3745
405 523
59 564
568 2891
2286 7088
868 914
272 975
641 4382
957 6705
833 2107
271 2976
272 2818
1137 5812
1942 3908
84 1607
887 1984
1370 2474
366 1961
0 5263
365 2151
1348 2420
306 5443
0 3002
523 2614
313 5530
271 2404
1137 2449
749 759
71 271
977 1959
2125 5606
2395 5699
1008 6651
2678 4239
279 416
3737 3848
1886 1959
608 834
1406 5165
271 1213
1137 4185
399 6117
3924 4372
2451 2474
757 1650
2891 5139
271 4428
711 885
2455 2891
1036 2668
93 2838
764 769
2137 2242
1008 1031
1358 2347
0 3648
4040 6605
2699 4351
365 2789
810 4515
4385 5569
2741 3736
1137 3040
618 620
894 1009
3973 4352
242 328
912 1130
0 596
764 1640
365 5063
2795 3829
509 1199
271 2138
2752 5499
1137 2387
271 5207
747 1343
1885 4395
868 1901
2453 2468
1949 2022
1010 3766
271 2424
365 2413
231 2988
3918 3992
1035 1944
365 5855
365 1079
272 1971
279 452
2007 6522
749 910
1011 3739
4092 5391
1274 5386
3187 4638
271 1169
1358 2891
271 4013
1894 4380
81 6080
365 5027
272 572
1585 1698
93 5239
2104 3595
271 7119
5392 6961
271 667
3745 3832
3563 7062
81 110
996 1956
859 2532
2392 2444
3880 4006
751 910
572 2687
1113 1137
116 1130
0 5161
271 3095
1035 3719
365 3853
914 1981
507 880
271 381
783 5641
957 1902
1243 1961
1137 2286
4040 4249
1136 4739
365 5392
604 1172
1108 2376
271 5336
143 523
2683 4227
0 2577
365 2385
523 1051
909 2297
2614 3772
2359 6099
0 5811
564 3700
3870 4030
1942 2474
16 81
868 2665
572 3728
1909 4482
3752 3891
1942 2053
1988 4119
868 1492
272 3794
271 2468
138 302
1137 1882
107 591
912 6253
2618 4530
271 6179
995 4321
365 1776
238 262
1343 1815
1192 3143
2007 3945
34 81
895 6690
0 5496
564 5257
271 2729
1553 3273
1062 1063
912 5996
138 2224
365 5330
100 822
2744 4254
783 3014
331 347
1022 2791
143 568
143 2516
3252 4583
14 271
238 3433
0 1112
868 1051
271 3617
1944 4121
2056 5747
365 811
271 3670
279 415
1011 6694
1438 1486
2022 4156
1132 2343
376 3792
145 607
271 1067
332 1035
0 4969
975 3726
2304 6304
516 521
1959 4289
279 637
581 1108
608 3389
293 4382
1965 2070
271 674
271 1406
2472 5747
1735 4721
551 555
844 1591
20 81
260 1600
985 1023
1702 2474
3876 3913
2891 5460
2468 3670
271 5641
93 1909
2223 5608
271 5935
833 2106
0 2286
1008 1012
3824 3918
2891 5036
1981 5906
1008 2615
3792 6556
365 2150
651 671
797 1997
3845 4099
0 3003
271 5347
1562 1942
271 2407
1782 3549
1261 1694
271 5392
1137 6952
2150 5354
783 6392
678 1764
385 2054
365 2474
138 1954
365 1251
365 783
2468 4461
1192 2408
1551 5906
376 3820
236 636
1571 2468
93 2385
5731 6071
890 3916
271 529
365 1430
890 4120
2510 3569
271 1325
624 2007
272 608
143 1383
1942 2974
1024 3926
2700 3963
583 1130
143 1541
0 3649
3 5815
401 523
539 1137
730 944
272 4159
1137 1343
912 2451
639 810
1008 2756
271 2100
365 2954
764 1641
868 1695
271 2213
0 7215
3621 3660
608 1944
365 2267
597 2384
1051 6239
365 576
271 2427
1323 2474
1351 1792
271 5492
1798 2988
1894 4305
1177 1534
868 1235
365 2446
564 5980
1568 2408
279 455
1011 6686
1492 5207
890 4442
3926 4324
747 1944
271 1168
539 3001
572 2100
271 7118
581 2210
1325 2891
1104 1105
271 1462
2425 5401
2891 7031
3517 5460
2709 3752
1942 2692
0 868
2307 2468
1116 1541
4469 4473
990 4346
279 1359
1274 1464
1942 4194
2194 2988
271 6036
507 883
143 257
382 3845
2030 2742
365 2094
365 5391
4040 4329
5303 7644
314 3559
572 3783
891 4463
1044 4311
365 2384
236 279
238 3389
2382 5059
2891 6157
1876 6555
4040 6638
2776 4153
1883 1942
271 6924
2744 2771
1130 2151
4322 4372
783 1469
1008 1811
244 365
2088 2157
564 5492
572 611
1547 3453
2836 2940
107 1080
2891 6931
648 718
611 4129
1034 2002
236 2891
271 3396
2516 5443
138 1010
912 5817
1421 3687
680 1137
1137 1479
2529 5342
1395 2107
409 1070
958 3858
2705 4308
1357 3848
130 358
2516 3645
1352 2611
93 365
1130 1312
61 271
365 1133
611 2669
365 5798
2037 4046
2100 6714
407 709
1653 1718
145 606
1791 5391
2710 6542
2891 5818
551 4319
365 1312
2742 4387
1137 5043
0 3130
271 572
868 2818
833 912
271 6150
378 1035
1690 3375
1137 1959
2891 6975
271 6436
271 1008
365 3617
2891 6173
1160 2876
833 2105
3734 6518
3768 3973
365 5156
895 2991
912 1024
1008 1013
3300 4545
618 808
833 5347
2903 3568
378 6561
1130 6382
834 4008
3845 4098
572 3864
2890 2891
3859 4004
2468 6477
912 2478
271 7215
2474 6217
564 675
1137 3680
1011 4155
783 4100
3708 4417
1035 2692
0 3576
279 418
145 570
3187 4759
0 3479
154 2516
120 358
143 1088
81 2081
1022 3786
145 868
1008 3760
689 2891
1010 6641
3763 4170
271 5944
912 1553
377 4260
957 4332
350 2928
1090 1115
747 868
912 1343
325 5682
0 5584
30 357
912 1358
972 2690
912 1245
228 309
308 365
1335 2891
1137 2240
271 5152
890 2793
293 2748
30 5906
138 1027
1137 2385
271 5201
785 2024
1024 4468
2635 4319
783 5845
584 1170
745 6008
271 2426
1507 2392
224 6688
1199 6935
302 2468
2018 4003
1137 3596
143 785
783 6476
2784 4416
271 3608
365 2445
2468 2642
1526 3593
1160 2172
912 1969
75 1137
244 2392
383 2510
1051 6099
143 2928
572 1437
275 625
382 2077
365 3025
896 3723
271 5018
3593 5049
1370 4722
10 81
3935 5499
81 108
564 591
0 246
1782 2829
0 3630
1035 2821
1348 3607
365 1981
2891 5612
2114 2837
271 2933
625 4482
272 377
1315 2384
608 1768
1008 2706
591 785
2098 2114
138 1108
2358 2891
80 2891
143 2125
2891 4292
2719 3771
366 3989
365 2238
1137 2510
271 5338
912 5857
608 1044
783 2891
868 1547
1137 5391
644 718
868 1264
564 1225
4086 4322
365 2562
523 1352
3859 6663
2694 4057
1137 6306
272 3796
271 584
957 3757
1602 1698
271 3120
2474 4895
1081 1137
1041 3927
4305 6528
1100 2497
138 145
271 6339
957 4116
365 3644
1909 3845
1041 1357
0 833
783 5336
33 143
1137 1397
1900 4319
56 2988
2988 3421
1421 6287
671 1041
3924 5499
833 5303
331 349
1137 2336
1104 5065
0 5747
2474 6226
271 1766
365 5652
375 1798
5065 5543
271 1815
2125 5456
1137 6252
271 3664
764 3217
1108 2850
107 6306
271 1114
1137 5042
954 5499
271 7011
223 4319
844 1698
302 4319
2239 2242
377 6514
1635 3210
1108 3558
66 7054
3687 5670
271 5643
957 4152
1382 1729
868 925
1001 1984
0 5621
2033 3721
1011 2715
2145 2962
914 4508
0 2531
0 988
833 2104
1881 2019
3736 3823
958 4028
1942 4042
271 2115
1947 4301
3845 4097
143 2437
365 2293
641 4319
271 5357
1137 3832
572 3720
745 912
2125 7038
747 1650
1234 1364
365 747
868 1081
365 2472
1335 2395
2687 3809
1469 1553
271 1944
0 3577
272 3710
279 445
564 1153
1130 2341
2742 4509
2618 2706
2172 2468
377 3860
1875 1904
1130 6100
750 910
2063 2468
376 6574
271 7156
138 3792
1704 2891
399 511
523 5142
0 1553
3871 3949
107 1138
760 3220
568 912
1872 2007
365 6171
591 617
0 2478
0 5585
3832 4078
81 3290
138 4416
271 2161
2545 4965
2468 3203
868 2474
242 327
988 4500
523 564
271 6066
4470 5094
507 873
0 599
3529 5543
1008 2758
912 5829
316 2516
572 3918
138 1024
2891 3116
0 1397
518 523
993 1872
271 5313
365 574
317 827
2173 2365
115 2928
271 1758
271 2538
314 2118
2137 5052
608 4442
271 6676
890 2077
81 2914
271 3720
1335 5583
279 449
377 4510
271 1133
225 279
2341 2891
835 1610
912 3613
981 2468
4100 4514
272 575
143 1492
1137 1804
1130 3703
727 5094
1991 2468
1002 2750
376 1010
833 2468
1071 2022
81 99
1137 2774
1782 3436
1906 3839
271 6382
259 834
572 2699
747 835
331 344
2063 4104
385 700
81 269
271 5872
1022 2022
2238 3541
2809 4040
2145 2891
1889 4350
564 1904
1137 1450
1130 3565
5 302
2350 3144
1695 4659
1192 1419
4582 4586
271 1564
564 1541
1137 2514
3802 3862
1969 4038
564 1460
2478 3035
74 116
81 2988
957 2627
331 623
271 2510
1469 2863
1782 6329
641 982
1137 6215
75 610
2147 2891
271 4956
890 1893
2554 2891
5025 5065
2652 4396
1335 5587
834 1916
1900 3997
0 3152
143 6231
1012 3770
271 1270
2709 4059
747 1640
271 1383
1035 4519
2709 4311
1872 3804
326 5684
0 36
1800 2437
2160 2506
1130 5201
1160 1387
0 1122
868 2333
1137 1396
572 2692
271 2888
2005 6636
747 3353
1160 3145
272 2678
3908 4305
271 6122
3034 3167
2696 3792
238 2295
365 5472
2377 3565
958 2007
783 5791
2891 5745
4469 6571
1087 1662
116 1549
356 2468
1013 2974
271 2493
1048 2817
271 5550
358 7657
379 2799
981 2002
2615 3780
365 1165
272 3746
890 1768
1130 5742
272 3889
138 382
976 4100
271 574
2056 2707
1033 2795
365 1600
271 1403
377 6513
376 955
1764 4226
912 3218
747 749
811 2468
1388 4283
783 891
572 2780
1008 4322
4196 5499
832 1992
5094 5137
917 2168
1436 2891
1137 1159
834 909
833 2111
912 2474
2676 4072
1137 2266
709 833
143 379
271 2114
1137 6026
636 854
3845 4096
572 3866
312 539
278 304
859 3559
83 2988
1942 2024
749 755
271 2449
1035 1904
349 1969
1965 4226
2448 5078
529 2468
267 271
373 2988
2007 2756
0 3578
988 4011
279 444
1031 2046
386 718
120 143
4440 4525
1008 1998
572 2067
1024 1942
868 5705
764 3339
1137 2648
747 2836
2392 6479
1764 5635
2700 4138
2891 6988
2707 4533
1032 4471
1137 2392
0 236
1157 1172
93 3575
354 697
2004 2623
143 155
1274 3573
257 3692
385 599
0 5586
868 1883
783 5857
1048 3743
81 6185
271 5900
868 2468
507 872
1137 1421
1008 2759
1893 3934
2088 5006
912 2341
601 2680
912 7165
2706 4186
743 5710
365 2264
314 6461
2914 5906
271 2372
365 2409
2436 5748
271 5489
107 138
4041 5499
988 1885
392 6603
227 565
1959 1983
1136 1679
1008 2066
1030 3781
69 107
1357 5683
1137 1616
38 1093
1006 1035
1891 3779
1872 3908
1008 1947
641 4061
2891 6973
1883 3776
3881 3947
2468 2706
271 1459
957 6577
761 4612
730 2085
785 912
2618 6675
3947 4048
895 4509
0 5391
3751 3832
2891 5480
761 910
2063 3792
272 1035
2100 4108
259 611
2474 3313
100 143
868 5168
2665 2891
1008 2708
365 5354
783 2449
0 564
608 1881
888 4524
0 675
107 2084
271 5303
1695 4658
271 2347
1137 2508
1108 2235
378 4501
271 2392
1137 3677
271 5461
351 611
138 1942
783 3066
4351 4424
5731 5906
2679 3832
1506 2436
1335 5586
139 145
272 3798
2365 5102
868 2891
1108 5798
272 2225
516 7663
133 3001
1607 3310
523 1335
985 2771
957 6613
2891 5779
313 2382
564 5350
581 1373
359 1137
688 7074
86 936
783 5338
846 918
271 3574
1352 4575
271 2891
356 2145
3826 5741
912 2526
235 565
1327 5020
365 5471
1008 1011
1096 2510
272 4535
271 5259
378 2613
138 2800
988 1942
1799 2468
1137 5464
1921 3946
365 1130
2052 4041
2614 3855
1035 2717
1804 3588
579 1137
2891 7243
2694 2822
783 904
1137 6476
4191 4501
2055 6530
400 574
0 1944
572 2056
385 1987
271 6147
365 1744
376 4452
868 2125
1051 2891
909 3177
747 748
1264 1490
996 2025
1159 3041
1137 2717
2654 6609
3121 3792
93 1339
1335 3577
135 2510
68 81
521 4088
314 3174
833 2110
2474 3273
5460 7668
138 1130
912 2377
787 5543
2891 3074
143 747
379 4382
785 5005
1137 2363
1352 2755
107 5480
365 2180
813 4382
747 1652
1048 4518
1492 2194
868 1108
271 2448
1745 4945
2716 4100
2 81
279 447
365 924
1585 3203
81 953
785 2875
651 3981
271 6331
0 5112
271 6977
2516 5437
5080 5731
257 2891
2043 6582
271 855
572 695
912 3004
2007 4524
868 2145
834 6522
1335 3647
808 3720
572 2785
238 5536
651 782
1008 1130
657 1137
2733 3999
7061 7169
912 925
5699 5906
1130 1921
277 1489
271 5903
958 4047
0 2254
1800 5918
507 875
912 1135
749 1663
272 4305
299 551
138 747
3792 4168
2753 3748
2319 5660
2392 3404
2809 3837
365 2263
2036 2709
289 1051
1352 2815
572 3758
271 7180
2688 5499
1137 5472
2474 5459
1160 3119
53 912
1137 5617
754 910
584 1361
272 275
271 1135
1011 3742
1547 6123
2671 2729
895 6653
608 2709
271 6267
834 4070
1024 7090
1915 4305
2478 5053
0 2333
271 3436
912 2886
4166 4252
3577 5999
783 5313
909 4998
134 279
365 2828
5065 5906
1137 1358
572 1971
2665 3565
676 5094
2007 4084
2891 6327
589 2216
1871 4484
859 3170
990 4376
143 269
272 1322
143 1051
1942 4305
1136 1248
2789 6586
539 2085
572 3948
365 7011
377 1901
365 7156
564 4539
365 2380
1782 4984
141 143
0 1137
365 689
271 5573
980 3918
271 5071
271 1091
138 344
1035 2991
145 912
601 4214
2052 2814
402 3073
81 786
801 3705
4181 6524
564 5569
365 3206
2022 4073
2235 3470
100 360
271 6239
2891 6935
377 6581
5024 5608
4251 6528
3978 5094
0 3597
1137 1177
747 3210
1902 3792
4201 5391
0 1011
365 5180
271 5959
179 279
1008 2737
2662 2706
2710 3832
5045 6153
3517 6252
365 5470
377 4312
988 1137
366 4037
2054 2699
272 4520
2007 6711
228 2330
107 1137
0 1343
1881 2991
990 6613
868 1969
1130 1324
1942 1981
2104 6150
743 5003
868 1024
626 3735
2891 2929
568 778
3722 5499
912 5210
271 5042
271 1078
93 271
1872 3966
909 912
529 4428
279 632
2468 2891
563 565
271 568
2043 6573
396 523
0 1544
81 143
365 2966
896 1946
611 4109
1137 2563
271 847
2614 4286
2627 6582
2845 2891
2043 2704
2614 4453
2771 2774
2891 5592
912 1382
81 331
138 2254
572 1915
833 2109
783 5550
365 5152
1012 2773
564 4927
868 1553
1942 4142
4040 4167
4377 4446
271 5241
1635 1642
1024 4460
271 2301
2891 3218
2731 6585
2007 3187
271 5407
990 6577
2510 2959
311 314
114 808
5065 7020
2891 6240
610 2249
2891 5756
279 329
1335 6924
1005 4097
279 446
139 331
272 2012
3886 4000
344 682
1137 6511
271 1211
985 4254
272 3871
1499 2421
138 272
1942 2225
0 6157
2891 6362
551 740
888 3822
1137 1893
1871 3807
2891 6385
3832 4128
575 1984
1335 3646
600 808
591 618
1008 4096
1137 3564
2707 3821
2043 4200
272 914
143 1969
5731 6008
93 2610
2474 4487
912 1346
271 2845
272 2773
764 1664
990 4242
912 1233
0 955
618 4113
1137 2155
913 2145
1211 1456
507 874
331 2516
271 2099
1137 2244
1106 2510
783 5792
1136 1364
271 1541
1152 4925
2779 3832
3095 6184
445 2988
74 5815
1137 3584
271 5600
912 4975
564 1792
143 2085
365 1218
365 1006
1067 2882
279 450
1352 4040
1600 4604
834 1926
2476 3559
271 1183
905 1137
1008 2028
1031 4014
352 1792
1061 5546
271 1469
1136 4711
792 1612
2359 2392
1044 2049
912 2224
2468 5168
0 3618
681 1698
223 303
572 4372
81 3131
647 718
138 1406
271 5986
224 4473
2651 3833
1335 2874
1137 1455
1441 4706
381 785
608 1883
365 5497
3917 4370
783 5764
271 5297
271 1561
572 3804
143 595
2637 4055
1352 2667
2678 4456
1624 4598
72 912
749 756
365 833
978 5499
378 572
236 562
2007 2702
365 1335
2891 5986
1889 5499
2007 6580
551 735
1897 4005
0 5025
1352 3778
1137 1884
271 596
2043 3994
1650 3218
271 709
564 5489
1137 2662
1871 1955
912 2836
271 5683
325 1053
146 2988
365 3640
2891 5439
2709 3799
1914 2795
3832 4026
957 4071
271 3568
2709 4009
231 1137
3826 4031
165 279
1092 1438
271 6412
104 1667
914 4398
2084 3593
271 6135
365 2172
2891 3096
1008 6648
3977 4193
1137 2333
3720 3765
747 1533
2891 3398
745 841
868 3541
271 1811
279 292
365 5793
135 1344
2991 4185
2891 5664
365 5938
807 4319
3802 4305
1764 2474
1343 1405
1948 1992
66 365
1390 2563
358 400
497 636
48 66
579 2437
271 680
564 5542
912 6223
271 6157
564 5461
1872 3771
271 846
271 6435
783 5259
271 2872
1137 5852
868 2478
833 2108
3801 3938
523 524
66 81
0 591
271 3038
71 81
2041 4254
1348 2419
747 1352
680 747
868 1904
81 1122
135 1137
1900 6575
271 2413
365 5731
271 6932
1035 1909
608 4291
365 1100
344 4422
365 2468
1067 6109
4307 6700
20 584
365 777
1235 1675
107 2602
890 4416
1553 2891
572 3983
1602 2145
2104 5241
46 271
769 3334
1130 2089
1335 5253
107 3108
271 6979
1201 2498
2772 6661
564 850
378 4077
1008 1872
1099 3196
271 6241
955 2756
365 5142
914 4171
1051 5042
1976 2706
992 1871
1009 2023
2074 2780
1008 4097
3832 3971
81 5529
697 1942
2733 4032
2891 5575
1010 1966
271 4917
271 2844
2468 3926
1343 5313
1035 3728
1335 3025
2709 4065
271 6078
507 877
271 358
271 5167
4401 4402
1136 1222
100 564
553 718
1897 2753
2137 6162
302 1942
1137 2341
314 1160
365 5703
107 2395
1239 2828
584 1254
747 1618
813 4319
1472 2237
3420 5336
47 1591
382 6562
2173 2474
518 5728
2468 2655
279 477
5731 5960
608 869
868 1343
1035 4305
365 1507
3273 3330
93 788
625 2767
365 3020
365 1541
238 365
0 1777
271 785
143 1782
2891 7162
990 1322
271 3438
1811 1972
1137 1267
0 890
81 257
272 1038
1585 2468
834 1008
834 2716
2891 6313
271 3041
143 271
572 3950
365 2088
1040 4462
1959 4029
1264 1670
1553 2374
1942 3792
3041 5188
3010 6029
1792 2891
2468 2717
1352 2668
271 2506
1070 1318
764 3210
2407 3693
1726 3187
783 4377
551 734
758 3218
271 1266
785 6029
116 143
271 599
865 3952
680 2240
272 4087
1871 3809
378 3877
0 393
868 2132
3985 6739
580 611
987 1902
271 6233
768 910
2652 2807
2392 5733
2145 3187
1012 6598
888 1352
1266 2085
907 4986
2451 2614
2618 4076
572 1873
783 5460
1981 6666
1135 2474
271 5953
138 591
1137 1529
783 5573
365 5000
608 2007
46 2891
522 523
1137 2332
1370 3324
1874 2771
2474 2836
365 5758
271 5381
378 4532
777 1908
379 4181
2468 2737
271 5546
271 3630
910 1663
1051 2451
783 868
1031 1942
891 1985
101 2891
2137 3634
272 349
143 1130
1872 3855
1900 1962
0 5006
232 271
81 5266
271 728
312 5530
4289 4370
30 81
0 4
365 3466
271 2238
46 1099
764 868
138 1081
1335 3578
747 783
272 967
2891 5547
138 912
400 5038
2047 2652
1137 5949
1591 1687
2468 3728
2891 3079
2125 6167
377 2756
546 5906
271 2303
2784 3792
271 5352
271 3153
1421 5429
271 2412
365 2177
747 1641
257 591
365 2322
1137 5497
263 3421
365 1099
2928 4970
261 912
377 3929
1067 1460
272 1871
3517 6051
1160 2118
24 116
279 440
618 2012
1100 3059
72 135
1455 3187
2005 3756
84 1370
1893 4319
271 6978
787 1115
238 4910
1986 4469
574 2891
3918 4513
3509 5791
271 1480
1411 2323
949 1137
1008 4098
271 6366
917 5049
1811 1942
1137 1191
349 1035
376 2667
993 1048
143 3693
228 307
227 1984
1042 3845
549 551
1704 2474
868 1591
271 5166
2778 3769
762 3218
2007 3891
60 1211
572 3915
747 1335
238 2957
747 1621
145 365
271 2545
781 1900
143 5815
3235 3329
2468 2648
271 2043
1177 1392
583 4917
365 6137
261 5906
5342 5928
143 1085
1024 4261
2377 2451
0 2143
107 1335
0 5063
2239 3138
379 571
912 1764
354 4319
3517 5515
2709 4286
2080 2468
752 910
377 4055
0 93
1236 3408
93 3494
1008 4319
68 868
365 6394
272 865
572 2688
1137 3470
2392 2452
272 1008
107 7115
1137 1656
1110 5710
912 5783
1499 3498
4040 4146
1137 1453
2928 6271
271 5122
618 874
694 4319
271 825
610 5713
1011 4394
914 1942
2676 3778
1670 1728
1406 6097
868 1944
885 2022
124 2988
120 121
868 1135
14 5906
1137 3618
144 2395
599 1406
1348 2824
680 2836
143 3004
2699 6561
523 1358
1137 5000
271 6933
272 385
912 6358
564 868
1352 3780
2891 6032
143 1335
1635 3220
968 1933
5205 5906
46 913
285 423
272 3995
2145 3186
912 2838
271 6345
365 6366
1008 3883
625 4422
357 358
344 345
957 4449
912 1051
1177 1569
138 1268
1136 4680
608 2024
271 2202
1602 3312
365 5612
2991 4064
591 1158
747 2100
377 2742
792 1248
1019 6683
326 3645
957 2705
3613 3614
985 3832
378 892
0 1104
279 294
2891 3494
365 1271
2125 2254
1873 2751
365 1160
1137 5083
2809 4331
868 2692
295 562
2891 5888
2392 3681
271 517
2218 5572
1343 4142
2700 4268
2365 2891
0 1547
385 1991
1137 3227
1004 1942
564 3131
365 3576
2614 2665
107 833
1901 1942
1942 2772
1137 5697
3483 3565
2468 4013
2024 6750
783 5434
1137 3059
2015 4072
2655 2802
271 5759
523 526
618 896
896 1352
1987 2776
365 5439
572 1998
60 279
365 596
987 1013
749 750
97 143
271 2460
365 2321
2474 5499
6541 6559
241 3496
271 3597
3210 3211
623 1035
81 2936
279 443
686 3499
70 356
399 694
761 3339
365 920
2700 4466
1499 2422
279 420
551 737
365 1422
30 7657
912 3541
1695 4601
912 1544
1961 4331
1229 2068
81 394
2891 3593
700 4425
107 1430
69 1401
0 2468
1268 2085
2654 2808
1027 1048
1108 1405
0 783
2468 4657
1137 2975
572 4322
1137 1335
87 5906
272 4166
228 316
1008 2012
507 879
0 2929
271 5161
990 4531
912 2437
2125 3117
365 5411
1011 4433
377 6656
272 3776
3736 3803
365 568
81 6626
2150 5913
385 3741
279 436
271 5613
4016 5499
2678 4274
2703 2706
279 479
1035 4162
17 257
3187 4728
36 2988
1893 2624
784 2510
2890 3517
238 6461
565 1043
762 1635
912 1081
1035 4384
314 2436
377 4207
0 6299
365 1539
1008 1918
271 1470
1998 3718
2412 2482
0 1600
93 5071
564 598
1764 6067
5906 7074
1137 6055
92 1635
394 2928
572 1871
1541 2903
271 5999
2809 3812
3768 3815
1184 2260
1217 1371
5281 5327
138 568
2150 5369
747 1268
1352 3026
1137 1452
271 1054
2724 3968
1380 1792
4148 6551
783 2573
271 2177
1137 5205
808 5906
1132 2928
590 1192
271 2358
300 718
271 5411
1921 2468
1219 3509
19 610
1921 3841
355 2254
279 285
1137 3617
2891 3517
1035 2676
271 1961
1764 2082
107 5714
507 3709
2220 5134
868 1358
1251 2142
700 3923
0 3158
365 2700
1942 2676
0 6233
564 3330
0 365
1012 3712
2891 6132
1782 5547
93 743
271 4382
238 271
271 6235
107 868
271 887
54 365
517 523
868 2085
271 2563
761 1107
1051 2835
1031 3778
912 1406
572 2044
747 3130
1767 2117
912 985
131 2395
40 5815
1048 3804
2392 2476
55 2988
365 2502
143 365
271 2164
912 5635
912 2402
1635 1650
93 2438
4433 6611
93 6184
1011 3953
1029 1906
365 5762
3517 5819
868 1981
3852 5499
271 5556
1942 1969
6252 6489
58 2891
365 1270
1130 2846
272 1893
2468 4466
868 2614
676 3521
1172 2510
675 2286
138 1553
2759 5499
365 2928
2377 2474
868 2836
1137 4100
572 2053
1212 3634
64 576
279 442
1110 4908
107 546
728 1090
271 1526
666 1782
138 783
271 4132
747 769
518 2742
1191 5391
1137 5794
1008 4437
1010 2051
4168 4330
2005 3727
0 1051
46 1652
271 5189
0 4904
1998 6608
366 4069
365 2286
988 4188
271 5354
138 572
1472 2085
2627 3728
1441 1602
382 1006
783 6339
279 1495
2468 2775
271 3596
764 1137
2618 6627
93 107
77 1938
4305 4492
783 1198
783 890
3828 5741
0 1883
257 2988
162 279
1010 1011
3509 7014
996 4073
400 6044
551 736
1909 1910
76 2988
2891 6076
271 1445
2678 2719
143 3130
1663 3333
1051 5643
271 6291
1882 4147
1893 1960
0 2358
1137 2748
990 4212
158 279
912 1335
271 988
564 5194
143 1981
912 914
400 1130
1346 1759
272 4136
1137 2974
138 2286
1900 4382
2435 2468
1871 4527
2104 3330
271 2220
138 1035
3720 3809
4242 4433
868 1815
1745 2122
3848 6521
608 1024
1981 3475
1904 4060
729 1984
1961 6699
0 1130
365 712
575 981
271 3680
2468 4411
120 868
3818 6548
564 5925
747 2474
143 1087
271 1130
1893 2639
764 4307
271 4023
365 2872
1080 1137
138 304
1895 4181
93 642
2468 5123
2565 2891
1137 1797
564 5529
2678 2811
362 564
81 100
914 4266
2468 5488
1223 3185
271 6500
728 5504
272 1010
2611 2709
609 808
1923 2717
355 1008
271 5998
564 4940
271 3042
269 2085
272 4402
0 145
868 3144
0 697
271 2176
365 2085
2670 3720
1022 2801
1233 5587
5816 5906
2891 6215
914 6735
143 1115
2286 5260
564 1459
107 108
398 523
793 1343
365 5817
764 3862
271 3652
2392 7030
271 5029
1882 6521
783 1137
2618 6555
0 3512
1942 2067
1944 2008
2444 2891
272 372
2510 3092
2123 5260
0 4918
2891 6135
0 5029
107 2837
271 7044
3805 3845
2638 4159
365 1766
1130 2318
651 1020
783 1739
2145 2589
385 608
912 6072
1137 2884
1872 2545
2085 2665
583 3470
272 990
912 2614
271 1254
2085 2891
41 5045
1177 1575
238 827
1008 2742
2802 4435
1618 3218
0 2874
331 341
331 1977
2891 3309
365 6978
382 608
271 2325
864 4134
325 2516
2012 2624
271 1774
3517 5818
1352 2019
2468 2748
507 1038
700 1879
314 2169
2123 5194
4305 4519
890 4149
572 980
992 4130
1137 3886
2648 4137
1591 3923
271 1186
272 2052
272 3880
0 2828
1600 1696
0 6357
1137 1916
3975 4466
2085 2394
81 2468
331 5906
0 104
868 2123
1906 3759
912 1469
2297 2893
1137 4598
2709 4453
2324 5860
958 3835
93 1137
1015 2658
2891 6164
2891 4984
4040 4462
747 913
1095 2863
572 1904
958 6718
1137 2114
1900 4426
1147 2089
2474 3138
1011 6578
153 2988
271 2123
608 6750
70 783
622 808
4189 6739
1343 3565
2468 6518
0 2596
1137 5357
0 5719
2114 4925
365 2319
1026 1900
2272 3005
524 789
1041 2729
700 2026
859 5894
496 636
81 546
279 437
2476 3433
418 2988
1541 1746
1137 6498
865 4051
3509 7013
783 1359
551 739
271 1335
271 1444
2392 7254
576 1544
2085 2430
859 2295
0 116
4976 5065
271 6290
271 942
26 1135
0 2988
2478 5222
271 3463
372 808
2614 2709
47 1013
271 2526
2700 3872
912 5341
81 1184
988 2620
1438 2122
1335 1338
271 2223
1942 4286
958 1942
0 2961
625 1322
277 564
599 1137
1137 2474
2891 5660
1133 2309
747 1622
996 2775
271 3466
271 2546
914 3967
0 5794
365 1213
272 1966
5731 5964
365 1358
143 1086
1893 2638
271 6962
618 3706
34 271
1184 1185
81 808
365 2871
1872 4042
1607 3186
7 81
271 7120
868 3004
271 1464
1011 6527
957 4398
823 832
1909 3719
2303 6028
271 6390
291 1984
3832 4003
669 1591
81 261
3922 3948
3876 4261
753 1663
1406 1904
485 636
3273 4569
1008 2699
2094 5543
1900 2790
0 523
608 1872
143 1050
2828 5320
1782 3441
365 5381
100 635
1901 4450
271 5308
2135 5094
747 2125
394 1137
143 606
783 2602
914 3792
1137 3670
68 143
116 2107
868 1130
1035 1969
47 2007
1137 2263
834 4106
271 1963
1878 1896
1035 2759
271 2008
1011 3795
168 279
2679 3825
275 4110
2392 5165
1137 5005
2648 6569
271 6934
2827 2846
377 4504
356 1690
808 3993
365 2988
81 2306
392 551
747 761
0 60
955 2816
529 4262
1782 5370
1259 1779
1406 2138
1388 4461
81 1981
1251 2891
385 2675
1130 5499
1652 4689
756 910
84 1591
2047 2468
331 2306
1246 2384
1013 3994
998 2618
110 1782
868 1738
365 5464
1904 1988
271 712
1040 2796
156 2085
271 1656
988 2046
271 2324
1137 2529
1942 1988
271 2437
1745 3151
15 2828
2344 5731
1210 1422
2670 4435
276 2392
236 365
257 912
2051 2667
4505 5499
1130 5812
365 1268
331 2988
0 1218
764 1502
1137 1553
1764 2342
2784 4207
598 912
912 6197
0 4023
1669 3330
365 4320
5065 6407
1137 1907
912 6212
783 6979
697 4391
24 5815
1187 2304
2007 2114
912 2933
1335 3649
886 4319
808 986
912 2692
2655 2670
2699 4188
4040 6680
271 2823
1803 2392
271 5936
747 912
2777 3952
2759 4416
2341 5916
271 2085
955 956
572 4159
2125 6274
1924 2022
2787 3765
122 228
52 783
753 910
365 2284
419 2988
356 2545
331 2717
147 610
912 2334
1137 6949
271 1741
0 2772
1944 4305
365 5871
107 2307
783 2954
1011 4101
344 995
3217 3350
271 1906
271 4975
599 3998
2788 6633
868 1201
1981 3776
0 4305
1235 4739
365 917
2621 4220
783 3506
783 1241
3845 3846
399 544
3509 7012
3333 5274
0 5119
912 1901
2057 2618
335 611
271 7167
271 3187
3779 3889
271 824
271 1492
271 3296
1223 4661
909 1394
2891 7125
2516 5295
572 2808
272 2748
1044 2377
2664 5499
2341 6366
19 143
564 1893
1900 2691
2891 6417
1137 6109
988 4380
271 5162
700 4232
1108 1137
859 3389
0 1358
271 2271
365 5553
0 1533
572 3749
271 5497
271 4176
868 1544
365 1137
2891 3474
156 4319
1252 3593
3517 5305
1352 4046
2891 6137
608 890
143 1081
1893 2637
928 1137
1562 2056
758 3211
87 2085
551 646
2389 5608
382 2059
17 2988
2706 3733
0 1782
673 909
792 4677
271 909
2618 6683
36 1798
0 2324
1 2125
2891 5385
271 5706
271 3114
5333 5548
783 5018
1745 2216
0 1006
272 1027
2019 4210
271 5992
365 4989
2919 5546
575 2762
4 957
1179 3095
2102 2104
0 5332
3792 4252
1110 3683
378 2742
958 6711
507 618
379 4319
914 3774
1208 2474
985 3703
859 5682
2468 2714
1547 5617
271 1797
2298 2903
2891 5690
1624 1656
3241 3256
70 272
681 2145
2891 3445
81 115
3290 4661
1024 1959
0 2
271 1390
862 1044
365 1764
625 1035
572 630
1923 4051
0 61
2468 4486
2712 4189
2562 2891
754 1895
271 3401
397 523
1010 1888
272 2692
81 352
271 5855
912 988
252 271
1137 1379
271 2899
1137 5819
2621 3738
5039 5391
2468 3947
4093 4305
381 2474
988 4437
216 279
507 808
572 3992
4379 5569
271 5218
3792 3811
624 914
4289 5741
3574 5391
1877 2468
598 5906
2771 3830
777 1919
1011 4136
747 1553
74 145
0 1108
81 5816
564 5992
240 2988
0 4342
138 1541
379 955
272 2039
2003 3832
507 3723
998 3788
671 2622
834 2682
783 912
143 1137
793 912
1872 3844
787 1090
785 1137
365 1591
1602 1692
271 1346
2891 5218
279 855
564 747
3904 3948
2468 2471
271 6328
2891 6952
1008 1032
24 143
271 5661
1335 3648
0 136
923 6626
81 1551
1100 2414
0 5583
0 2123
156 5906
1235 3250
4044 5569
2733 3832
885 6626
1008 2772
271 2084
143 5274
271 6097
75 5815
365 2138
2891 3130
314 5003
747 1358
783 6190
988 4191
1011 3918
365 2428
3926 4392
985 3759
271 7216
228 6364
5375 5572
1137 3613
37 271
271 3593
911 1137
1100 2969
104 3187
672 2341
1035 6599
1137 4040
890 4065
365 1529
1137 6496
3565 5391
143 5906
990 1927
868 2827
601 4535
18 3469
572 591
529 4163
271 6255
107 912
271 4544
999 3993
1900 4068
1137 2737
138 863
1438 3074
766 1630
2891 5188
379 6562
1108 1325
3911 5499
257 1137
138 1492
2709 4075
68 3093
365 1547
1942 4301
1137 2301
93 572
72 6104
523 7663
365 5407
2056 4507
271 5210
2894 6347
1422 5904
0 1359
0 6022
365 564
305 2085
376 4039
92 759
988 1878
996 1037
365 2545
143 2614
363 3301
2468 2629
2773 4322
608 2100
783 2699
279 2215
2135 2137
1893 2636
1907 2468
2891 6092
271 4241
1893 4350
2104 2176
107 606
564 5621
1137 2478
382 2056
2384 5024
2714 2717
385 2731
402 523
271 3158
2468 3772
988 1915
957 6600
271 6211
1117 3333
365 1155
138 224
633 1137
1872 1942
572 2717
1223 3186
271 6497
325 2600
138 962
2694 6707
3850 4469
1406 3844
138 4319
2272 2363
2727 3948
5906 6404
2254 2414
909 2292
312 1160
156 4382
1051 3695
2811 4305
697 2755
4305 4399
271 5581
2738 3832
745 5731
970 5499
0 6463
365 1183
261 868
325 365
271 1099
59 81
0 3114
2674 3720
271 1272
365 2841
2619 2706
2474 4979
1035 4416
572 4305
2468 3792
11 257
2510 5891
757 3218
2085 2437
572 1033
365 1797
868 2224
0 2545
832 2022
1010 1889
4111 4261
3832 3888
1137 5818
279 559
2168 2433
138 4192
107 5209
572 3993
0 5920
143 2474
1137 1425
988 6528
26 747
0 1335
277 6082
365 764
1871 2693
385 3801
271 3636
356 4759
46 2088
610 2299
807 2615
700 1968
314 2295
1693 2891
2104 2307
608 4367
890 4042
1235 2474
1067 1388
700 3955
868 1533
1149 1192
365 1425
1081 1464
906 5906
1991 6739
365 3069
271 689
272 625
743 2169
857 1082
0 107
3748 4022
2012 3720
5762 6011
3848 3940
1024 4086
0 26
1008 1033
145 2891
2709 3715
87 143
1981 2789
402 2593
271 3500
958 2014
2891 4989
312 2382
1048 3725
3973 4382
271 2998
912 2468
1100 2125
1163 3301
2809 3982
2894 5033
271 5265
2678 3889
271 2132
2392 6470
1896 2795
142 143
143 754
1906 6100
2152 5816
365 591
143 912
271 2459
2678 4408
2468 2771
49 743
1981 6633
1136 1693
365 1093
223 4305
1382 1698
77 1085
356 3188
1010 6689
3727 3845
3409 3517
271 5022
271 4111
1883 1981
143 1108
271 1155
758 6500
3041 5811
383 1172
224 2659
700 3974
365 3398
4620 4689
888 6700
680 5265
11 2988
572 575
1900 4069
271 939
143 1544
1893 3736
385 572
107 783
72 3120
4306 5569
126 1211
680 1815
912 5063
2891 6197
564 5061
6518 6524
1223 4726
0 2088
764 1688
377 624
3846 4096
271 2954
365 5372
5906 6271
1995 2991
385 1016
991 2737
365 2109
523 783
160 279
747 1325
5391 6293
888 2781
365 2254
1137 2526
1945 2777
2400 5543
3736 3939
271 5499
797 3858
2043 5499
1698 3218
868 1137
1492 6261
2991 4521
2476 2902
1108 1591
363 3300
69 81
279 474
1942 2059
4024 4234
271 1142
761 1662
271 6975
277 5566
1782 5440
2700 3900
272 3970
1110 4968
40 1137
143 1358
377 4323
1397 2067
3788 5499
2137 2239
3733 3969
278 1038
0 1904
378 1990
271 3447
1137 1268
365 1969
783 5092
1352 2297
1008 1343
1137 5998
365 5344
1137 2063
314 5562
510 2891
583 2238
731 2891
868 2437
1478 2392
3973 4104
785 5263
1352 3521
2876 5530
2872 5438
0 1499
859 5684
973 984
890 1942
271 5471
365 680
408 523
1641 4620
988 4086
271 5025
858 958
2007 2694
491 636
66 6253
988 3860
936 5906
271 6931
1871 3705
356 1669
2384 5118
271 7040
2017 4289
1553 3330
833 926
1274 2891
12 584
572 624
1600 4723
747 762
2618 6730
365 3487
293 4319
2699 4260
3986 4377
2043 2703
93 3845
917 5002
890 1137
1137 1168
564 5134
0 2145
272 2694
1942 4409
271 3576
629 4353
906 2125
3374 6226
572 1896
2081 5906
523 536
0 1352
271 3010
909 2468
2379 5507
1040 4341
1921 6688
2085 3453
912 2407
138 680
523 2474
1140 3041
93 6179
271 2321
262 1160
3918 4019
797 3881
365 7119
1472 2125
2392 5092
271 6260
271 2438
1137 4940
143 2665
857 3241
1099 2891
783 5252
271 1081
365 942
0 34
2791 2801
271 7031
271 2619
365 1444
5352 5758
365 3068
1993 2706
314 5997
271 3606
378 3904
923 2649
5506 5515
591 2780
377 4251
641 1985
2668 3893
0 27
1892 4305
0 138
1160 3174
1051 4416
271 6488
0 2125
1871 4385
2737 4471
1335 1548
2637 3972
271 2993
758 1635
601 6594
271 2086
1942 4038
2693 5569
146 160
909 2137
1108 2343
271 2244
135 1129
143 610
271 2421
3973 6541
962 6564
1133 2478
973 1137
2137 5077
1921 4093
1407 1568
700 2022
143 1201
77 1933
279 433
523 1343
365 1382
0 2121
331 3290
68 331
697 1137
271 1154
93 2260
1544 3509
365 3040
412 1984
143 1397
1568 5906
1113 2891
145 1137
271 3309
344 3719
764 2812
3847 6521
312 313
143 1547
1008 3866
143 236
2022 2468
409 1318
4096 4099
565 963
1994 2709
108 2517
747 1137
1035 3720
629 3873
132 145
81 1188
1099 2474
523 689
2304 6386
1035 3958
1010 4039
365 2108
1137 6051
3720 3814
564 2286
608 1942
366 3978
271 2264
365 5550
4417 5741
271 5333
783 6333
3728 4469
1344 5608
912 2125
2137 2891
868 1138
3736 6523
271 5611
143 868
0 1054
272 1811
2468 5748
1137 3720
271 7033
0 1165
365 2577
279 469
1942 2056
279 2209
1916 5741
783 933
271 1137
608 1004
769 1640
107 5915
1179 2085
3961 3985
1211 1869
1008 1908
957 4242
2043 2677
2468 6706
314 316
609 2468
93 2891
1100 1130
1988 2013
2404 5906
957 4212
1137 1259
2891 6211
2630 3792
777 2474
591 710
783 2244
2757 4003
2774 3843
1441 2468
0 912
1268 2341
382 4004
1959 3927
2093 2392
988 4323
1051 5063
365 5020
821 912
3237 4539
0 3010
271 2343
1130 5063
0 1325
2212 2988
1872 2676
77 4382
378 1008
2705 3792
350 5906
1008 2891
2468 4198
271 5470
797 4085
1000 2815
365 1147
912 4917
271 2514
1921 4020
625 1977
1235 2226
2043 3803
572 2474
1137 5515
2225 2709
888 4066
565 1984
523 1492
769 1652
356 1670
1745 2748
747 1642
2516 6045
783 6067
3832 4193
