7716 7931
572 1035
0 2547
271 6471
272 979
271 2863
81 357
783 2264
600 974
572 1897
314 3145
2891 5395
381 1406
1137 5816
1137 2137
566 2891
1664 3357
271 7335
1137 2090
3986 5499
908 5906
0 747
608 1904
868 1782
1137 2235
1348 2304
912 2224
2363 7115
143 2341
271 2320
2468 4107
1670 3187
999 1006
279 1829
1901 2722
1942 2008
365 7118
169 279
583 5491
564 1436
288 611
365 1119
2891 5706
1782 7190
3520 7181
272 1883
1011 1878
279 428
379 956
890 2137
107 365
3051 5905
2104 7442
1137 5084
5092 5352
143 6026
1981 6678
2100 2474
379 1137
143 1138
271 1193
2618 4359
271 5848
272 3885
912 3665
40 7672
377 6796
365 3067
1156 2903
271 5021
1010 6655
2125 2827
257 2197
272 4043
358 2951
3948 4160
783 1556
2478 5031
271 1532
529 4341
2142 3557
271 6277
564 2993
1008 1035
3820 5741
271 5662
271 2706
281 662
271 5775
903 6626
2783 4023
747 775
868 2341
271 5948
54 2336
376 6655
271 277
1010 3921
608 2545
2676 4092
785 1901
3792 3891
107 7443
3792 6539
912 2372
271 5187
912 6940
1989 2681
143 2440
271 2247
783 3108
1263 1580
271 2420
1137 5344
1942 3728
40 7689
914 6800
143 914
680 3418
271 5526
5218 7393
4421 5499
4148 4261
271 2031
77 1932
279 432
1956 2022
273 4620
72 143
271 1165
2891 5925
912 3517
365 1420
271 614
755 771
608 2692
11 109
271 7163
1900 3777
2891 5660
271 1443
2125 5948
2114 2581
120 2125
2468 5579
572 2821
1406 1772
409 523
365 6158
996 1968
1137 3482
912 1325
2468 4040
0 5550
1877 4343
801 1871
365 3720
1335 3003
1137 2960
783 2320
53 271
0 949
40 610
365 4902
1160 6312
143 2254
783 2614
272 1352
365 2107
143 5224
1553 7161
252 1211
1024 4418
1035 4038
107 5552
1108 2028
118 120
271 5332
271 2376
365 2397
583 5290
1942 3772
271 5445
116 2092
990 5314
1137 3416
233 1872
402 1075
2991 3719
1009 1015
2392 7008
1904 3760
2437 2891
271 868
834 1901
279 2208
808 1872
2286 5686
560 1009
636 1860
271 6969
3596 5060
385 1894
1035 2061
377 4208
331 1035
25 868
1186 2891
1051 7187
1764 2342
271 747
4098 4099
2891 5167
1871 3717
990 6764
0 85
1809 2392
2670 3720
271 905
2699 3922
783 5285
1881 1942
2891 3626
572 2007
785 6977
3187 3296
4421 6821
271 2939
1137 3004
887 2027
1137 1492
224 4011
0 3632
1797 5242
3801 4001
2692 4291
584 5756
523 591
271 6117
1406 2412
2400 2420
912 5662
2928 5699
271 3638
1160 1799
4319 4382
81 5065
143 564
271 1635
0 3408
356 857
1616 4711
107 5421
1000 1048
2468 2694
955 3792
3596 5540
1183 1268
564 3652
1248 1693
279 395
2709 2722
1921 4424
271 7435
1980 6657
271 1063
868 1397
2891 2988
988 4059
271 1108
5393 7294
797 960
365 4198
834 3724
272 3921
271 7042
143 1343
1397 2116
591 1981
279 459
2024 4305
344 1910
3879 6100
6170 7310
0 2373
365 5193
372 591
1137 3537
783 5305
271 3413
6417 7006
1008 4162
271 5802
3832 4036
271 6470
912 1397
1899 4046
1011 2701
868 2306
2891 4946
1137 1383
2700 3975
271 2911
344 2061
138 628
523 2254
1051 1788
700 1022
1137 5896
1137 2089
86 241
521 3754
840 912
890 2611
1078 2238
1130 1137
2468 4261
365 5604
271 5279
1234 1235
1032 2769
271 2323
1352 1946
271 5388
143 953
93 382
271 2432
1379 2891
1137 5460
564 1437
1872 2784
3747 7708
924 2478
680 934
891 4233
2963 7284
1050 2828
6132 6202
747 1698
1011 2545
365 795
358 5209
279 431
1871 2468
279 500
145 591
138 271
93 2397
2474 5168
785 2891
2114 5579
72 148
271 1192
777 1343
377 6690
279 653
40 7673
564 5689
912 6186
271 1241
365 3066
1101 2427
271 1358
271 3098
551 987
1901 4292
238 306
403 523
372 572
2007 2137
377 895
697 6616
3167 5548
487 636
868 2391
271 3497
107 3599
912 941
730 940
747 774
1881 1919
657 2891
839 1683
909 1212
93 1901
385 864
747 758
1243 2235
668 3792
1130 3463
783 5664
764 1621
1904 1942
271 6109
1064 1137
912 7054
271 2129
909 2135
272 685
271 6164
608 3792
2433 3686
271 5363
1553 4305
680 868
3973 4319
271 2423
1137 5351
783 3156
1872 2621
40 7690
271 7341
365 1090
271 3605
271 783
3250 4711
2392 5580
277 365
77 1931
273 4722
279 435
365 5900
2105 5296
365 912
1137 6500
2022 3827
356 1736
868 2871
912 1777
107 519
3872 4466
564 715
912 3420
271 5085
985 3759
271 5683
143 1764
2433 2891
595 907
271 2455
1210 2392
923 2025
1259 5096
325 1053
0 3665
2019 4479
1239 1551
93 7163
379 3854
1877 4342
363 582
15 81
1343 2891
1160 3426
1137 5959
84 1652
1192 1407
1137 3473
747 1024
1011 6548
287 2474
0 6012
1008 4168
271 5759
1693 2474
365 1068
107 4950
2286 2444
2392 3416
2343 6271
358 7409
271 2266
1352 2795
608 1031
3716 6640
1562 1901
365 7061
3707 4494
2384 5577
3576 5275
381 1335
1886 2017
365 1207
271 5119
1883 1901
279 2211
365 1352
3187 4672
378 4166
2876 3001
369 1137
572 4193
1872 3889
868 2884
572 777
2307 2891
1022 3857
1764 5919
177 279
60 2988
385 1942
1041 1959
525 526
5732 5906
2721 5499
0 1739
6310 7384
507 2050
957 1352
138 236
1149 1568
143 1235
2117 2474
260 1695
331 1529
271 3440
247 281
1137 3461
783 1901
990 6799
2777 3729
1900 4187
1137 1319
1357 2965
1048 1901
3218 5257
1871 4379
2159 2903
1061 1137
3241 4636
680 3018
1008 2689
4023 4236
1097 1137
2286 2382
1357 2135
0 5317
1081 2614
764 2468
608 1972
1872 2678
101 150
238 3426
271 2479
718 4319
271 7284
2276 2468
93 138
5581 6171
783 3389
107 498
1884 2732
271 1969
1921 4450
2678 4246
3727 4099
2706 3886
271 7434
942 5094
554 718
572 808
174 279
314 2382
417 2988
1335 5462
365 1469
1577 2468
143 3237
1872 4301
365 2837
834 1040
107 2826
0 276
271 1397
271 3073
378 3883
3753 6599
1137 2579
747 767
2006 3973
1359 2088
1811 1901
66 271
697 6595
0 7069
271 1004
4305 6703
2699 3953
271 3412
795 2891
591 676
783 2266
5303 5392
572 1899
868 2450
2769 3806
912 2492
138 629
1900 2737
1137 5903
1949 2022
275 1745
3517 4940
791 1397
4040 4262
0 5237
0 2976
2012 6545
988 4208
1683 2468
3934 4022
845 1137
143 2343
271 2322
271 5391
1959 2622
1872 6570
636 661
2110 2160
718 739
701 1007
377 4260
1137 6173
0 1240
566 6927
101 564
271 5434
7033 7465
1893 2623
1872 3946
1101 3608
1093 5065
115 5906
572 834
3866 4325
2880 3152
868 1529
1872 4089
40 7674
1901 6861
365 3065
564 833
0 6316
890 3752
2107 3330
116 868
2676 4305
93 5872
271 6166
143 3573
200 279
365 3567
1137 3427
1008 4112
1041 4029
1992 3947
401 542
2085 2614
998 4179
868 2343
314 1748
1871 4386
891 6709
1901 4059
0 939
1382 2872
2891 5070
912 5817
2786 3832
2529 5342
783 2479
579 2437
868 1541
271 2083
783 3069
0 2845
271 5197
2443 2891
3968 4207
93 6291
1035 4060
135 1344
3736 3851
365 587
1108 3693
271 2422
2678 3746
599 1130
1901 2692
358 7220
271 2535
271 3697
1652 3217
912 1358
519 523
77 1930
271 5018
365 5899
3290 4564
2700 2752
2772 3903
564 3411
1137 1591
797 903
1137 5829
1777 2891
2356 6305
1008 2044
2891 7488
4351 6614
271 657
358 5766
856 1051
2085 2407
912 3421
1901 3707
988 3988
912 2872
1872 2043
2903 3059
1406 2234
272 895
0 2318
365 3684
2891 5475
261 5274
990 6800
877 2050
1059 2125
138 2055
376 6574
138 1358
680 5053
4440 5569
747 1138
2647 2777
1637 1641
365 3863
2468 3240
992 6834
507 870
808 4113
1240 2392
1944 2666
271 2228
365 2105
93 6391
277 5528
1024 4420
365 5547
523 912
1871 2651
271 5334
1011 4214
1406 3166
107 120
996 2782
912 5068
271 2555
2748 4100
2891 3464
5391 7454
1160 2476
271 7296
0 523
764 1642
377 4494
1011 4244
271 7473
365 1206
1961 6605
272 1957
2696 4416
279 2210
31 145
1137 1602
1137 6326
271 1138
1237 1355
1154 5065
314 2330
6423 7452
271 1251
1079 4936
730 2914
2007 4193
683 2392
1901 4201
107 3466
2063 3938
271 7129
3241 3330
755 910
93 523
1137 3418
271 794
4132 4320
271 2614
1811 1872
0 5486
52 2143
783 1791
378 1986
1900 4037
271 907
1137 1480
2891 5391
271 5201
2102 3509
1901 4157
1492 3542
0 2457
2384 3550
912 6115
808 4319
1137 1401
833 2112
0 2979
791 2891
1035 3753
2474 3186
1011 6594
271 5027
72 1137
629 4019
494 636
1137 6131
3872 5177
747 1404
564 2398
365 5630
147 5815
271 5253
365 7210
271 1422
365 6998
4023 4083
0 1312
2382 2468
1137 2558
884 4189
638 1137
271 2478
992 4534
564 6115
271 2527
745 746
1872 2709
5027 6131
2114 2235
3720 4506
747 2545
365 1178
377 4423
272 1921
349 1008
0 46
143 1051
271 1110
90 1137
1051 2222
4013 6874
2238 7170
1130 6028
365 3600
1137 1791
272 507
1871 6728
2088 2255
1890 2618
81 5906
2891 5303
895 4336
624 1024
1804 3069
544 833
747 766
272 808
271 2570
2891 5466
2699 4312
365 1792
2264 7038
271 3415
271 5812
1901 1998
572 2037
747 3449
2457 2891
868 2451
2752 3865
238 2468
1189 2439
138 626
377 2816
785 5197
381 2468
47 2007
1137 1230
868 1777
1896 2804
1904 2043
1110 6077
610 868
277 1135
271 2333
680 793
271 1782
23 81
1959 2020
143 808
615 808
2737 3882
741 914
370 1137
783 3457
2125 5329
272 1872
797 3832
365 1406
0 2165
783 3638
1101 3607
4252 4305
907 5609
328 2516
584 2141
949 2891
40 7675
358 6384
271 1243
3824 4322
271 2008
7 150
1564 2891
1411 2323
271 1529
868 1352
93 5728
1901 2043
365 6183
271 3386
267 523
272 2647
271 3499
271 5768
3832 4066
4166 4305
0 4322
783 5845
2891 5540
3946 4305
133 2516
1942 4168
523 568
383 2510
912 1137
2891 6506
1901 5783
564 7256
365 5284
271 2131
1137 6075
107 2125
584 5569
308 2516
3529 7625
1051 5613
410 1864
2392 3565
1130 4890
365 586
572 3736
801 2966
2036 2614
40 7692
888 2468
519 868
996 1047
564 1395
542 1203
783 2963
1011 4106
145 271
1051 2523
1137 5575
2780 3785
3513 3596
747 1664
783 1405
891 4100
279 2201
5209 7005
262 3145
572 1008
3780 4081
1024 2751
1213 2117
365 2891
1893 4292
523 1553
0 6170
159 169
271 2165
271 1343
223 1046
1137 3116
3948 4112
833 835
1896 6794
5137 7188
271 1501
382 2077
1008 3983
1137 1138
1041 4147
1013 2043
993 6651
1008 4157
379 3987
1551 6954
3789 4370
2891 6235
2015 4416
914 4449
271 2912
4014 4305
1137 5876
764 1685
379 1989
1137 1325
868 1904
1035 3724
246 279
314 4951
3736 3803
642 1130
0 2891
764 1659
365 5044
2510 5015
2468 4968
135 1137
3707 4257
271 1544
399 1607
0 2665
1024 1352
955 6620
1871 2650
683 5361
572 3772
1212 3177
389 718
2891 3386
2125 2474
16 5906
81 1380
523 1137
143 5816
365 1060
145 747
1900 6575
271 3691
271 4936
743 4951
749 1663
2891 5860
584 2231
400 5374
2709 2812
2739 4261
2891 7169
0 3140
1893 2678
2606 4919
2445 2966
955 2816
1571 1591
63 912
376 804
93 7201
1343 2551
912 6260
1925 4232
4305 6598
385 2733
2478 5433
1008 1896
1693 3253
2772 6812
271 6217
270 564
271 825
1051 1193
575 2027
912 3273
365 2323
912 1533
630 809
0 3647
1137 2903
358 912
81 3237
988 2891
365 1137
625 4384
629 4392
4153 4417
1819 1822
1137 2993
1406 5779
0 2903
2304 4918
1547 5386
2891 3179
1918 4322
1397 1469
1490 3313
3707 4305
344 4422
564 2254
271 2360
1871 2622
0 5752
1137 6933
2663 3749
334 611
1217 1693
1901 2891
365 1143
599 4241
271 2526
1137 5438
1082 3240
271 7399
271 2851
868 3509
271 5036
2678 4244
1782 6968
2668 2811
1090 5202
2303 6028
747 2433
859 2891
488 636
143 1050
297 718
271 6942
1137 6183
1883 3724
1591 3319
1160 1247
1137 6434
271 3986
2085 2268
271 2933
107 2602
93 1346
859 3683
656 2828
990 6735
1137 1961
1656 1659
1051 3545
627 4514
761 3333
148 1551
868 2238
775 1698
1137 2931
138 785
1942 2742
138 2125
107 7292
995 1035
0 2150
1163 1693
107 7181
572 1893
143 1901
556 718
2468 3218
154 1110
138 627
105 764
1904 2742
3290 3333
868 1635
1137 5901
0 5303
2627 4152
0 3137
523 2286
99 107
2063 2468
893 1901
331 332
81 1137
1370 4781
271 5272
271 1600
572 3829
2608 2614
279 1825
2137 3138
271 7205
1137 6961
271 1777
1900 6607
2891 4593
3883 6571
2693 4336
271 5566
3876 5499
1335 5253
2286 5920
1921 3988
1044 1901
365 1260
365 792
1044 4245
271 3747
988 4055
279 424
138 1548
650 718
236 523
1019 6627
2819 3832
1942 2100
1051 7425
2891 5949
40 7676
1051 2132
646 718
564 6252
138 1137
271 7139
5391 6933
238 326
2384 3675
1811 6540
325 3478
2891 5352
1008 4227
1872 3752
1872 2012
2091 5816
1212 2893
2891 4292
2675 4490
379 4086
957 6523
0 143
312 2533
271 3498
1959 2468
321 325
2055 4336
271 5944
1553 5770
271 3004
2689 2891
912 1138
643 718
271 273
0 2912
1635 4662
2719 3771
1942 4059
143 331
271 2130
2474 3034
143 1352
1185 2260
271 1591
3707 6581
271 2243
2678 3889
18 5274
271 5372
2474 2871
747 1492
365 585
81 5375
1529 1942
279 1861
40 7693
2012 2621
1024 4504
523 1108
1652 3219
271 7342
241 1137
0 1079
271 3606
1035 2033
2638 3952
1130 5776
1904 3720
1035 2742
1543 5637
1160 2162
77 1928
580 629
523 785
1872 4201
1893 2641
271 6945
365 2890
1022 3832
2891 6971
1010 4256
271 6998
912 6153
365 3035
976 4463
271 659
107 6444
833 834
271 6260
575 2038
143 3517
344 3724
1266 3178
2891 4657
2364 2891
271 5758
19 6373
365 1991
2409 5662
1100 7358
1159 2891
2891 5618
2058 2468
1160 3478
888 3868
2676 3902
2468 3931
271 5916
2104 3118
1137 1324
1137 5391
591 783
1825 7362
138 523
314 5536
0 568
1901 6651
764 1652
746 5731
769 788
785 5285
905 2088
368 2012
2733 4032
4040 6811
2022 2625
238 1137
783 6328
107 5445
0 2585
1163 1346
1942 3760
275 1110
271 5084
4351 4420
4322 6526
107 5731
4370 4372
1011 4246
271 2974
271 1999
4322 6609
143 2988
271 5112
568 1137
672 2392
988 3854
30 2085
2678 6527
1137 1745
313 314
455 2988
834 1035
1079 5877
271 3118
385 2027
2044 4324
572 618
3706 3871
2125 5852
896 1872
1553 3130
868 2100
271 2608
271 917
54 271
2436 2476
0 5407
272 1004
1357 2017
783 5334
747 3231
783 3625
272 1995
1490 3389
1406 2333
272 4110
912 1067
6171 6932
1893 2640
271 3060
1335 3025
365 5338
1591 1698
143 2237
1894 1901
224 3870
272 4396
4330 6661
1821 1822
868 3186
4207 4416
271 2186
3001 5530
564 2255
1095 5065
1016 6633
365 2220
912 2079
783 2868
0 7309
1137 6932
1801 2891
271 2472
1035 1883
1352 2033
271 5541
271 7281
271 1805
81 1351
4305 4384
271 5039
2125 5419
1553 5413
1024 2650
143 1268
1130 2224
783 3548
271 1104
409 907
365 1466
81 2143
564 6281
356 1667
553 718
2474 7318
1406 5499
1008 3818
81 156
1893 2891
279 474
2010 2729
81 6383
851 2197
271 6316
2463 2891
688 3499
2114 3187
868 2088
996 2021
277 3595
138 143
1942 4416
365 6499
1188 5906
957 3967
107 7075
3900 5177
70 2891
138 624
2888 2891
2891 6464
889 2891
697 4391
138 707
378 6552
0 2868
1901 2683
914 6535
1051 3728
271 2286
1137 1996
2150 5354
379 4339
29 1121
1942 2013
1312 3593
1243 2335
0 1469
608 4149
0 5876
365 1114
868 2439
116 2144
2891 5697
0 6499
1553 5028
365 1259
1054 2082
2828 6220
1607 2474
519 689
1872 3949
1137 1544
841 5731
1900 1951
271 7037
40 7677
2049 2709
238 327
81 2516
795 1072
1490 1670
107 143
0 98
6 72
137 271
1872 2013
591 615
271 5733
701 3720
611 4319
1137 1206
1010 1980
1343 3010
958 2468
0 2115
1745 5339
914 4490
1782 6137
1764 6236
1544 1901
886 4319
905 5224
958 3832
365 5137
337 611
601 814
365 4925
2044 5499
3806 3826
271 272
606 1901
2474 3144
1213 1393
397 410
18 81
1621 1635
1872 4453
224 4125
893 1904
826 827
572 3883
1480 6465
365 584
107 5464
271 2419
608 4194
1901 2689
107 145
2299 5816
271 2528
271 7337
2651 2805
4148 4258
2035 7633
988 4020
103 2459
1901 2100
564 5883
365 908
564 6435
812 2052
2088 2298
93 7387
1352 3769
365 1410
1108 2614
271 1337
1234 1693
27 1325
414 2891
0 6423
279 443
912 2988
271 2889
1406 1553
1901 2013
1173 2384
1901 3891
143 1553
606 2593
868 988
66 3614
1160 1748
0 2480
81 279
3832 3840
1901 3883
912 1201
0 2095
1981 2675
1406 3638
3187 3256
2891 6331
272 4274
608 794
1683 2706
2253 2863
0 2893
385 1009
271 5181
365 5042
325 539
4379 6728
0 680
1130 1901
271 2225
48 912
1116 1137
912 2100
271 5331
1901 2772
143 2286
271 2085
2654 4175
271 2391
365 2392
813 4305
1137 5392
1357 4107
2654 4077
365 1058
365 846
2474 2547
93 6471
909 5995
145 523
143 1024
271 1151
868 1325
749 1502
2104 5545
365 2861
890 4168
0 6295
271 1410
1871 2012
271 6219
2844 5391
2007 4416
625 2767
78 279
3517 3600
599 1011
365 3653
868 1008
783 4988
2891 3617
271 2769
94 2988
3832 3868
1137 1406
2891 5242
2891 6358
868 2554
1335 5237
4895 6082
1135 2468
2891 6362
3826 3978
2731 2750
912 5764
365 5337
1018 4066
1804 5906
2082 3452
896 4135
564 2248
957 2703
2043 4466
2678 3966
107 2468
2636 3726
1015 2065
1067 2250
3031 5282
2043 2630
1041 2637
2614 3713
1959 2045
1130 2975
1529 1901
271 5589
272 1909
271 3657
1137 5517
271 5038
2104 2432
378 591
2618 6574
271 5087
1137 1635
107 5996
116 5145
271 564
1024 4523
4013 4283
1130 3638
271 3085
1580 4641
1035 1981
749 1653
1900 3989
271 891
3764 3832
753 3210
271 2457
271 5632
1901 3793
381 2286
1137 2929
4141 5569
271 6477
1013 4346
651 4382
66 5906
610 1343
1861 2988
1756 2254
2891 6386
38 143
271 2906
1006 1904
957 1981
228 2516
54 7168
107 7469
1137 7336
271 2168
388 392
1137 2237
5190 7040
1896 1982
783 2218
3333 4545
909 2239
1137 2318
1051 2043
236 1901
271 2334
2254 2386
224 1901
138 1881
1872 2646
1547 7418
747 1659
1236 2085
271 1779
747 2224
564 1434
2303 6498
1959 2017
2392 5446
143 821
1901 2988
271 3487
0 3441
1067 6126
81 5815
288 744
700 2009
834 4196
279 426
72 2134
2494 5289
2377 3565
3950 4440
698 962
678 2392
272 3732
344 3958
272 331
271 1207
728 7364
377 6693
2055 6637
40 7678
1137 1688
377 6806
271 4305
279 436
0 6304
1901 4142
2286 6393
0 1560
833 868
519 7664
988 6656
1036 2678
919 3154
2468 3836
4342 4344
1668 3187
1942 2678
1024 4046
378 1942
1882 4131
2071 3765
1137 2700
599 955
2114 5691
143 145
1137 5756
281 664
1228 2476
2694 6752
236 1406
1506 3170
279 1376
912 1253
0 943
1137 5982
272 4183
271 6059
747 1051
271 275
271 2095
331 1904
365 5281
801 2776
70 747
912 7043
233 271
271 384
1067 2429
1067 5390
271 5193
608 6761
1268 1901
271 5374
2079 2224
1872 6651
365 583
1352 1979
271 5487
2263 2468
145 371
365 728
564 1406
325 2382
2670 3809
2 143
868 1236
1137 6205
271 5094
267 398
2739 4170
93 912
138 6660
1137 5106
119 912
1048 2748
2096 5731
993 5499
93 769
279 684
1137 3152
107 2873
363 1235
890 4149
1008 3748
1771 2478
410 2459
107 907
1160 1527
1622 3227
2474 3654
912 2891
365 2088
3776 6678
1019 2991
1108 5919
107 7133
783 5372
591 747
271 3464
1137 2873
3736 4308
1318 5330
0 2991
912 2665
2770 4421
3187 3259
2043 2474
0 2271
1635 3210
0 2894
385 1008
2711 4040
762 764
1904 1975
1792 3051
381 1138
314 3437
81 1070
271 2433
912 5703
225 2988
1137 2518
271 5330
1462 1825
365 7167
1406 6055
143 591
1011 3893
622 3973
107 2376
365 5333
272 6578
15 1050
1137 6216
2468 5747
2516 6296
271 3700
1137 5600
2678 4239
659 2907
0 6444
272 1945
857 3187
365 6123
279 1828
2706 3926
1044 1942
2891 7170
2988 3692
834 1942
1160 2382
2706 3704
271 576
2963 6299
314 2441
3757 4433
271 6301
257 2214
785 868
564 5485
1764 5341
271 1421
1693 3250
1872 3811
271 937
271 6218
1019 6675
1406 2891
868 2102
1458 1492
271 919
2618 6689
2088 7148
365 3652
1887 2618
0 5393
1438 1745
1137 1260
572 2029
1464 7168
6 1551
271 3564
92 4626
766 1635
857 1669
1343 2821
518 789
856 2891
909 5307
1539 2468
93 1872
271 3452
21 783
962 3954
912 7100
1527 2382
0 5392
143 2088
1137 6135
17 2193
1165 2891
951 1130
1872 1942
1011 4408
2056 6696
365 6994
382 624
93 3727
236 2201
271 2474
2392 3159
365 1140
1587 2145
2125 2379
1670 3240
143 833
890 1904
2012 4089
272 1925
2232 2341
4125 4469
365 1319
1137 6486
272 2068
1137 5050
271 4175
783 3463
372 1965
2341 6366
271 567
365 1464
1201 2474
271 1219
365 2832
1022 3894
581 948
1352 3826
833 927
1051 3008
271 4461
564 793
3877 4305
1037 2022
1008 3707
591 893
0 7139
1352 2512
271 890
0 2395
833 2104
1901 3792
1900 4133
957 3852
1137 5719
88 2891
990 4152
2303 6055
1464 7196
81 350
3159 5568
2668 3710
1393 2088
2891 5966
3801 6623
912 5857
302 608
1108 2468
1137 5001
988 4318
3818 4305
0 3156
834 909
365 2301
912 2286
1352 3557
1352 2777
1137 1445
785 2305
2380 6149
749 764
271 365
271 1778
3728 3859
120 714
6355 7398
718 740
27 5906
4338 6685
2468 2615
365 1479
12 81
365 1257
2737 3886
977 2031
1624 1630
279 421
378 608
377 2067
958 2749
962 972
785 6029
271 1206
797 958
271 7039
40 7679
1718 3374
271 523
271 1319
2715 3845
572 2074
365 3060
271 7148
2852 3178
957 3805
238 325
1042 4098
695 1884
1901 4286
238 308
2263 5094
377 4259
2137 7478
685 779
1006 4497
143 6231
1872 2015
1900 4090
868 2254
0 2343
572 1921
1079 5571
1212 5307
1051 3415
1087 2749
990 4116
1406 2173
3898 4322
747 1130
271 2824
1059 2085
800 903
3792 3995
376 2765
1553 2397
365 5280
271 1461
608 1811
138 6521
912 2235
1553 7091
2614 3517
3233 3329
1921 1942
1121 2988
2914 5906
3517 6497
0 2608
564 1480
271 5486
77 4319
271 7226
1160 2118
3131 5815
2903 5566
365 727
996 1043
1035 1893
1872 3792
3520 5237
572 3720
1137 3401
271 7384
365 1229
833 3063
1130 2919
272 1982
680 2891
279 457
121 365
271 1498
81 2299
2125 5186
59 912
272 3840
138 257
1424 2392
0 290
365 1408
271 1339
2125 2903
1012 1945
381 3517
912 3523
2063 3861
792 4549
764 3350
1137 1812
365 1553
1160 2600
72 1551
2017 5741
2804 4129
228 238
3722 3826
21 5375
2888 3517
4491 5499
241 365
0 2307
2474 3542
1562 5747
914 6869
271 5755
790 1137
2474 3449
2769 3711
279 430
1137 2872
272 1042
1335 2992
3187 3258
376 2682
18 145
1008 2715
271 2973
2474 3227
1942 2689
2891 6410
385 1015
1600 4590
325 2285
143 680
2759 4159
1693 2468
249 279
1872 2696
1352 2690
912 7039
271 1556
156 4319
2173 2392
2678 4444
365 5643
257 523
958 1901
271 2385
2468 3433
236 281
230 379
32 584
1051 6979
365 1056
271 1883
385 3864
1624 1639
1614 3250
271 7484
143 1181
1011 3779
25 4355
271 5061
2012 3973
2706 5123
572 912
2545 2845
610 2091
912 3585
2044 4353
93 868
0 5078
764 767
912 3472
107 2852
601 3889
180 920
2468 5168
365 3004
271 1420
957 4266
1541 1901
910 1261
2069 2821
81 87
0 5475
365 1815
680 1901
2734 3792
1137 2891
0 5394
749 3333
2891 6267
783 5331
271 3567
365 1357
4292 4412
1024 3797
1528 5543
107 7205
2683 3890
6141 6995
970 4216
271 6013
2714 2717
271 3057
2088 5070
613 868
271 6114
0 519
572 3983
365 5480
2627 4305
93 6309
1048 4412
4040 6699
2145 2474
2821 4162
1137 2545
1872 2668
1901 2742
0 7296
0 1492
1011 3856
1406 2430
1872 2811
1693 4711
2114 5139
271 1806
271 1822
7 1792
3794 3980
1027 1901
846 3693
1357 2662
1952 2022
559 2212
70 271
2125 2220
279 497
1235 4676
568 868
365 1318
410 5928
2891 7201
584 2086
279 614
551 718
1692 1694
2642 3832
107 564
1901 4168
2891 7439
3792 6540
833 926
81 145
564 5620
1137 2012
3714 4040
2249 5815
2699 4430
271 2577
761 1117
1343 1693
2642 4236
4968 5868
1872 1923
365 2043
2891 5422
3728 4142
2828 2891
3801 3861
832 4181
985 6724
4207 4227
1942 3891
365 2279
2510 5024
2468 4313
271 1553
591 1137
365 7288
271 1462
138 1268
385 4189
2683 4322
978 4148
2076 3736
788 1370
1950 1984
997 1900
356 868
990 6603
365 2334
2678 4394
365 1111
2146 2891
2479 2891
2891 6240
271 7367
2700 2891
827 831
279 420
138 1544
272 6666
365 1401
356 4721
2433 2468
2891 5792
1011 2068
1872 4095
271 5472
2392 3696
1200 3004
890 4127
377 4160
1067 3483
572 2075
1871 1904
792 4586
2891 5151
801 3716
988 6658
2891 6996
1942 2676
5020 6148
2891 6949
1013 3798
1529 6374
3813 4370
0 3660
783 2150
4054 4903
267 526
2392 2476
2238 5971
120 5906
572 2655
1901 3908
912 1352
1571 3269
2436 2468
1191 5391
333 611
138 1319
271 2692
747 1777
824 2991
1137 2254
271 3630
2085 3043
2707 5747
1008 2654
1137 6078
988 4259
1406 1430
2891 3127
321 2217
0 1406
365 2272
912 2251
4328 4461
1137 6976
747 785
564 1481
271 1745
1035 1892
985 2041
2107 2827
271 4979
4148 4269
1884 2706
743 4910
0 1210
582 3300
365 2596
279 456
2678 6628
143 1065
365 905
4119 4120
890 4084
1137 6429
2928 5106
1672 3187
1580 2468
271 6994
1010 6536
135 5538
81 840
967 2618
271 7107
306 859
114 3856
401 3481
803 2618
2063 3973
0 6973
1901 4257
377 6546
914 4280
1777 2016
565 808
1547 6240
912 1430
1900 4063
1051 1137
110 143
271 5754
1137 3474
2100 4245
4244 4322
783 5002
1137 5871
1011 6527
272 376
3187 3261
2700 3910
1942 4201
2085 3290
2742 3873
564 2513
815 5499
523 680
272 349
3732 4395
1163 3252
2506 7001
558 718
0 6114
2704 3736
2110 3509
2395 5496
365 2244
356 1137
385 3709
93 5435
4234 4325
1942 1944
1108 2082
2678 6694
271 7310
718 733
1872 4395
575 808
4077 4175
996 4302
888 4047
1176 1177
833 7098
1335 7182
1782 6976
236 591
2508 2891
783 5752
81 795
564 912
0 6395
0 271
365 1635
783 6942
1106 3675
257 2212
223 1137
987 3792
2468 3186
271 3163
271 3582
3597 6040
107 1093
564 3010
912 1635
0 45
3832 4174
1144 2872
2627 6611
783 2089
1872 1944
910 2468
2125 5690
919 2478
1901 4519
783 5330
1137 3035
747 3219
523 2125
365 6412
35 5815
2891 6488
272 1166
761 764
365 5334
385 6539
748 910
2668 4410
608 1901
107 5238
271 2145
801 2694
2991 6599
138 698
1062 7635
912 5541
1011 4410
13 143
2759 3719
0 6028
2137 3177
1163 4582
2451 3527
706 988
3918 4044
365 1138
233 2668
2293 3531
3944 5499
271 3621
1073 1137
29 1211
358 1565
378 4227
358 5301
224 6546
797 3822
271 7443
785 6190
1872 4518
2699 6609
523 1406
385 2775
365 7324
1137 1777
271 7207
271 1229
1880 1895
1872 4292
116 3144
1352 3828
271 678
3041 3453
281 502
257 365
279 948
2891 7112
1008 1048
0 2397
271 1758
1764 2891
1137 2789
1553 6483
599 912
801 4057
107 7394
868 2235
572 2740
583 2896
2468 4189
271 1797
2748 3792
1013 4200
1959 4035
1137 5815
3187 3189
271 312
3792 4212
2017 4289
138 868
1024 6513
271 5238
2298 2903
54 5065
523 833
1871 2664
1099 2891
990 6600
1243 5491
2392 5102
365 2333
3496 3621
1872 4452
365 2478
529 6638
1212 5052
356 4579
1921 4423
271 5007
2309 5352
1683 1685
143 1236
2545 2891
2891 5795
1352 1630
0 1201
1499 2426
1199 5401
2476 5997
4386 5569
912 3545
783 1118
271 1366
2709 4245
783 3907
2085 2380
1067 6460
523 3517
0 102
3714 4013
272 2479
1981 2697
827 2476
2891 3613
1166 1947
2017 2725
314 5316
273 1392
957 4531
0 819
712 4927
272 4155
4198 4344
1948 4219
1137 2125
2286 7255
2891 4040
382 6761
1402 5020
2891 6496
271 2088
224 1215
2468 3074
1012 2647
3014 5906
271 2137
138 1030
1137 2398
0 7211
143 2451
271 2254
1547 7306
651 2660
143 2836
1872 2613
747 1624
365 7081
1524 1764
1137 3593
3138 5778
344 1008
145 257
271 3613
4305 4460
356 3199
365 1227
1944 6696
712 5815
272 4301
2225 2772
2612 3783
3233 4725
285 1863
3866 4288
230 1973
2674 3783
107 2874
271 7005
1900 3755
1012 3791
58 5205
365 1656
990 4508
271 670
224 6608
0 6974
1137 1947
1876 1966
3333 4612
365 2106
2055 4141
1212 7478
0 241
145 1528
2697 2748
747 761
5065 6297
1151 2891
1464 5819
271 5866
912 1205
107 6466
4000 5499
3187 3260
1406 3013
376 2684
1008 2717
133 238
2699 6753
81 6934
138 564
314 5549
143 261
2891 6412
5394 7385
271 5177
378 6620
2468 6586
277 868
3173 5391
0 6053
2088 6509
271 2338
912 2088
2392 3535
1137 7011
912 5044
378 2681
1704 3235
3513 5156
398 574
1921 4333
19 5816
230 377
2891 3457
68 1816
1872 4396
783 3414
1904 3753
1137 1425
271 1994
1013 2627
2392 6936
271 5063
2437 3011
271 1147
4200 4416
2478 5911
54 6320
399 523
2891 7316
1137 2774
912 3474
2554 2706
2012 3749
749 751
1901 4194
1209 5848
107 1207
1130 2333
271 6382
314 7502
711 832
271 6231
2891 6943
517 519
1221 5906
747 5783
651 961
1035 1908
1591 4781
271 912
241 271
572 2705
279 1137
895 4125
1137 5689
2395 7415
1533 2392
138 601
2626 3832
2107 6034
2468 3275
1872 2225
1130 3527
377 379
17 2198
747 1397
519 2891
3736 4416
608 2013
1357 2080
0 7187
0 1319
914 1927
2341 2614
0 5758
143 940
3811 4322
1961 4008
3832 6542
1930 1941
0 1093
815 1871
0 1268
4389 6514
840 2260
2809 4461
764 3220
1243 5701
1137 6394
697 1166
572 967
1388 4040
868 1406
1893 1960
245 281
271 5045
233 4319
516 526
713 2436
238 2516
912 1811
1553 3438
1035 4096
3121 3859
1006 4095
356 1672
2104 3665
5065 6421
2478 3096
564 5597
1252 1338
271 6202
271 726
238 3699
224 6552
676 1357
990 6705
271 839
271 5644
365 3621
2557 5568
868 912
572 2741
3832 4045
1137 1165
3517 6949
1782 3043
2891 5553
2468 3849
3333 3339
25 5816
1942 4519
3187 3188
886 4382
66 6148
272 4365
120 1108
1011 4456
2795 3748
271 2293
271 5350
0 849
1010 3732
26 271
72 3053
749 761
271 1791
762 5257
271 2443
303 718
1137 7044
271 3640
365 2477
764 1618
2180 6286
1893 2774
279 422
599 1325
2780 3731
572 1003
4086 4305
1153 2088
107 3008
1352 3891
125 279
236 912
572 615
356 4802
1006 2070
358 5552
564 6395
107 3117
1137 1692
271 7081
271 1312
272 3915
382 2301
271 5218
764 912
1048 2545
331 4319
0 6995
912 1565
0 103
271 1478
521 523
271 3218
2468 3832
764 775
2088 2480
1881 3728
1212 2891
5094 5834
0 5421
1099 3235
271 6460
1901 2654
957 3885
365 3593
1137 1193
2774 4054
271 2837
708 1004
747 910
2957 5930
1406 2478
1745 5487
5650 6993
680 1236
2125 4936
322 325
107 7437
5000 6286
2272 2304
365 2125
912 2238
271 5205
2392 2969
1736 3187
2058 4046
897 2022
379 4389
2807 4534
2478 2891
365 579
381 2836
3001 5446
1872 2614
145 375
1079 1137
271 7348
783 6310
404 523
1035 2039
138 1872
2614 4092
700 2041
1006 1942
272 1969
2286 3408
2891 7194
1741 4338
3837 4013
681 2468
365 6036
66 5020
1872 4350
912 1883
2043 2820
576 1768
365 3029
107 3494
4128 6684
2706 3747
2044 2474
143 1406
365 3475
865 3790
81 223
985 2797
2494 3418
2891 7026
601 4444
700 3832
1901 2008
378 3802
1872 1982
382 1942
2468 3683
1137 3472
2063 3749
365 2963
912 1319
143 241
2891 5608
2911 3118
783 2293
2614 2722
1008 4098
743 6064
382 1904
1901 6526
3187 3263
3792 4075
793 5406
381 680
81 1792
1199 2425
912 1108
0 2882
1137 2280
1119 2088
2614 3565
314 3433
365 5394
793 6465
271 5289
1695 4660
1137 1257
2474 2891
271 5342
376 3941
1137 4694
143 2407
312 4544
1099 1706
0 2456
1006 1872
365 1267
1404 1635
783 3068
3753 4305
5741 6217
868 1268
1893 2717
1137 5604
271 4956
271 7481
2468 2679
1901 2067
365 1343
1902 4200
819 5065
1959 4131
4192 5499
4268 5499
912 3186
1406 2562
1108 2784
271 1259
2341 5306
762 1648
1010 4350
1051 7292
0 6426
0 257
143 1325
992 6826
1137 4348
365 3001
279 462
344 1892
1408 1739
1130 7465
1137 3410
279 2202
2502 7165
1893 2793
601 685
832 4415
224 572
1137 2888
3832 4018
599 2891
564 5182
783 5096
584 6223
2891 6349
2125 6426
564 4956
365 5332
4016 5499
783 5611
1893 3948
1137 6123
1904 2007
1652 3357
2085 3001
365 2706
1062 7633
1012 3952
1421 2468
107 2293
2298 6076
783 5889
365 523
365 2359
143 988
271 1803
1013 2820
785 5686
1044 1872
1553 5042
1013 2741
717 1981
988 4042
120 912
81 2152
3911 4377
507 1872
608 677
1137 6393
107 6318
2891 3154
279 498
797 1137
4305 4523
764 3076
56 1211
2777 6598
833 1137
45 81
1528 2304
2891 6119
1782 3673
1553 2374
1975 2614
354 4382
271 672
4170 4261
2286 6374
1901 1918
4038 4305
1901 2474
367 2988
3792 5168
2891 5317
4344 4486
1745 2891
2088 2517
3506 4945
1081 1274
236 1137
1927 2641
572 2759
1137 3535
716 718
608 2067
747 788
1137 5197
2891 4940
909 5077
2557 5552
590 912
783 2386
4096 4098
271 314
1177 1591
912 7473
821 840
564 747
3792 3793
1958 1988
4545 4708
0 6060
2030 3866
1942 2007
912 1541
811 2706
1739 5433
2891 5703
912 5168
0 79
4257 6807
93 1981
3509 5283
2737 3874
365 785
864 3984
81 566
988 4014
1963 4046
271 5001
3502 5731
2867 2891
241 936
2891 7281
2751 2793
2088 2933
2137 5595
1137 6518
611 679
1529 5533
1137 1683
673 5932
0 25
1137 3128
271 7144
764 913
521 4194
912 3029
281 2197
271 6286
2516 5274
59 564
572 2795
271 6463
1901 3760
868 3693
107 7156
0 2474
30 358
1137 1192
271 1792
365 5242
365 1108
680 912
0 7439
1970 2648
2828 3065
868 1550
0 2919
1335 2894
1544 2333
890 2794
81 1221
2384 2891
584 5901
2085 3333
4040 6679
120 1137
486 636
3788 5499
925 2474
138 2988
1110 2441
271 2248
912 2254
271 5317
2683 4227
905 5678
143 2306
572 3728
912 5502
2678 4506
2056 4127
1024 2891
584 3524
271 1746
2645 3947
914 3851
2286 2891
5714 6464
577 2828
365 868
271 4988
807 4382
279 453
868 1335
608 988
678 1764
1057 1177
277 7030
690 718
1352 1777
381 1901
1984 2468
3466 7006
407 523
2468 3613
1872 3723
2085 2559
868 2286
365 3675
138 833
659 2125
1148 2085
271 3479
1877 4348
747 988
0 785
0 2085
1745 3610
3187 3262
271 2962
4930 6059
365 5359
507 881
1967 4301
2474 3001
365 5393
783 5932
888 958
302 382
3950 4313
564 2145
1090 3009
777 1872
271 2397
1137 5305
0 1147
1551 3053
3910 3911
1081 5714
143 5274
783 5635
271 4944
2125 5376
377 3850
1348 2823
1135 1901
112 2269
912 1904
608 777
271 1093
325 5059
912 3589
4416 6799
1137 1738
3878 4193
79 271
143 2891
271 591
272 4095
1137 3173
271 764
2205 2988
868 2988
271 4485
2085 2306
1137 3409
376 4530
271 2224
0 5899
2891 3670
912 1525
271 914
1006 2761
608 2056
1942 2722
2063 3768
777 1942
272 995
1523 2510
2468 3863
747 3220
138 1012
2477 5299
519 5142
572 1881
564 5038
382 1901
1335 2960
365 5331
766 3218
2093 2380
2085 3404
2863 6421
271 5151
138 697
81 5045
277 2474
4176 6639
113 279
143 2468
591 1038
3517 5515
5815 5906
1352 2722
3826 4345
3802 3862
271 2304
238 5868
990 6611
238 5839
5073 5393
1035 1872
1998 4188
1972 2019
2706 3074
2478 3059
271 7294
1006 1901
5065 5171
365 1024
868 3517
1006 2012
68 2085
564 1186
2063 2721
271 7452
5094 5137
783 3621
2618 2803
1235 4680
0 7320
271 1113
2903 7197
1035 4321
1137 1782
3910 4466
1591 3196
271 7216
1901 4164
1161 1251
2891 5239
107 3425
81 5274
2474 7200
1033 4322
1137 3453
1872 2024
93 279
271 833
271 2589
3832 4205
405 523
224 629
2043 2714
2286 7088
271 6352
271 3422
2891 6171
272 975
641 4382
957 6705
833 2107
271 2976
272 2818
1137 5812
1942 3908
2822 4153
887 1984
365 6320
1370 2474
366 1961
143 156
0 5263
365 2151
1137 6038
1901 2676
2928 6993
306 5443
0 3002
523 2614
3725 6651
313 5530
271 5393
749 759
71 271
680 2614
2125 5606
2395 5699
1008 6651
622 3815
1031 1901
3509 5282
2891 3060
3737 3848
608 834
1406 5165
584 7396
271 1213
1137 4185
107 5966
2085 4982
399 6117
3924 4372
2451 2474
2891 5139
271 4428
912 3435
711 885
2455 2891
1036 2668
93 2838
764 769
2137 2242
271 933
0 3648
4040 6605
2699 4351
365 2789
372 2545
4385 5569
2741 3736
1137 3040
618 620
894 1009
3973 4352
1130 1815
242 328
271 6065
912 1130
0 596
2828 3066
783 5685
3001 5881
764 1640
365 5063
271 5899
2795 3829
509 1199
271 2138
2752 5499
4040 6680
2476 5211
747 1343
833 7144
1885 4395
868 1901
2453 2468
312 1247
1010 3766
271 2424
365 2413
231 2988
3918 3992
271 1757
1137 1237
1035 1944
365 5855
365 1079
752 1659
272 1971
279 452
2007 6522
749 910
1011 3739
4092 5391
0 4944
1274 5386
271 1169
1358 2891
271 4013
523 1544
377 6784
272 572
1585 1698
93 5239
2104 3595
5392 6961
271 667
3745 3832
365 1693
271 2596
81 110
996 1956
271 3425
914 4295
984 3832
859 2532
2392 2444
4138 5499
751 910
572 2687
1113 1137
912 1192
116 1130
385 808
1217 1235
0 5161
271 3095
1035 3719
365 3853
799 1038
914 1981
507 880
271 381
783 5641
957 1902
1243 1961
1137 2286
4040 4249
365 1782
271 2238
365 2095
365 5392
604 1172
1108 2376
912 5580
302 354
271 5336
143 523
410 3692
0 2577
365 2385
523 1051
909 2297
949 1137
1437 1901
2359 6099
271 4898
0 5811
564 3700
365 1051
3870 4030
1942 2474
16 81
271 7483
1071 3832
3811 4406
271 2425
1909 4482
1942 2053
1137 1656
868 1492
1160 2533
272 3794
622 4082
271 2468
2088 2269
107 591
912 6253
2618 4530
281 286
271 6179
995 4321
365 1776
238 262
1192 3143
2007 3945
34 81
572 2780
1051 3572
895 6690
1904 4038
0 5496
785 7288
564 5257
783 5289
1553 3273
1062 1063
912 5996
365 5185
1635 1901
138 2224
912 5883
365 5330
100 822
654 3986
331 347
1137 5242
1022 2791
143 568
143 2516
271 2307
2468 4100
1067 5341
3252 4583
14 271
271 1764
238 3433
996 4488
365 1134
0 1112
868 1051
271 3617
365 2502
2056 5747
365 811
1137 4946
271 3670
279 415
1011 6694
1438 1486
2022 4156
376 3792
145 607
271 1067
2891 5819
332 1035
0 4969
975 3726
2005 3727
516 521
279 637
912 3682
2891 7031
365 2826
293 4382
1108 1325
1130 3110
271 674
912 6217
271 1406
654 4466
281 506
2472 5747
844 1591
20 81
260 1600
1872 5094
985 1023
3876 3913
365 3473
2891 5460
2468 3670
271 5641
3715 4014
257 1137
81 940
271 5935
833 2106
0 2286
105 747
1008 1012
3824 3918
271 3024
143 2235
3792 4200
1008 2615
3792 6556
365 2150
651 671
797 1997
365 7283
2387 3083
3845 4099
0 3003
271 5347
1562 1942
271 2407
1782 3549
1942 5094
1261 1694
271 5392
1901 2709
1137 6952
271 6933
783 6392
143 1115
3521 3597
365 5882
331 5274
385 2054
1343 1461
365 2474
271 4890
138 1954
365 1251
107 6399
365 783
2468 4461
1192 2408
1551 5906
376 3820
236 636
1571 2468
2891 7283
93 2385
5731 6071
912 6295
271 1212
358 5559
890 3916
271 529
365 1430
890 4120
2510 3569
1130 2494
624 2007
385 2675
143 1383
401 1241
271 6171
1904 2024
107 932
2468 2737
1872 2005
583 1130
271 932
783 5232
278 1984
0 3649
267 517
3 5815
401 523
539 1137
730 944
272 4159
1137 1343
271 2951
912 2451
639 810
0 1359
868 1544
365 2954
764 1641
2341 6044
271 2213
2377 2451
5517 5758
0 7215
3621 3660
608 1944
365 2267
597 2384
365 576
271 2427
1323 2474
1351 1792
707 1901
271 5492
271 1756
1798 2988
1894 4305
365 7434
1177 1534
868 1235
365 2446
783 7433
564 5980
1031 1872
1568 2408
279 455
1492 5207
890 4442
365 2307
1872 4194
75 5815
2468 2476
271 1168
539 3001
572 2100
271 7118
365 1547
1104 1105
93 572
2363 3521
2891 5182
2425 5401
0 70
1901 4252
381 2125
1901 2005
912 1419
3517 5460
1942 2692
2062 2063
0 868
2307 2468
271 3473
1116 1541
996 1037
990 4346
912 5889
279 1359
1274 1464
1942 4194
2966 3991
2194 2988
271 6036
507 883
143 257
0 2885
382 3845
271 5125
2030 2742
365 2094
107 4930
365 5391
4040 4329
314 3559
891 4463
1044 4311
365 2384
0 5637
834 2297
236 279
238 3389
783 3065
363 3301
6708 6752
5497 6423
1876 6555
1335 5585
2776 4153
2088 5948
2145 3187
1883 1942
271 6924
1130 2151
4322 4372
1878 4322
783 1469
1008 1811
244 365
2088 2157
572 611
1547 3453
568 747
0 34
271 2619
749 4621
611 4129
2468 7095
680 2439
601 6594
2516 5443
783 7243
271 3573
138 1010
81 5496
1421 3687
680 1137
917 6974
1137 1479
3792 4350
1395 2107
3728 4469
958 3858
385 981
2468 4903
912 7106
2705 4308
914 1904
130 358
66 564
2516 3645
93 365
1130 1312
61 271
2392 3166
365 1133
611 2669
271 1812
365 5798
271 5597
777 2474
271 3665
2100 6714
407 709
1653 1718
833 2891
145 606
1791 5391
2710 6542
2891 5818
572 810
365 1312
2742 4387
1137 5043
0 3130
381 1553
271 572
2150 3673
2891 7348
387 990
1008 1998
271 685
833 912
281 505
271 6150
378 1035
277 1901
1137 2575
1690 3375
2693 6821
1137 1959
2891 6975
2891 5463
271 6436
271 1008
1130 1567
365 3617
271 3416
936 5506
2891 6173
1160 2876
32 143
107 7175
833 2105
3734 6518
3768 3973
365 5156
895 2991
912 1024
1008 1013
912 5848
3300 4545
618 808
833 5347
2903 3568
1252 1779
1178 1274
1522 2478
314 6312
1130 6382
834 4008
3845 4098
572 3864
2890 2891
3859 4004
817 2891
271 3158
2468 6477
358 2232
912 2478
365 7316
271 7215
2474 6217
564 675
271 5337
1011 4155
3708 4417
2707 4533
1035 2692
0 3576
279 418
70 365
1901 4979
145 570
3187 4759
271 6318
0 3479
154 2516
1235 4710
143 1088
81 2081
813 1904
1022 3786
1130 7227
40 7691
145 868
1008 3760
377 6814
599 764
271 7157
1010 6641
365 3410
3763 4170
912 1553
238 319
271 1474
271 1739
957 4332
350 2928
1090 1115
2891 3600
1901 1921
747 868
912 1343
325 5682
365 3589
0 5584
564 2891
30 357
378 1904
972 2690
1888 2618
382 6659
912 1245
697 1901
228 309
308 365
1335 2891
1137 2240
271 5152
890 2793
293 2748
138 1027
1137 2385
2159 2161
785 2024
1024 4468
0 2968
584 1170
745 6008
271 2426
1507 2392
224 6688
1199 6935
1777 2474
302 2468
912 5084
1137 3596
143 785
783 6476
2784 4416
271 3608
365 2445
1553 7207
2468 2642
1526 3593
1160 2172
365 6143
912 1969
1733 2474
244 2392
336 611
1051 6099
1137 6423
143 2928
572 1437
912 6147
275 625
2125 2896
365 3025
896 3723
279 434
3593 5049
1370 4722
1137 4261
10 81
3935 5499
1212 2292
564 591
0 246
1782 2829
0 3630
1035 2821
1348 3607
365 1981
2891 5612
2114 2837
3832 3849
2341 6311
1160 3456
625 4482
272 377
1315 2384
608 1768
1008 2706
591 785
2098 2114
2392 2907
138 1108
2358 2891
957 2545
80 2891
143 2125
271 2232
813 4382
366 3989
1137 1421
365 2238
1137 2510
271 5338
2668 4097
608 1044
783 2891
868 1547
314 3050
1031 2665
644 718
868 1264
564 1225
1067 7378
4086 4322
365 2562
523 1352
3859 6663
3850 4469
1137 6306
271 1094
272 3796
599 3218
143 1464
385 1904
271 7100
271 584
957 3757
1602 1698
271 3120
985 2652
2474 4895
1872 1904
1081 1137
2382 3489
655 2891
1041 3927
4305 6528
1100 2497
138 145
271 6339
957 4116
365 3644
2891 5435
1041 1357
0 833
783 5336
238 5316
33 143
1137 1397
1900 4319
56 2988
2988 3421
1901 2085
0 2227
1421 6287
671 1041
833 5303
331 349
365 5618
747 1529
1137 2336
2613 5747
2161 5928
271 2317
1104 5065
1942 2991
0 5747
366 1137
2474 6226
271 1766
365 519
365 5652
523 1081
375 1798
5065 5543
271 7291
271 1815
2125 5456
1872 2689
1137 6252
1137 4944
271 3664
271 7449
107 6306
2077 2474
107 271
271 1114
378 4207
271 7011
1343 2447
1051 3695
223 4319
655 1137
552 718
302 4319
2239 2242
377 6514
281 504
3763 4209
68 912
4041 5499
1108 3558
66 7054
2088 2521
2137 6079
3687 5670
271 5643
957 4152
912 1492
2891 7055
1382 1729
868 925
1001 1984
0 5621
2033 3721
1137 3525
1011 2715
1160 3050
2145 2962
1881 1901
914 4508
0 2531
0 988
697 1872
1881 2019
888 3879
1872 2051
3736 3823
958 4028
271 6408
1942 4042
271 2115
912 2391
1947 4301
2056 6781
3845 4097
143 2437
365 2293
641 4319
271 5357
1137 3832
1130 1522
745 912
271 5394
2125 7038
747 1650
1553 2468
365 747
777 1901
302 1872
271 7263
868 1081
365 2472
1335 2395
1469 1553
0 3577
1553 2254
279 445
564 1153
909 6162
2742 4509
2618 2706
2172 2468
377 3860
1875 1904
2891 7362
1130 6100
750 910
3185 3290
271 7156
138 3792
1704 2891
399 511
0 1553
3871 3949
107 1138
760 3220
1419 2417
1357 5683
1872 2007
365 6171
591 617
1137 3567
0 2478
320 743
0 5585
3832 4078
81 3290
2545 4965
2027 6564
2468 3203
868 2474
857 1733
242 327
988 4500
523 564
271 6066
4470 5094
507 873
0 599
3529 5543
1008 2758
912 5829
2623 4292
316 2516
572 3918
2891 3116
271 5166
0 1397
518 523
993 1872
2468 3566
271 5313
365 7398
1352 3007
365 574
317 827
2173 2365
115 2928
783 6366
680 2581
271 2538
2044 6612
2611 4416
314 2118
2137 5052
608 4442
271 6676
890 2077
0 539
801 6692
81 2914
271 3720
1335 5583
279 449
377 4510
271 1133
225 279
835 1610
912 3613
1901 2235
981 2468
4100 4514
272 575
143 1492
2891 6051
365 3024
1137 1804
2891 6031
1130 3703
727 5094
1991 2468
1002 2750
378 3956
833 2468
271 2593
1071 2022
81 99
1406 1567
1782 3436
1137 3386
0 7075
365 6399
2891 7110
259 834
572 2699
747 835
1901 3728
331 344
2063 4104
385 700
81 269
271 5872
1022 2022
564 5078
271 5985
2809 4040
2145 2891
1889 4350
564 1904
1137 1450
1130 3565
271 1545
4207 4288
1130 3414
5 302
1971 4234
2350 3144
2286 5547
1357 5123
1695 4659
1192 1419
4582 4586
271 1564
622 4352
564 1541
0 5736
1901 2762
1137 2514
777 2019
1969 4038
564 1460
2478 3035
271 7270
74 116
81 2988
957 2627
331 623
271 2510
1469 2863
1782 6329
641 982
1051 7003
1137 6215
75 610
2147 2891
1051 5264
890 1893
2554 2891
5025 5065
2652 4396
1335 5587
834 1916
976 4233
1137 6305
1900 3997
0 3152
2047 6840
1885 2618
997 2789
1012 3770
271 1270
1525 2235
730 2085
749 750
271 1383
230 3854
1035 4519
2709 4311
1872 3804
326 5684
0 36
1800 2437
3764 3822
728 6367
2085 2437
1130 5201
1160 1387
0 1122
868 2333
1137 1396
1137 7256
895 4509
271 2888
273 3319
2005 6636
1160 3145
2510 2545
272 2678
3908 4305
271 6122
3034 3167
0 2851
238 2295
365 5472
636 818
228 2441
958 2007
783 5791
2891 5745
4469 6571
1087 1662
116 1549
2324 7106
356 2468
10 5906
777 1904
271 2493
912 6133
568 2891
379 2799
888 3971
890 1872
981 2002
2088 2575
365 1165
3735 4305
272 3746
890 1768
1130 5742
1160 2436
272 3889
138 382
976 4100
2056 2707
1212 5595
314 7178
271 687
365 1600
271 1403
377 6513
376 955
1872 1885
1901 4305
1764 4226
912 3218
747 749
1218 3014
811 2468
1388 4283
783 891
116 564
1008 4322
4196 5499
1137 5818
271 6438
241 6032
1436 2891
1923 1942
1137 1159
581 1108
1921 4430
833 2111
912 2474
1008 2708
2676 4072
1137 2266
709 833
143 379
271 2114
1137 6026
155 409
107 2140
636 854
3845 4096
271 3011
572 3866
365 5589
278 304
859 3559
83 2988
1942 2024
749 755
271 2449
1035 1904
1965 4226
888 3888
2448 5078
529 2468
267 271
373 2988
0 5116
271 7375
550 718
0 3578
988 4011
279 444
2392 5230
1031 2046
271 6989
2254 2836
107 5209
2903 7229
120 143
4440 4525
868 2818
572 2067
1024 1942
868 5705
764 3339
1137 2648
747 2836
2392 6479
1764 5635
2891 6988
868 2144
792 1693
1032 4471
365 6170
1137 2392
0 236
1157 1172
93 3575
957 6799
143 155
1274 3573
111 279
257 3692
385 599
271 3518
0 5586
868 1883
271 2835
0 2988
1048 3743
271 5900
271 3083
868 2468
1137 2165
507 872
2614 3004
381 783
1008 2759
1893 3934
2088 5006
912 2341
601 2680
912 7165
156 868
2706 4186
331 2043
7061 7110
912 7216
365 2264
314 6461
271 2372
365 2409
271 5489
107 138
912 1544
988 1885
392 6603
302 1901
227 565
1959 1983
1008 2066
1030 3781
390 548
69 107
0 3930
365 1220
645 718
93 2305
304 1984
2678 4136
107 7102
271 5379
1137 1616
38 1093
1006 1035
1891 3779
1901 5094
912 6390
1008 1947
331 910
641 4061
2891 6973
1883 3776
735 1981
3509 7393
93 7233
365 1544
2468 2706
271 1459
957 6577
271 7394
761 4612
0 3684
372 615
1004 1904
785 912
2618 6675
3947 4048
584 5379
2891 5393
686 688
0 5391
2891 7159
1901 3727
3751 3832
2891 5480
761 910
1137 2871
2063 3792
272 1035
2100 4108
259 611
2474 3313
100 143
868 5168
2665 2891
0 3646
2903 6284
365 5354
138 1942
0 564
608 1881
1871 4138
2744 4045
1942 2709
868 914
0 675
1343 1774
271 2234
912 5553
107 2084
81 6185
1695 4658
271 2347
1108 2235
378 4501
271 2392
1137 3677
271 5461
912 4922
351 611
1352 1872
783 3066
1137 1318
4351 4424
1352 1727
5731 5906
659 1081
2679 3832
2891 5779
1335 5586
2035 7635
139 145
272 3798
868 2891
1108 5798
271 7102
133 3001
912 1740
1607 3310
523 1335
365 1155
957 6613
1506 2436
313 2382
0 2377
581 1373
1008 1352
2392 2557
107 7422
412 1984
688 7074
86 936
3029 5392
1160 3119
846 918
1161 2938
271 3574
1901 3844
84 1607
1352 4575
271 2891
365 1113
651 4319
356 2145
958 3974
3035 5280
3826 5741
912 2526
235 565
379 1901
1327 5020
365 5471
1008 1011
1096 2510
272 4535
271 5259
116 1550
378 2613
365 7341
1901 3545
988 1942
1799 2468
1137 5464
1921 3946
365 1130
2052 4041
365 5795
2614 3855
2392 5604
1804 3588
1137 4950
579 1137
2891 7243
2694 2822
518 1052
1024 1901
1764 5563
1942 4322
783 904
1137 6476
4191 4501
400 574
915 1137
572 2056
783 7342
385 1987
271 6147
365 1744
376 4452
868 2125
1872 6838
1051 2891
909 3177
747 748
1264 1490
996 2025
1159 3041
1544 2891
271 6433
1081 1901
2654 6609
355 1130
1335 3577
135 2510
68 81
372 893
5691 7275
314 3174
833 2110
2474 3273
365 6777
5460 7668
825 2155
138 1130
912 2377
787 5543
2891 3074
143 747
379 4382
785 5005
1137 2363
271 5359
1352 2755
107 5480
365 2180
992 4130
747 1652
4148 5499
1048 4518
358 7227
868 1108
271 2448
1745 4945
2716 4100
2 81
279 447
365 924
1585 3203
81 953
785 2875
651 3981
271 6331
2891 5928
0 5112
783 1345
5080 5731
1319 5547
2891 6073
2043 6582
271 855
271 7158
572 695
912 3004
2007 4524
868 2145
271 1487
834 6522
1335 3647
808 3720
0 3653
238 5536
651 782
657 1137
2733 3999
7061 7169
271 5790
912 925
5699 5906
1130 1921
277 1489
379 3811
0 2254
1800 5918
507 875
912 1135
138 747
3792 4168
2753 3748
2319 5660
271 5202
2392 3404
365 2263
2036 2709
289 1051
1352 2815
572 3758
1137 2480
5394 7454
271 7180
2688 5499
1137 5472
2474 5459
356 912
53 912
1137 5617
754 910
2107 2931
1051 2374
1901 2088
584 1361
909 5052
272 275
400 856
271 1135
1011 3742
271 1180
2671 2729
279 416
895 6653
2012 3720
271 6267
834 4070
564 5379
1024 7090
1915 4305
2478 5053
0 2333
271 3436
912 2886
4166 4252
783 5313
909 4998
134 279
365 2828
5065 5906
1137 1358
572 1971
143 1084
676 5094
271 5987
2007 4084
2891 6327
589 2216
1871 4484
859 3170
990 4376
143 269
272 1322
1942 4305
2891 7210
2573 5393
2789 6586
84 356
572 3948
365 2090
365 7011
271 1566
912 7197
377 1901
1872 2682
365 7156
764 4307
365 2380
3973 6623
1782 4984
141 143
1137 7156
0 1137
2468 2786
271 5573
980 3918
365 5967
1693 4677
271 5071
271 1091
138 344
1035 2991
145 912
601 4214
2052 2814
402 3073
81 786
801 3705
4181 6524
564 5569
365 3206
2022 4073
2891 7306
2891 5342
100 360
2891 6935
377 6581
5024 5608
271 5680
909 4953
3978 5094
0 3597
1137 1177
747 3210
1902 3792
4201 5391
0 1011
365 5180
271 5959
179 279
513 523
1008 2737
2662 2706
2341 2891
365 1539
1424 5559
3517 6252
365 5470
377 4312
988 1137
2054 2699
1529 4416
107 1137
0 1343
1881 2991
6707 6752
1137 5326
990 6613
868 1969
1130 1324
1942 1981
2104 6150
743 5003
2668 6563
868 1024
2891 2929
568 778
2384 2389
912 5210
271 5042
2104 2444
271 1078
93 271
4401 6730
1872 3966
909 912
529 4428
138 2800
279 632
2468 2891
563 565
564 5364
271 568
40 7687
2891 7336
940 953
2043 6573
4469 6756
895 1901
396 523
2392 5921
0 1544
81 143
365 2966
896 1946
2891 6931
611 4109
1137 2563
1987 6707
0 2
2614 4286
2845 2891
2043 2704
365 3613
2891 5592
365 6486
81 331
230 1024
138 2254
572 1915
833 2109
783 5550
365 5152
868 1553
1942 4142
4040 4167
4377 4446
1635 1642
1024 4460
914 1872
271 2301
2056 4507
2731 6585
365 599
0 2607
718 732
271 5407
749 753
990 6577
2510 2959
311 314
2911 5428
114 808
1035 2717
5065 7020
0 5825
1212 6162
610 2249
810 4515
2891 5756
279 329
1335 6924
4443 6752
279 446
713 2382
139 331
1406 3427
761 3334
272 2012
859 6064
3886 4000
344 682
1137 6511
271 1211
914 2614
910 4319
272 3871
1499 2421
138 272
1942 2225
0 6157
1343 2838
888 3822
271 7153
1137 1893
1871 3807
2891 6385
3832 4128
575 1984
1901 2028
600 808
281 2206
1893 3736
1137 3564
2707 3821
272 914
143 1969
5731 6008
93 2610
1492 6261
1901 3898
912 1346
2891 6205
271 2845
272 2773
1137 5881
764 1664
990 4242
912 1233
0 955
223 233
1137 2155
913 2145
1211 1456
507 874
331 2516
271 2099
1137 2244
783 5792
1872 2816
1069 1108
0 1352
1152 4925
2474 4042
2779 3832
3095 6184
445 2988
74 5815
1137 3584
271 5600
718 719
912 4975
564 1792
143 2085
365 1218
1067 2882
279 450
1352 4040
1600 4604
2852 5084
834 1926
103 271
2114 4808
2476 3559
271 1183
905 1137
1008 2028
1031 4014
352 1792
1137 2232
5045 6153
271 1469
792 1612
2359 2392
271 2594
1044 2049
407 1058
1137 2387
1777 2614
3975 4377
0 3618
365 7256
681 1698
223 303
572 4372
834 2668
81 3131
647 718
138 1406
271 5986
224 4473
1137 1335
2651 3833
1335 2874
1137 1455
1441 4706
381 785
608 1883
783 5655
272 4414
3917 4370
783 5764
1406 1464
271 5297
271 1561
572 3804
1872 2683
143 595
1108 1901
3997 4209
2637 4055
271 5463
1352 2667
2678 4456
2891 3512
1624 4598
72 912
749 756
365 833
3517 5756
271 3704
978 5499
378 572
236 562
2007 2702
1901 2059
365 1335
2891 5986
1889 5499
2007 6580
0 362
912 6356
1897 4005
2088 5296
2000 4519
0 5025
783 1464
1352 3778
1137 1884
2007 4209
271 596
2043 3994
1650 3218
271 709
564 5489
100 5406
271 1425
1492 1901
1871 1955
365 2339
912 2836
2891 3663
0 7042
2392 2559
146 2988
365 3640
2891 5439
1137 2880
2709 3799
3832 4026
1901 3953
271 3568
3832 3881
1483 1553
231 1137
3826 4031
165 279
596 2545
1092 1438
271 6412
104 1667
1137 2099
2084 3593
271 6135
564 2495
365 2172
584 6141
365 5001
1008 6648
914 1901
3977 4193
1137 5244
3720 3765
5391 7231
747 1533
896 2690
2891 3398
745 841
271 1811
279 292
365 5793
271 5592
81 369
2891 5664
365 5938
807 4319
3802 4305
1764 2474
1343 1405
66 365
358 5517
1390 2563
358 400
497 636
385 1872
93 5962
48 66
271 680
564 5542
912 6223
271 6157
5391 7095
564 5461
271 1525
4461 6875
1872 3771
54 5906
271 846
1901 1944
271 6435
783 5259
912 1383
271 2872
1901 2056
1024 6809
583 7263
833 2108
3801 3938
523 524
66 81
3187 3199
0 591
271 3038
1137 7217
365 5084
71 81
1137 2216
2104 7088
1348 2419
747 1352
680 747
143 2433
81 1122
2837 2891
2286 5329
365 5731
40 7680
271 7210
271 6932
1035 1909
608 4291
365 1100
0 3406
365 2468
1067 6109
4307 6700
20 584
365 777
1012 3712
390 718
2286 2961
783 1197
564 3545
2476 3437
890 4416
1553 2891
271 2150
1602 2145
46 271
769 3334
1130 2089
1207 5982
365 2903
271 6979
1343 2479
1201 2498
650 692
2772 6661
564 850
378 4077
991 2737
1008 1872
2321 7430
2088 5143
1099 3196
271 6241
955 2756
271 1481
914 4171
1051 5042
314 5211
1976 2706
992 1871
1009 2023
2074 2780
81 5529
697 1942
365 3584
2891 5575
1010 1966
2903 4904
271 4917
271 2844
2286 4890
2468 3926
747 1325
1901 4042
1035 3728
697 1904
241 868
1137 2154
271 6078
507 877
1137 1410
271 358
277 1137
271 5167
4401 4402
100 564
331 2468
1897 2753
2137 6162
1130 5115
365 7037
271 1540
2439 2614
302 1942
365 5558
1137 2341
1383 2392
314 1160
365 5703
107 2395
1239 2828
584 1254
747 1618
813 4319
1472 2237
3420 5336
47 1591
382 6562
2173 2474
518 5728
1008 2069
279 477
5731 5960
624 1008
608 869
2636 2643
868 1343
1035 4305
365 1507
3273 3330
93 788
271 7079
2125 2891
365 3020
365 1541
238 365
0 1777
271 785
143 1782
271 5542
0 5896
2891 7162
990 1322
3748 3926
783 5202
271 3438
1811 1972
1147 2089
1137 1267
0 890
81 257
568 1901
272 1038
107 7001
1585 2468
834 1008
2125 6509
2891 6313
271 3041
1693 4739
564 2468
143 271
889 1893
572 3950
2104 5783
1040 4462
1959 4029
1901 2613
1264 1670
271 1560
1357 2435
1942 3792
3041 5188
3010 6029
1792 2891
2468 2717
779 1130
271 7266
1352 2668
271 2506
1070 1318
378 1901
1872 2474
1160 5549
271 3659
764 3210
2407 3693
1726 3187
859 6139
783 4377
551 734
758 3218
1130 2145
271 3544
116 143
271 599
865 3952
680 2240
272 4087
378 3877
2114 5923
0 393
868 2132
3985 6739
909 3138
580 611
271 6233
768 910
2652 2807
2392 5733
1343 1901
1012 6598
888 1352
271 5795
907 4986
271 3571
85 365
783 5460
1981 6666
1135 2474
271 5953
138 591
69 825
1137 1529
2844 3565
783 5573
1335 3109
7633 7651
365 5000
608 2007
46 2891
522 523
1137 2332
979 1904
365 6981
1370 3324
912 7291
1874 2771
2474 2836
365 5758
271 5381
5393 6210
378 4532
777 1908
379 4181
4421 6866
923 2022
93 2468
365 2495
1352 1355
910 1663
1051 2451
783 868
1031 1942
271 6977
101 2891
2137 3634
1235 2468
143 1130
608 2673
1872 3855
138 378
1900 1962
2320 5507
718 1981
2125 2946
0 5006
1137 3083
271 7071
1187 5906
232 271
107 1165
81 5266
257 2891
271 728
1901 4301
312 5530
30 81
0 4
2173 5060
365 3466
46 1099
764 868
271 6434
885 996
138 1081
1335 3578
747 783
272 967
2891 5547
0 5241
138 912
912 5967
138 1335
400 5038
2047 2652
1068 2125
1137 5949
271 2521
1591 1687
2468 3728
2891 3079
377 2756
546 5906
271 2303
365 2288
2784 3792
271 5352
1901 2813
1421 5429
271 2412
365 2177
40 7681
747 1641
3753 3958
257 591
1051 3665
1914 2795
1137 5497
365 1099
1240 3593
2928 4970
261 912
564 3627
1067 1460
272 1871
3517 6051
271 3763
24 116
279 440
783 1196
1100 3059
1350 2392
1455 3187
2005 3756
84 1370
271 6978
3929 6514
787 1115
1872 3706
238 4910
1006 2678
955 2646
1986 4469
5118 5608
574 2891
3918 4513
3509 5791
271 1480
418 2988
2614 3772
2891 7121
3852 5499
701 3880
0 3672
372 702
572 2785
271 6366
917 5049
1811 1942
1137 1191
6252 6489
349 1035
912 1235
993 1048
143 3693
228 307
1042 3845
3736 3792
1704 2474
2757 3832
868 1591
93 5028
2778 3769
762 3218
912 7153
60 1211
572 3915
1406 1410
747 1335
271 1543
1797 3490
271 3607
238 2957
747 1621
145 365
271 2545
781 1900
143 5815
3235 3329
2468 2648
365 1216
271 2043
1177 1392
583 4917
1871 3961
365 6137
5342 5928
143 1085
971 3832
1024 4261
0 4904
983 985
0 2143
107 1335
0 5063
107 2871
4141 4316
868 2665
3845 6659
30 143
379 571
912 1764
271 5903
2709 4286
2080 2468
752 910
377 4055
0 93
93 3494
1008 4319
1782 5275
68 868
365 6394
272 865
572 2688
1777 1901
271 6426
2392 2452
272 1008
107 7115
1988 4119
3922 3953
1110 5710
579 3689
107 7220
2674 2740
358 4930
912 5783
1499 3498
4040 4146
1137 1453
271 325
2928 6271
271 5122
365 5027
694 4319
5332 7229
271 5299
1011 4394
914 1942
365 2232
2676 3778
893 1942
3752 3891
2137 7084
885 2022
124 2988
1137 3665
120 121
868 1135
14 5906
1137 3618
144 2395
599 1406
1348 2824
680 2836
143 3004
2699 6561
523 1358
856 2293
1137 5000
1667 1727
1130 6022
272 385
2668 2678
564 868
271 7098
1352 3780
2891 6032
271 598
143 1335
1635 3220
2280 4808
1242 2891
968 1933
5205 5906
1137 3081
285 423
0 57
272 3995
2145 3186
912 2838
271 6345
365 6366
625 4422
357 358
143 223
0 5133
344 345
957 4449
912 1051
1177 1569
1872 1918
2085 3573
0 2872
909 5402
608 2024
1067 2227
271 2202
1602 3312
365 5612
2991 4064
591 1158
747 2100
365 7337
377 2742
1067 2129
1019 6683
326 3645
3613 3614
378 892
271 7233
2088 3409
0 1104
2356 5352
279 294
1352 1904
2891 3494
365 1271
2125 2254
271 5055
1873 2751
2889 3517
365 1160
1746 2891
575 2039
2809 4331
868 2692
365 3141
295 562
2891 5888
2392 3681
271 517
2218 5572
1343 4142
2700 4268
2365 2891
0 1547
385 1991
1137 3227
1004 1942
564 3131
365 3576
358 2847
2614 2665
1901 1942
1942 2772
1137 5697
3483 3565
2468 4013
2024 6750
3034 3435
783 5434
1137 3059
2015 4072
271 2729
2088 6356
2145 2821
591 2125
523 526
783 2468
896 1352
1987 2776
271 6101
365 5439
572 1998
60 279
107 1812
93 6157
40 7682
747 1640
97 143
271 2460
365 2321
2474 5499
1872 2772
2903 5145
241 3496
271 3597
3210 3211
271 4962
1901 2991
623 1035
81 2936
2018 3832
1335 2246
686 3499
70 356
399 694
761 3339
365 920
365 6053
2700 4466
1499 2422
356 1728
2022 6643
2114 5190
365 1422
365 3046
1872 3707
1695 4601
1222 1693
2125 7279
378 2545
1229 2068
0 2357
81 394
107 3682
2891 3593
700 4425
107 1430
69 1401
0 2468
1268 2085
2654 2808
1027 1048
0 783
405 1084
2468 4657
572 4322
957 6764
4141 6823
359 1137
87 5906
1003 5741
272 4166
228 316
271 6072
1008 2012
507 879
271 5161
990 4531
912 2437
2125 3117
365 5411
1011 4433
377 6656
272 3776
358 1185
1901 2784
1961 6811
365 568
271 2371
81 6626
2251 2392
2150 5913
381 1358
385 3741
271 5613
718 722
2468 5710
271 3681
1024 1035
2678 4274
2703 2706
279 479
1035 4162
4168 4330
3187 4728
36 2988
1872 4186
1893 2624
784 2510
2890 3517
238 6461
565 1043
762 1635
912 1081
1035 4384
1872 4009
314 2436
2286 2837
0 6299
1901 4099
1008 1918
271 1470
1998 3718
2412 2482
0 1600
271 2607
271 5189
564 598
1764 6067
5906 7074
1004 1901
1137 6055
5068 5446
92 1635
365 3665
1024 6693
1274 2891
2828 5110
868 2407
394 2928
572 1871
1541 2903
271 5999
832 4219
3768 3815
1184 2260
4289 5741
1106 2510
5281 5327
138 568
2150 5369
2617 5499
747 1268
1352 3026
271 1054
2724 3968
1380 1792
4148 6551
783 2573
271 2177
271 5298
1132 2928
590 1192
271 2358
300 718
271 5411
1901 2756
1921 2468
1219 3509
19 610
1921 3841
365 2322
279 285
1137 3617
2891 3517
377 2699
1035 2676
271 1961
1764 2082
107 5714
4141 6530
2220 5134
868 1358
1872 4535
1235 4790
783 947
0 3158
365 2700
0 6233
564 3330
0 365
399 543
605 4469
271 6285
2891 6132
93 5987
1782 5547
49 2468
93 743
271 3129
40 2337
271 4382
2678 4087
238 271
2043 4015
271 6235
5391 7117
107 868
271 887
54 365
517 523
868 2085
271 2563
365 3492
761 1107
1051 2835
1901 1969
1137 3544
568 912
1031 3778
990 6869
912 1406
572 2044
747 3130
564 6122
1767 2117
912 985
2088 2397
1901 4095
131 2395
2891 5392
783 5462
40 5815
1048 3804
3009 5543
55 2988
508 2988
1693 4709
143 365
271 2164
912 5635
912 2402
1635 1650
962 1872
4433 6611
93 6184
1011 3953
1029 1906
1352 1901
3517 5819
868 1981
783 6075
834 1545
271 5556
365 7481
1942 1969
271 7232
58 2891
365 1270
1130 2846
272 1893
1011 1872
2468 4466
868 2614
676 3521
1172 2510
608 4367
365 3140
365 2928
2377 2474
868 2836
1137 4100
572 2053
1212 3634
64 576
564 889
279 442
2665 3565
1110 4908
107 546
1553 2591
271 6158
271 1526
1745 2880
572 1041
3517 7112
666 1782
0 1883
138 783
271 4132
747 769
518 2742
1212 1357
1872 2067
85 271
1108 1405
3800 3918
2894 4922
1008 4437
998 4229
271 3035
1010 2051
17 257
2304 6304
271 1112
93 5071
1998 6608
2809 3812
365 2286
988 4188
271 5354
138 572
2891 6497
1472 2085
2627 3728
40 7683
783 6339
2392 5115
365 2320
2379 5507
2468 2775
2891 7359
271 7332
4209 5741
271 3596
764 1137
2618 6627
273 1652
519 531
77 1938
4305 4492
107 2607
783 1198
783 890
3828 5741
1006 1137
257 2988
162 279
3509 7014
400 6044
693 718
551 736
143 1529
1909 1910
608 3389
76 2988
2891 6076
271 1445
2678 2719
143 3130
572 2692
2797 3843
377 6822
1553 3168
1663 3333
1051 5643
1901 2024
271 6291
410 1826
1882 4147
1901 4416
0 2358
923 6857
1137 2748
990 4212
158 279
912 1335
0 145
564 5194
143 1981
912 914
400 1130
1346 1759
1140 3041
272 4136
1137 2974
358 3573
1061 1108
138 2286
1900 4382
271 7128
2435 2468
1871 4527
992 6842
3437 5839
909 2545
271 5160
2104 3330
271 2220
138 1035
4242 4433
868 1815
3848 6521
608 1024
1981 3475
1904 4060
729 1984
0 1130
365 712
271 2547
575 981
365 1069
1137 6236
718 723
271 3680
2468 4411
120 868
3818 6548
564 5925
747 2474
143 1087
271 1130
2056 2675
1893 2639
564 4539
1352 1981
1438 3506
271 4023
365 2872
1080 1137
138 304
895 1872
1895 4181
93 642
2468 5123
1137 1797
1013 3994
2678 2811
2512 5429
362 564
81 100
914 4266
271 6391
271 3435
2781 3832
1223 3185
271 6500
728 5504
2611 2709
271 5881
1901 3866
1051 1901
609 808
1923 2717
355 1008
271 5998
1259 3686
564 4940
271 3042
376 1872
269 2085
272 4402
1130 6303
271 988
868 3144
0 697
271 2176
365 2085
271 6511
1022 2801
117 281
1547 5617
5816 5906
2891 6215
868 2730
2286 5260
564 1459
107 108
398 523
385 3832
793 1343
365 5817
764 3862
271 3652
2392 7030
271 5029
1882 6521
783 1137
2618 6555
143 2665
1942 2067
1944 2008
2444 2891
272 372
2437 2614
2510 3092
2123 5260
0 4918
572 790
857 3241
2891 6135
0 5029
271 7044
3805 3845
1130 2559
2891 5188
365 1766
1130 2318
44 143
651 1020
3865 3930
783 1739
572 1038
2145 2589
385 608
912 6072
1024 6658
1137 2884
1872 2545
2085 2665
272 990
3282 4519
2872 6483
2085 2891
41 5045
1177 1575
238 827
1008 2742
73 2891
26 747
1618 3218
1431 1779
0 2874
1137 6119
2791 2801
331 341
271 2276
331 1977
2891 3309
365 6978
382 608
2891 5036
1137 2530
864 4134
325 2516
365 7335
2012 2624
271 1774
3517 5818
1352 2019
2468 2748
143 5496
700 1879
834 6794
271 3627
314 2169
2123 5194
271 3672
1872 4059
572 980
1137 3886
2648 4137
1591 3923
271 1186
272 2052
272 3880
271 519
0 2828
1600 1696
0 6357
988 6814
1137 1916
3975 4466
2085 2394
81 2468
331 5906
0 104
868 2123
2413 2894
1901 4186
912 1469
1007 3880
2324 5860
958 3835
3866 4191
1015 2658
2891 6164
2891 4984
4040 4462
747 913
1095 2863
572 1904
2742 2799
958 6718
1137 2114
1900 4426
2700 3900
2474 3138
1011 6578
4111 4261
1693 4680
153 2988
271 2123
608 6750
70 783
622 808
4189 6739
1343 3565
2468 6518
0 2596
1137 5357
783 3150
0 5719
1901 2699
2114 4925
2392 5116
787 2823
365 2319
1026 1900
524 789
2637 3948
1041 2729
700 2026
859 5894
496 636
81 546
279 437
271 7493
2476 3433
1137 6498
865 4051
3509 7013
783 1359
271 539
3753 4416
271 1335
271 1444
576 1544
2085 2430
859 2295
0 116
4976 5065
1137 2594
2891 7105
271 6290
385 575
26 1135
2478 5222
2387 2392
271 3463
372 808
2244 2847
2614 2709
3792 4497
764 1693
47 1013
365 5762
1901 4038
760 1659
912 5341
81 1184
988 2620
1438 2122
998 2765
271 2223
1942 4286
988 6622
958 1942
0 2961
625 1322
277 564
599 1137
1137 2474
1544 2294
783 2942
1133 2309
747 1622
271 3466
271 2546
914 3967
2268 3098
84 913
1901 2816
2478 2614
888 3923
5094 6402
365 1213
272 1966
1896 3707
5731 5964
365 1358
143 1086
271 5846
1893 2638
271 6962
34 271
1184 1185
81 808
365 2871
1901 2372
1607 3186
7 81
271 7120
868 3004
271 1464
138 1352
1051 2968
0 80
823 832
81 610
271 6390
291 1984
107 6284
575 1904
2618 3941
669 1591
1901 3720
81 261
1764 4519
3832 3858
3876 4261
753 1663
485 636
3273 4569
2140 2238
1008 2699
2094 5543
1900 2790
2891 6458
608 1872
808 1871
783 5650
2828 5320
1782 3441
365 5381
100 635
1901 4450
271 5308
365 7217
5713 5816
0 7173
2135 5094
747 2125
107 2474
2891 3409
394 1137
143 606
783 2602
1431 3593
387 392
1137 3670
2646 4252
68 143
116 2107
868 1130
1035 1969
271 4919
1137 2263
834 4106
2095 2891
1878 1896
890 1901
271 7436
1035 2759
1130 2891
168 279
2679 3825
4072 4416
1912 4261
2392 5165
1137 5005
2648 6569
271 6934
2827 2846
377 4504
955 1901
356 1690
365 2988
564 5502
81 2306
392 551
909 2137
271 6309
0 60
1325 2614
529 4262
1782 5370
1259 1779
1901 3948
1406 2138
3568 5802
1388 4461
81 1981
272 608
1130 5499
5393 7161
271 2896
756 910
84 1591
331 2306
1246 2384
564 5529
998 2618
110 1782
868 1738
223 1981
988 1035
365 5464
1904 1988
0 5934
4470 6757
271 712
1942 2974
1040 2796
156 2085
271 1656
988 2046
1024 3926
271 2324
1237 2891
1137 2529
365 7334
1942 1988
0 1444
988 1901
1745 3151
15 2828
2344 5731
1210 1422
276 2392
236 365
2341 7377
257 912
2051 2667
4505 5499
1130 5812
365 1268
331 2988
0 1218
764 1502
377 2054
272 2038
1872 3956
281 1864
1137 1553
365 7128
912 6197
0 4023
1233 3003
1669 3330
365 4320
5065 6407
1137 1907
912 6212
783 6979
271 2495
0 6981
24 5815
0 105
402 5728
4469 6784
1187 2304
2007 2114
912 2933
1335 3649
947 1108
808 986
2286 7100
912 2692
2655 2670
2699 4188
271 2823
1803 2392
271 5936
747 912
2777 3952
2759 4416
12 5906
1901 3186
93 2438
2341 5916
808 2468
955 956
2125 6274
1924 2022
107 7455
2612 2740
2787 3765
122 228
52 783
753 910
4506 6797
365 2284
419 2988
1137 2364
356 2545
147 610
103 2161
40 7685
1137 6949
271 1741
0 2772
1944 4305
365 5871
107 2307
783 2954
1011 4101
344 995
3217 3350
1051 2498
365 2463
402 2475
271 4975
599 3998
1904 3728
2788 6633
1321 1864
868 1201
365 2608
0 4305
1235 4739
3722 5499
365 917
2621 4220
712 2104
783 3506
783 1241
399 544
3509 7012
3333 5274
0 5119
912 1901
2057 2618
271 1334
335 611
271 7167
2683 3793
271 3187
3779 3889
1901 2433
271 824
271 1492
271 3296
1223 4661
909 1394
2891 7125
2516 5295
572 2808
1975 1988
272 2748
1044 2377
5027 6182
2664 5499
1180 3621
2085 5796
4344 4348
2100 2699
19 143
1900 2691
2891 6417
1137 6109
988 4380
271 5162
700 4232
271 2222
1108 1137
859 3389
0 1358
271 2271
365 1093
365 5553
0 1533
572 3749
271 5497
271 4176
2392 5081
1764 2234
271 6138
2891 3474
93 2260
718 721
1252 3593
2675 5747
3517 5305
1352 4046
2891 6137
608 890
143 1081
978 1912
1893 2637
928 1137
1562 2056
758 3211
87 2085
1901 4207
378 6723
2389 5608
382 2059
271 3110
17 2988
2706 3733
868 1695
2386 2433
1904 4396
0 1782
271 578
673 909
0 6352
912 3282
2618 6683
36 1798
0 2324
1 2125
2891 5385
271 5706
1312 2891
271 3114
718 738
5333 5548
3152 5746
783 5018
271 5883
1745 2216
2891 6367
272 1027
2019 4210
271 5992
365 4989
2919 5546
1268 1550
575 2762
4 957
1179 3095
2102 2104
0 5332
1901 3130
862 1942
107 5242
954 2705
1110 3683
378 2742
4469 6622
379 4319
914 3774
1208 2474
985 3703
859 5682
271 2464
2468 2714
93 143
271 2513
365 2518
2758 2795
2891 5690
1624 1656
70 272
681 2145
365 6105
2891 3445
1901 2053
271 3309
107 3154
3290 4661
1024 1959
271 847
1130 2468
271 1390
365 1764
625 1035
572 630
0 61
2468 4486
2712 4189
2562 2891
754 1895
271 3401
1137 2938
397 523
1010 1888
81 352
271 5855
912 988
252 271
1137 1379
271 2899
1137 5819
5039 5391
2468 3947
4093 4305
4272 6757
1210 2891
216 279
507 808
572 3992
4379 5569
0 5935
1366 1782
3792 3811
624 914
271 2327
1352 1942
3574 5391
365 7121
598 5906
2771 3830
777 1919
1011 4136
747 1553
74 145
0 1108
409 1318
81 5816
564 5992
1137 6170
565 963
240 2988
0 4342
138 1541
1463 2085
379 955
564 3523
365 1156
578 2891
272 2039
998 3788
671 2622
834 2682
783 912
143 1137
793 912
1872 3844
67 5375
787 1090
785 1137
365 1591
1602 1692
2891 5218
279 855
1901 1904
3904 3948
859 2330
271 6328
2891 6952
1008 1032
24 143
271 5661
1335 3648
923 6626
81 1551
1100 2414
0 5583
0 2123
378 6561
138 1553
1462 6228
1235 3250
4044 5569
885 6626
365 4933
1008 2772
271 2084
107 2246
271 6097
3926 4324
365 2138
2891 3130
314 5003
747 1358
783 6190
988 4191
314 2902
1011 3918
365 2428
3926 4392
651 1045
40 7686
2391 2392
228 6364
271 2456
5375 5572
1137 3613
1652 3220
37 271
271 3593
1587 1591
911 1137
1961 6638
0 3571
1100 2969
104 3187
672 2341
1035 6599
1137 4040
890 4065
365 1529
1137 6496
3565 5391
365 3109
1872 4064
143 5906
990 1927
868 2827
601 4535
18 3469
1802 2891
572 591
529 4163
271 6255
107 912
365 3544
271 4544
999 3993
1900 4068
1887 4350
912 6372
138 863
1438 3074
766 1630
379 6562
1904 4301
1965 2070
271 5911
3911 5499
783 4969
93 1909
138 1492
2709 4075
68 3093
1325 2891
1942 4301
912 2334
1130 2341
912 7158
366 3978
365 5407
271 5210
2894 6347
1422 5904
271 1538
401 5089
0 6022
1818 1822
365 564
305 2085
376 4039
92 759
271 1824
988 1878
1051 3632
365 2545
143 2614
271 779
2468 2629
2773 4322
608 2100
783 2699
3839 6516
279 2215
2135 2137
1893 2636
1907 2468
2891 3427
1901 2225
2891 6092
271 4241
1893 4350
1344 5608
107 606
564 5621
1137 2478
365 3014
2384 5024
0 6303
385 2731
402 523
5107 5906
2468 3772
1872 3818
957 6600
271 6211
1117 3333
517 531
2177 5413
281 559
138 224
36 7211
633 1137
81 5205
572 2717
1223 3186
271 6497
1137 3684
271 2558
325 2600
138 962
365 6423
1137 1350
912 1076
915 2891
1137 5723
783 2456
2694 4057
1406 3844
138 4319
564 7097
5906 6404
3235 4725
365 2227
909 2292
312 1160
156 4382
2474 3427
2811 4305
238 1269
271 1796
697 2755
0 2717
4305 4399
4469 4473
2738 3832
745 5731
970 5499
0 6463
365 1183
107 6119
261 868
325 365
271 1099
59 81
0 3114
2674 3720
271 1272
365 2841
2619 2706
2474 4979
1035 4416
365 3454
572 4305
1130 2317
2468 3792
11 257
957 4280
2510 5891
271 2575
629 6612
2160 2506
572 1033
365 1797
868 2224
0 2545
832 2022
1901 3946
1137 1169
1010 1889
271 2861
1991 3961
2468 4725
84 1585
271 5967
279 559
2891 5055
2137 2893
138 4192
386 718
572 3993
0 5920
1137 7425
143 2474
783 5857
988 6528
0 1335
1872 2654
277 6082
365 764
1679 1693
271 2439
1871 2693
385 3801
271 3636
2655 3792
271 1254
46 2088
610 2299
807 2615
271 5050
66 3421
700 1968
314 2295
1693 2891
2104 2307
1235 2474
1067 1388
700 3955
868 1533
1149 1192
365 1425
1081 1464
906 5906
1051 2084
365 3069
93 1339
272 625
743 2169
0 107
3748 4022
223 4305
5762 6011
3848 3940
1024 4086
0 26
1008 1033
145 2891
87 143
2863 5554
1981 2789
271 3500
958 2014
2891 4989
312 2382
1048 3725
1235 3253
3973 4382
271 2998
912 2468
1100 2125
1163 3301
1237 2468
2809 3982
783 5671
2894 5033
271 5265
138 764
107 7441
271 2132
2392 6470
271 5185
142 143
143 754
1906 6100
4040 6777
2152 5816
0 7375
365 591
1901 2696
143 912
271 1743
2678 4408
2468 2771
2565 2891
1981 6633
1091 2891
1382 1698
77 1085
356 3188
1010 6689
3727 3845
271 5022
2104 2480
135 3550
365 915
5131 5906
271 4111
1883 1981
143 1108
271 1155
365 3108
1335 3646
1872 4065
758 6500
3041 5811
383 1172
224 2659
272 4006
365 3398
888 6700
680 5265
11 2988
572 575
107 1532
1900 4069
271 939
2068 2668
143 1544
591 618
385 572
72 3120
4306 5569
126 1211
365 6305
912 5063
2891 6197
564 5061
6518 6524
1223 4726
0 2088
764 1688
1988 2013
377 624
66 6133
868 2478
271 2954
783 5333
365 5372
5906 6271
1995 2991
1137 7407
385 1016
143 783
365 2109
523 783
160 279
1343 5313
5391 6293
888 2781
365 2254
993 1901
1137 2526
1945 2777
2400 5543
3736 3939
271 5499
797 3858
2043 5499
1698 3218
868 1137
783 6143
400 523
1745 2122
2991 4521
2476 2902
1108 1591
363 3300
69 81
271 7477
261 783
1024 1215
1942 2059
4024 4234
271 1142
761 1662
271 6975
868 1461
137 531
1782 5440
271 3104
272 3970
271 7133
1110 4968
40 1137
143 1358
377 4323
1397 2067
0 6927
2137 2239
3733 3969
2392 6940
278 1038
0 1904
4416 6526
378 1990
271 3447
2150 4981
365 1969
1185 3490
2575 2891
1904 2709
1137 7226
1137 5998
365 5344
1137 2063
2114 6288
314 5562
510 2891
583 2238
731 2891
868 2437
1478 2392
257 1406
3973 4104
785 5263
912 2186
1352 3521
1343 5349
4168 4533
1028 2022
2876 5530
2807 6834
2872 5438
0 1499
859 5684
365 2371
890 1942
271 5471
365 680
1553 1901
408 523
1641 4620
783 3020
271 5025
858 958
912 2343
271 7433
2007 2694
4322 6651
271 5078
2817 6651
491 636
0 6171
378 4191
66 6253
988 3860
936 5906
4148 6757
271 6931
5084 5938
356 1669
2384 5118
271 7040
1901 2341
1984 3810
1553 3330
1553 2614
12 584
1901 4322
3918 4464
572 624
1600 4723
747 762
365 3487
1782 5369
293 4319
2699 4260
3986 4377
223 5906
2043 2703
0 3010
917 5002
890 1137
365 6505
564 5134
0 2145
272 2694
271 3576
629 4353
906 2125
3374 6226
572 1896
2081 5906
523 536
271 5966
271 1541
271 3010
909 2468
279 1495
1040 4341
1921 6688
2085 3453
912 2407
138 680
523 2474
783 5856
93 6179
680 1466
271 2321
262 1160
3918 4019
797 3881
365 7119
1472 2125
2392 5092
271 2438
377 1921
0 5886
1137 7055
1137 6181
1901 2007
1137 4940
2107 2885
783 3461
2468 2974
365 5741
783 5252
271 1081
365 942
564 1056
564 5768
271 7031
40 7671
648 718
365 1444
2891 7331
5352 5758
365 3068
1993 2706
314 5997
378 3904
2387 5690
923 2649
591 2780
377 4251
1137 4598
641 1985
2668 3893
0 27
1892 4305
1901 3772
0 138
1160 3174
1051 4416
271 6488
0 2125
1871 4385
2737 4471
1335 1548
2637 3972
271 2993
758 1635
236 2891
93 1137
912 1149
271 3396
271 2086
1942 4038
2693 5569
1693 4676
146 160
2474 5808
1130 6355
1108 2343
271 2244
564 7026
135 1129
143 610
271 2421
1235 2226
365 5723
40 7688
271 1742
962 6564
1038 1872
1133 2478
271 7331
973 1137
2137 5077
1921 4093
1407 1568
700 2022
143 1201
77 1933
279 433
523 1343
561 1984
365 1382
0 2121
331 3290
4343 4344
68 331
697 1137
271 1154
1872 4099
1544 3509
2125 6107
792 4708
365 3040
143 1397
1568 5906
1113 2891
145 1137
81 115
344 3719
764 2812
3847 6521
312 313
143 1547
2303 4918
1008 3866
143 236
2022 2468
358 6012
271 5856
4096 4099
405 509
783 2321
108 2517
747 1137
1035 3720
629 3873
132 145
912 2433
81 1188
988 4453
1099 2474
1035 3958
1010 4039
365 2108
1137 6051
564 2286
608 1942
72 6104
271 2264
365 5550
4417 5741
271 5333
2012 6516
783 6333
409 1070
2104 2176
912 2125
2137 2891
271 1826
868 1138
3736 6523
120 5306
271 5611
143 868
0 1054
272 1811
2468 5748
365 5985
1137 3720
271 7033
0 1165
365 2577
279 469
1942 2056
279 2209
1916 5741
783 933
271 1137
868 1319
608 1004
347 1904
356 4759
1179 2085
356 1670
1211 1869
1008 1908
1872 3820
957 4242
2043 2677
2468 6706
314 316
609 2468
93 2891
372 618
912 1529
1100 1130
2125 2614
2404 5906
957 4212
1137 1259
2891 6211
2630 3792
2516 5437
591 710
783 2244
1441 2468
0 912
103 2404
1268 2341
1959 3927
2093 2392
988 4323
1051 5063
365 5020
821 912
3237 4539
93 3845
271 2343
1130 5063
0 1325
2212 2988
1872 2676
77 4382
378 1008
2705 3792
350 5906
1008 2891
365 2370
2468 4198
271 5470
568 725
797 4085
1000 2815
271 2514
1921 4020
625 1977
0 1051
2043 3803
572 2474
1137 5515
888 4066
1067 2614
1051 3736
2474 5102
523 1492
40 7684
769 1652
271 4343
1745 2748
271 7043
2478 5832
747 1642
2516 6045
783 6067
1872 1901
1011 2668
659 5143
