7716 5673
572 1035
0 2547
783 2219
271 6471
271 2863
81 357
783 2264
1137 3573
314 3145
1137 5816
1137 2137
566 2891
1664 3357
1026 1900
3986 5499
908 5906
0 747
608 1904
868 1782
1137 2235
1348 2304
2363 7115
143 2341
271 2320
1670 3187
999 1006
279 1829
1901 2722
365 7118
169 279
583 5491
564 1436
288 611
2891 5706
3520 7181
279 428
379 956
890 2137
107 365
3051 5905
2104 7442
5092 5352
143 6026
2100 2474
379 1137
143 1138
271 1193
2618 4359
498 7636
912 3665
40 7672
377 6796
365 3067
271 5021
487 636
2125 2827
257 2197
272 4043
358 2951
783 1556
529 4341
2142 3557
271 6277
564 2993
1008 1035
271 5662
271 2706
271 5775
903 6626
747 775
868 2341
271 5948
54 2336
271 277
608 2545
785 1901
3792 3891
107 7443
912 2372
271 5187
143 2440
783 3108
1263 1580
2445 4344
271 2420
1137 5344
2880 5746
40 7689
914 6800
143 914
5218 7393
271 2031
77 1932
279 432
273 4620
72 143
271 1165
1160 2476
912 3517
271 614
755 771
608 2692
11 109
0 6326
1900 3777
2891 5660
271 1443
2125 5948
120 2125
1406 1772
409 523
1137 3482
912 1325
2468 4040
0 5550
1877 4343
801 1871
365 3720
1335 3003
1137 2960
783 2320
53 271
0 949
40 610
1160 6312
143 2254
783 2614
272 1352
365 2107
143 5224
1553 7161
252 1211
107 5552
3707 4257
118 120
271 5332
271 2376
365 2397
271 5445
990 5314
1315 2384
2991 3719
2437 2891
1553 3130
834 1901
279 2208
833 2891
560 1009
636 1860
271 6969
650 718
385 1894
331 1035
25 868
1186 2891
1051 7187
271 747
143 1352
271 2433
0 85
271 905
2699 3922
1881 1942
2891 3626
572 2007
785 6977
1137 3004
887 2027
1137 1492
224 4011
143 2237
3801 4001
2516 5443
584 5756
523 591
271 6117
1137 1445
2400 2420
912 5662
2928 5699
1160 1799
4319 4382
81 5065
143 564
271 1635
271 3613
356 857
890 2545
1616 4711
107 5421
955 3792
3596 5540
564 3652
1248 1693
279 395
2709 2722
271 7435
271 1063
868 1397
2891 2988
271 1108
5393 7294
2104 5545
143 1343
1397 2116
591 1981
6170 7310
0 2373
372 591
1137 3537
783 5305
271 3413
6417 7006
783 2218
271 6470
912 1397
2303 6498
868 2306
1137 5678
1137 1383
271 2911
279 1376
138 628
1137 5896
1137 2089
86 241
840 912
1078 2238
0 2991
271 5279
1234 1235
271 2323
271 5388
143 953
93 382
271 2432
1379 2891
1137 5460
564 1437
1872 2784
924 2478
680 934
718 738
2963 7284
1050 2828
6132 6202
747 1698
1011 2545
365 795
358 5209
279 431
1871 2468
145 591
2303 6055
2474 5168
785 2891
72 148
381 1138
271 1192
777 1343
40 7673
912 6186
271 1241
365 3066
1101 2427
271 1358
551 987
1901 4292
238 306
372 572
2007 2137
3167 5548
107 3599
912 941
730 940
747 774
657 2891
839 1683
909 1212
93 1901
385 864
1243 2235
668 3792
1130 3463
783 5664
764 1621
1904 1942
271 6109
912 7054
909 2135
608 3792
2433 3686
271 5363
1553 4305
680 868
3973 4319
271 2423
1137 5351
271 5472
40 7690
271 7341
365 1090
271 3605
3250 4711
277 365
77 1931
273 4722
279 435
365 5900
365 912
1137 6500
2022 3827
356 1736
868 2871
912 1777
107 519
564 715
912 3420
143 1764
2433 2891
595 907
271 2455
1210 2392
1259 5096
873 894
1239 1551
93 7163
379 3854
1877 4342
363 582
15 81
1343 2891
1137 5959
84 1652
1192 1407
912 3186
747 1024
272 4301
287 2474
93 6471
1693 2474
107 4950
2286 2444
2343 6271
358 7409
271 2266
1352 2795
608 1031
1117 3333
1562 1901
365 7061
2384 5577
2107 6034
381 1335
271 5119
271 5039
279 2211
365 1352
3187 4672
2876 3001
369 1137
1872 3889
868 2884
572 777
2307 2891
1022 3857
177 279
60 2988
385 1942
525 526
5732 5906
0 1739
6310 7384
507 2050
957 1352
138 236
1149 1568
143 1235
331 1529
271 3440
247 281
783 3548
783 1901
1137 1257
783 5333
1048 1901
3218 5257
3241 4636
783 5611
2286 2382
1357 2135
764 2468
608 1972
718 4319
271 7284
93 138
5581 6171
783 3389
107 498
3727 4099
2706 3886
271 7434
942 5094
554 718
572 808
174 279
314 2382
417 2988
808 1872
365 1469
1577 2468
143 3237
365 2837
834 1040
0 276
271 1397
271 3073
378 3883
3753 6599
1137 2579
747 767
2006 3973
1359 2088
1811 1901
66 271
0 7069
271 3412
795 2891
591 676
783 2266
5303 5392
868 2450
912 2492
138 629
1137 5903
275 1745
3517 4940
791 1397
4040 4262
0 2976
1683 2468
845 1137
143 2343
271 2322
271 5391
636 661
2110 2160
1137 6173
566 6927
101 564
3621 7496
7033 7465
1893 2623
1872 3946
1101 3608
2463 2891
115 5906
1942 3728
572 834
3866 4325
2880 3152
868 1529
40 7674
365 3065
564 833
0 6316
2107 3330
116 868
365 2954
93 5872
271 6166
143 3573
200 279
2468 2476
401 542
2085 2614
868 2343
0 939
1382 2872
2891 5070
912 5817
2529 5342
579 2437
868 1541
783 3069
0 2845
2443 2891
3968 4207
93 6291
1035 4060
365 587
271 2422
1901 2692
271 1739
1872 4396
1652 3217
912 1358
519 523
77 1930
279 434
365 5899
3290 4564
1035 2821
271 1054
1137 1591
797 903
1777 2891
1008 2044
2891 7488
2382 3489
271 657
358 5766
1942 2991
1901 3707
912 2872
272 895
0 2318
2891 5475
261 5274
877 2050
1059 2125
138 1358
680 5053
747 1138
2647 2777
868 2474
819 5065
2468 3240
507 870
808 4113
271 2228
1782 3436
277 5528
365 5547
523 912
107 120
0 1122
2891 3464
5391 7454
2891 5925
271 7296
2891 6458
764 1642
890 1872
1011 4244
1961 6605
2696 4416
279 2210
31 145
1137 1602
271 1138
4416 6838
1154 5065
314 2330
6423 7452
271 1251
730 2914
683 2392
107 3466
271 7129
3241 3330
755 910
93 523
271 2614
0 5486
52 2143
783 1791
378 1986
271 907
2891 5391
2102 3509
1492 3542
271 7163
2384 3550
808 4319
1137 1401
833 2112
791 2891
1035 3753
2474 3186
72 1137
494 636
1942 4322
747 1404
564 2398
365 5630
147 5815
271 5253
365 7210
572 615
0 1312
2382 2468
638 1137
271 2478
745 746
1872 2709
2114 2235
3720 4506
747 2545
377 4423
272 1921
2891 6943
143 1051
271 1110
1942 2013
1051 2222
857 3187
1130 6028
1137 1791
272 507
81 5906
2891 5303
624 1024
1804 3069
747 766
272 808
271 2570
365 1792
2264 7038
271 3415
271 5812
0 849
747 3449
2891 6385
868 2451
238 2468
138 626
377 2816
859 6312
381 2468
47 2007
868 1777
1896 2804
1110 6077
610 868
277 1135
271 2333
271 1782
23 81
143 808
615 808
2737 3882
741 914
370 1137
783 3457
2125 5329
797 3832
365 1406
4252 4305
2104 7088
328 2516
584 2141
949 2891
40 7675
271 1243
7 150
168 279
271 1529
1901 2043
365 6183
980 4325
271 3386
267 523
365 3600
271 3499
378 1901
2891 5540
3946 4305
133 2516
1942 4168
336 611
912 1137
2891 6506
1901 5783
365 5284
107 2125
308 2516
3529 7625
1051 5613
410 1864
2392 3565
572 3736
801 2966
40 7692
519 868
564 1395
783 2963
145 271
271 3607
1137 5575
3513 3596
747 1664
783 1405
891 4100
279 2201
5209 7005
262 3145
572 1008
3780 4081
1213 2117
365 2891
523 1553
0 6170
159 169
271 1343
1137 3116
833 835
5137 7188
575 2039
1137 1138
1013 2043
993 6651
392 691
1551 6954
2891 6235
0 5537
271 2912
4014 4305
1137 5876
764 1685
379 1989
1137 1325
143 2433
246 279
314 4951
642 1130
0 2891
271 2692
764 1659
2510 5015
2468 4968
135 1137
271 1544
399 1607
0 2665
1024 1352
1871 2650
1212 3177
389 718
2891 3386
2125 2474
16 5906
81 1380
523 1137
143 5816
365 1060
145 747
2088 5652
271 3691
743 4951
271 6309
2891 5860
584 2231
400 5374
2891 7169
1893 2678
2606 4919
2445 2966
955 2816
1571 1591
400 6044
93 7201
1343 2551
912 6260
271 7128
1008 1896
1693 3253
271 6217
270 564
1051 1193
575 2027
912 3273
912 1533
630 809
0 3647
1137 2903
358 912
81 3237
143 1944
988 2891
564 6122
629 4392
4153 4417
1819 1822
1137 2993
1406 5779
0 2903
2304 4918
1547 5386
2891 3179
1918 4322
1397 1469
1490 3313
3707 4305
0 3406
564 2254
271 2360
1871 2622
1137 6933
2663 3749
334 611
1217 1693
1901 2891
611 4319
760 1659
1137 5438
1082 3240
271 7399
271 2851
868 3509
271 5036
2678 4244
1782 6968
2668 2811
2303 6028
747 2433
859 2891
488 636
808 1871
297 718
271 6942
1137 6183
1137 6434
93 1346
859 3683
656 2828
1137 1961
1656 1659
761 3333
148 1551
868 2238
775 1698
138 785
1942 2742
138 2125
0 2150
107 7181
572 1893
143 1901
957 1981
2468 3218
154 1110
105 764
1904 2742
3290 3333
868 1635
1137 5901
271 6138
0 3137
507 4441
99 107
893 1901
331 332
81 1137
1370 4781
271 1600
2608 2614
279 1825
2137 3138
1137 6961
271 1777
2891 4593
2286 5920
1044 1901
365 792
1137 5547
279 424
138 1548
1942 2100
2891 5949
40 7676
1051 2132
646 718
564 6252
138 1137
271 7139
5391 6933
238 326
2384 3675
325 3478
2891 5352
1872 2012
101 150
2675 4490
0 143
271 3498
1959 2468
0 5237
1553 5770
49 1228
25 4355
912 1138
643 718
271 273
0 2912
1635 4662
143 331
271 2130
2474 3034
271 1591
3707 6581
271 2243
2678 3889
18 5274
271 5372
747 1492
365 585
3727 3845
1529 1942
279 1861
40 7693
1652 3219
271 7342
241 1137
0 1079
271 3606
1035 2033
1130 5776
1035 2742
1160 2162
77 1928
580 629
1893 2641
271 6945
365 2890
2891 6971
0 6171
912 6153
365 3035
271 659
107 6444
833 834
2043 4376
143 3517
1388 3895
1266 3178
2891 4657
2364 2891
271 5758
19 6373
2409 5662
1100 7358
1159 2891
2058 2468
1568 5906
271 5916
2104 3118
1137 1324
1031 2665
257 912
1825 7362
138 523
314 5536
0 568
764 1652
746 5731
769 788
905 2088
368 2012
271 2343
4040 6811
238 1137
783 6328
107 5445
1051 3736
1163 1346
107 5731
271 2974
4322 6609
143 2988
271 5112
568 1137
672 2392
30 2085
1137 1745
313 314
455 2988
834 1035
2404 3127
271 3118
572 618
2125 5852
896 1872
271 868
868 2100
271 2608
271 917
54 271
2436 2476
0 5407
272 1004
747 3231
272 1995
1490 3389
912 1067
6171 6932
365 5338
1591 1698
1894 1901
224 3870
272 4396
868 3186
376 3792
4207 4416
271 2186
3001 5530
1095 5065
365 2220
912 2079
783 2868
0 7309
1137 6932
1801 2891
271 2472
1352 2033
271 7281
271 1805
1406 2412
0 4322
2125 5419
143 1268
1130 2224
279 500
271 1104
365 1466
81 2143
356 1667
331 2468
1406 5499
81 156
1893 2891
2010 2729
271 1422
851 2197
271 6316
1093 5065
688 3499
2114 3187
868 2088
277 3595
138 143
1942 4416
1188 5906
70 2891
138 624
2888 2891
2891 6464
1872 1904
378 6552
0 2868
1901 2683
1051 3728
271 2286
29 1121
90 1137
1312 3593
1243 2335
0 1469
608 4149
0 5876
365 1114
1553 5028
365 1259
1054 2082
2828 6220
143 783
1607 2474
519 689
1872 3949
1137 1544
841 5731
1900 1951
271 7037
40 7677
238 327
81 2516
795 1072
1490 1670
107 143
0 98
6 72
1529 1901
1872 2013
591 615
271 5733
701 3720
107 1335
1343 3010
0 2115
1745 5339
914 4490
1782 6137
1544 1901
905 5224
1163 1693
365 5137
601 814
523 2286
271 272
606 1901
2474 3144
397 410
18 81
1621 1635
224 4125
893 1904
572 3883
365 584
107 5464
271 2419
107 145
2299 5816
2035 7633
271 5027
1901 2100
271 1051
365 908
812 2052
271 1160
2088 2298
93 7387
1352 3769
1108 2614
271 1337
1234 1693
27 1325
414 2891
912 2988
271 2889
1901 2013
1173 2384
143 1553
606 2593
868 988
66 3614
81 279
1901 3883
912 1201
3187 3256
2891 6331
2253 2863
385 1009
394 5906
365 5042
325 539
0 680
1116 1137
93 384
912 2100
271 5331
143 2286
271 2085
2654 4175
365 2392
813 4305
1137 5392
2654 4077
365 846
2474 2547
909 5995
145 523
143 1024
271 1151
868 1325
749 1502
890 4168
225 2988
271 6219
78 279
3517 3600
599 1011
868 1008
271 3452
2891 3617
94 2988
1137 1406
2891 5242
2891 6358
868 2554
591 893
4895 6082
1135 2468
0 1051
912 5764
365 5337
1804 5906
896 4135
564 2248
0 6995
3520 5237
2636 3726
1015 2065
3031 5282
271 2475
1130 2975
1872 2696
271 3657
271 5038
2104 2432
378 591
749 3333
1137 1635
107 5996
2114 5139
271 564
4013 4283
271 3085
1580 4641
749 1653
1900 3989
271 891
3764 3832
753 3210
271 2457
271 5632
1901 3793
381 2286
1137 2929
271 6477
1013 4346
651 4382
66 5906
610 1343
1861 2988
1756 2254
2891 6386
38 143
1006 1904
228 2516
1137 7336
271 2168
388 392
1137 2237
5190 7040
3333 4545
909 2239
1137 2318
0 890
236 1901
271 2334
224 1901
1872 2646
1547 7418
271 7207
1236 2085
271 1779
747 2224
564 1434
365 1113
143 821
1901 2988
271 3487
1024 6513
2286 2837
81 5815
288 744
279 426
72 2134
783 1118
678 2392
272 331
143 2836
40 7678
1137 1688
271 4305
279 436
0 6304
1901 4142
2286 6393
0 1560
833 868
912 3445
1901 2451
919 3154
2468 3836
4342 4344
1668 3187
1942 2678
1024 4046
378 1942
2071 3765
1137 2700
599 955
143 145
1137 5756
281 664
1228 2476
233 4319
728 7364
912 1253
0 943
272 4183
747 1051
271 275
331 1904
764 1618
70 747
912 7043
783 1241
271 384
1067 2429
1067 5390
608 6761
1268 1901
271 5374
2079 2224
783 6310
365 583
2263 2468
145 371
365 728
325 2382
2 143
868 1236
1137 6205
271 5094
267 398
93 912
1137 5106
119 912
1048 2748
1421 2468
993 5499
93 769
279 684
1137 3152
363 1235
400 523
1771 2478
410 2459
107 907
1160 1527
1622 3227
2474 3654
912 2891
365 2088
1019 2991
1108 5919
107 7133
783 5372
591 747
271 3464
1137 2873
1318 5330
1130 1137
912 2665
3187 3259
2043 2474
271 2962
1635 3210
0 2894
385 1008
2711 4040
762 764
1792 3051
271 1560
314 3437
271 2224
912 5703
238 5839
271 5330
365 7167
1406 6055
143 591
622 3973
107 2376
365 5333
272 6578
15 1050
2468 5747
2516 6296
271 3700
1137 5600
0 6444
1343 2838
365 6123
279 1828
2706 3926
1044 1942
2891 7170
2988 3692
834 1942
1160 2382
1872 2614
271 576
2963 6299
314 2441
271 6301
785 868
564 5485
1764 5341
271 1421
1693 3250
1872 3811
271 937
271 6218
1406 2891
868 2102
1458 1492
1553 3273
2088 7148
365 3652
1887 2618
0 5393
1438 1745
572 2029
6 1551
271 3564
92 4626
766 1635
857 1669
1343 2821
1035 1981
1539 2468
93 1872
143 2235
21 783
1212 7478
2150 5354
1527 2382
0 5392
143 2088
1137 6135
17 2193
1165 2891
1872 1942
1011 4408
365 6994
382 624
93 3727
236 2201
271 2474
365 1140
2125 2379
1670 3240
143 833
890 1904
726 1137
272 2068
271 4175
783 3463
372 1965
271 567
365 1464
1201 2474
572 810
365 2832
1352 3826
833 927
271 4461
564 793
1037 2022
1008 3707
0 7139
1352 2512
271 890
0 2395
1901 3792
1137 5719
88 2891
1464 7196
81 350
3837 4013
681 2468
3801 6623
912 5857
302 608
1108 2468
47 1591
365 2301
912 2286
1352 3557
1352 2777
366 1137
2380 6149
749 764
271 365
271 1778
3728 3859
120 714
27 5906
2468 2615
758 3218
12 81
365 1257
2737 3886
977 2031
1624 1630
279 421
378 608
568 912
783 2602
271 7039
40 7679
1718 3374
271 523
2891 6031
271 7148
2852 3178
238 325
695 1884
238 308
2263 5094
377 4259
685 779
143 6231
868 2254
0 2343
990 4116
271 2824
1059 2085
365 5280
608 1811
2392 6479
912 2235
271 5357
2614 3517
1921 1942
1121 2988
2914 5906
3517 6497
0 2608
564 1480
271 5486
77 4319
3131 5815
2903 5566
365 727
996 1043
1035 1893
107 2468
1137 3401
271 7384
365 1229
833 3063
1130 2919
680 2891
279 457
121 365
81 2299
2125 5186
59 912
138 257
0 290
271 1339
2125 2903
381 3517
355 1130
792 4549
764 3350
365 1553
1343 1901
2804 4129
228 238
21 5375
2888 3517
1478 2392
241 365
2474 3542
1562 5747
271 5755
2474 3449
279 430
1137 2872
3187 3258
376 2682
1008 2715
2474 3227
2891 6410
385 1015
1600 4590
325 2285
143 680
1693 2468
249 279
912 7039
271 1556
718 721
2678 4444
365 5643
257 523
271 2385
2468 3433
236 281
230 379
32 584
1051 6979
718 732
1624 1639
1614 3250
271 7484
143 1181
1011 3779
271 5061
5731 6008
2706 5123
572 912
2545 2845
610 2091
1352 1901
2044 4353
93 868
0 5078
764 767
107 2852
601 3889
180 920
2468 5168
365 3004
957 4266
81 87
0 5475
365 1815
680 1901
1137 2891
0 5394
2891 6267
783 5331
81 369
365 1357
1024 3797
1528 5543
107 7205
6141 6995
271 6013
1137 7217
271 3057
2088 5070
613 868
271 6114
0 519
271 2150
365 5480
93 6309
4040 6699
1137 2545
1872 2668
1901 2742
624 1008
0 1492
1406 2430
1091 2891
271 5542
7 1792
1137 2387
846 3693
559 2212
70 271
2125 2220
279 497
1235 4676
568 868
365 1318
410 5928
2891 7201
584 2086
279 614
551 718
32 143
107 564
1901 4168
2891 7439
833 926
81 145
564 5620
1137 2012
3714 4040
2249 5815
2699 4430
1006 2678
761 1117
1343 1693
271 6366
365 2043
103 2459
2891 5422
3728 4142
2828 2891
832 4181
2928 6271
1942 3891
365 2279
2510 5024
591 1137
138 1268
2683 4322
788 1370
1950 1984
356 868
279 469
365 2334
591 2125
2891 6240
271 7367
2700 2891
827 831
2022 6643
138 1544
272 6666
365 1401
356 4721
2433 2468
2891 5792
1011 2068
2392 3696
1067 3483
1871 1904
792 4586
2891 5151
988 6658
2891 6996
5020 6148
2891 6949
0 3660
66 365
267 526
2392 2476
2238 5971
912 1352
1571 3269
2436 2468
758 1656
333 611
783 5252
2891 6497
824 2991
1137 2254
93 2468
2707 5747
1008 2654
1137 6078
988 4259
1406 1430
2891 3127
0 1406
365 2272
4328 4461
1137 6976
747 785
1352 1981
271 1745
1035 1892
271 4979
1884 2706
743 4910
365 2596
279 456
143 1065
365 905
1137 6429
2928 5106
1672 3187
1580 2468
271 6994
2891 6367
135 5538
81 840
967 2618
271 7107
2742 2799
803 2618
2063 3973
0 6973
1901 4257
377 6546
565 808
1547 6240
912 1430
2891 7105
110 143
271 5754
1137 3474
625 1322
4244 4322
783 5002
1137 5871
138 1352
272 376
3187 3261
2085 3290
2742 3873
815 5499
523 680
1163 3252
0 6114
2110 3509
2395 5496
365 2244
356 1137
1942 1944
1108 2082
2678 6694
271 7310
718 733
1872 4395
575 808
4077 4175
1176 1177
833 7098
1335 7182
1782 6976
236 591
3517 5305
2891 6137
564 912
0 6395
0 271
365 1635
783 6942
1106 3675
271 3114
223 1137
987 3792
2468 3186
271 3163
3597 6040
107 1093
564 3010
912 1635
0 45
783 2089
910 2468
2125 5690
919 2478
1901 4519
783 5330
1137 3035
747 3219
523 2125
365 6412
35 5815
81 1351
2891 6488
272 1166
761 764
748 910
2668 4410
608 1901
107 5238
271 2145
801 2694
2991 6599
138 698
1062 7635
1011 4410
13 143
2759 3719
0 6028
2137 3177
1163 4582
1745 6217
2451 3527
365 1138
2293 3531
3944 5499
584 3524
29 1211
358 1565
358 5301
312 5530
271 7443
785 6190
2699 6609
523 1406
365 7324
1137 1777
747 1659
271 1229
116 3144
223 4305
271 678
3041 3453
281 502
257 365
279 948
2891 7112
1008 1048
271 1758
2068 2668
599 912
107 7394
868 2235
271 1797
2748 3792
1137 5815
3187 3189
271 312
2017 4289
0 3441
271 5238
54 5065
523 833
1067 6126
990 6600
2392 5102
365 2333
3496 3621
365 2478
356 4579
271 5007
2309 5352
1683 1685
143 1236
2545 2891
2891 5795
1352 1630
0 1201
1499 2426
1199 5401
2476 5997
2085 2380
1067 6460
523 3517
0 102
3714 4013
827 2476
2891 3613
600 974
273 1392
1782 7190
0 819
712 4927
1948 4219
400 5038
2891 4040
382 6761
1402 5020
2891 6496
271 2088
224 1215
2468 3074
1012 2647
3014 5906
271 2137
810 2029
1137 2398
0 7211
143 2451
271 2254
1547 7306
651 2660
747 1624
365 7081
1137 3593
3138 5778
344 1008
145 257
0 3408
356 3199
2272 7298
365 1227
712 5815
279 459
2225 2772
230 1973
138 271
107 2874
271 7005
1900 3755
58 5205
365 1656
271 670
224 6608
0 6974
271 783
3333 4612
365 2106
365 6149
0 241
145 1528
5065 6297
1151 2891
1464 5819
271 5866
107 6466
3187 3260
1137 1319
1008 2717
133 238
2699 6753
81 6934
138 564
143 261
2891 6412
5394 7385
277 868
271 2338
271 1147
912 2088
1137 7011
1704 3235
3513 5156
398 574
1921 4333
19 5816
230 377
2891 3457
68 1816
271 3697
1904 3753
271 1994
271 5063
912 1944
381 1553
54 6320
399 523
2891 7316
912 3474
2554 2706
749 751
5094 7188
1130 2333
314 7502
711 832
271 6231
0 46
517 519
4013 6874
747 5783
651 961
1035 1908
1591 4781
271 912
241 271
279 1137
2395 7415
138 601
1544 2891
1872 2225
1130 3527
747 1397
519 2891
608 2013
0 7187
0 1319
914 1927
2341 2614
0 5758
3811 4322
365 1137
1930 1941
0 1093
815 1871
0 1268
4389 6514
840 2260
2809 4461
764 3220
1243 5701
1137 6394
697 1166
572 967
1388 4040
868 1406
1893 1960
245 281
271 5045
1506 3170
516 526
912 1811
1553 3438
507 1872
1006 4095
356 1672
2104 3665
5065 6421
2478 3096
1252 1338
271 6202
271 726
238 3699
224 6552
676 1357
271 839
271 5644
365 3621
868 912
107 1358
1137 1165
3517 6949
2891 5553
3333 3339
25 5816
1942 4519
3187 3188
886 4382
339 625
66 6148
81 6383
271 2293
271 5350
26 271
72 3053
749 761
271 1791
762 5257
271 2443
303 718
1137 7044
271 3640
365 2477
365 5281
2180 6286
279 422
0 6423
572 1003
580 611
4086 4305
1153 2088
1352 3891
125 279
236 912
356 4802
358 5552
564 6395
107 3117
1137 1692
271 7081
271 1312
44 143
279 7636
0 5935
764 912
1048 2545
331 4319
2043 4466
912 1565
0 103
271 1478
271 3218
2468 3832
764 775
1881 3728
1212 2891
5094 5834
0 5421
1099 3235
271 6460
1901 2654
365 3593
1137 1193
271 2837
708 1004
747 910
1406 2478
680 1236
2272 2304
365 2125
912 2238
271 5205
2392 2969
1736 3187
2058 4046
897 2022
379 4389
365 579
381 2836
764 1901
145 375
1079 1137
271 7348
404 523
1035 2039
1352 1942
1006 1942
2286 3408
2891 7194
3506 4945
81 940
365 6036
66 5020
1872 4350
576 1768
365 3029
107 3494
143 1406
81 223
2891 7026
601 4444
700 3832
378 3802
382 1942
2468 3683
1764 5919
2063 3749
912 1319
143 241
2891 5608
2911 3118
783 2293
2614 2722
382 1904
3187 3263
747 1130
1137 1318
381 680
81 1792
1199 2425
912 1108
0 2882
1137 2280
2614 3565
314 3433
365 5394
1695 4660
271 1553
2474 2891
271 5342
376 3941
312 4544
1099 1706
120 5906
365 1267
1404 1635
783 3068
3753 4305
5741 6217
868 1268
103 2404
271 7481
1901 2067
365 1343
1406 2562
271 1259
762 1648
1010 4350
379 955
0 257
143 1325
1137 4348
516 2661
365 3001
344 1892
1130 7465
279 2202
2502 7165
1893 2793
1533 2392
224 572
1137 2888
138 868
599 2891
1243 5491
783 5096
584 6223
2891 6349
564 4956
365 5332
1893 3948
1137 6123
1904 2007
1652 3357
2085 3001
1062 7633
2096 5731
107 2293
2298 6076
365 523
365 2359
143 988
1553 5042
120 912
81 2152
1035 4096
608 677
1137 6393
93 5028
279 498
797 1137
764 3076
56 1211
833 1137
45 81
1528 2304
272 3915
354 4382
271 672
890 4149
1901 1918
1901 2474
367 2988
3792 5168
783 7243
1745 2891
2088 2517
747 758
1081 1274
236 1137
1927 2641
608 2067
747 788
2891 4940
2557 5552
1602 1692
783 2386
271 314
1177 1591
821 840
564 747
3792 3793
4545 4708
0 6060
1942 2007
912 1541
811 2706
680 912
2891 5703
912 5168
0 79
3509 5283
365 785
81 566
988 4014
1963 4046
3502 5731
2867 2891
241 936
1462 7362
2088 2933
611 679
1137 1683
673 5932
0 25
1137 3128
764 913
912 3029
281 2197
271 6286
2516 5274
224 629
271 6463
365 6320
868 3693
107 7156
0 2474
30 358
1137 1192
271 1792
365 1108
48 912
0 7439
2828 3065
0 2919
1335 2894
1544 2333
2384 2891
584 5901
2085 3333
4040 6679
120 1137
486 636
925 2474
138 2988
1110 2441
271 2248
912 2254
410 3692
905 5678
143 2306
271 2425
2678 4506
1024 2891
271 1746
2286 2891
5714 6464
577 2828
365 868
807 4382
279 453
868 1335
608 988
678 1764
1057 1177
277 7030
690 718
1352 1777
381 1901
1984 2468
783 7433
912 3682
2468 3613
1872 3723
1901 2007
868 2286
365 3675
2891 7281
138 833
659 2125
1148 2085
272 2731
271 3479
1877 4348
747 988
0 785
0 2085
3187 3262
507 881
0 4904
2474 3001
365 5393
783 5932
271 5337
564 2145
1090 3009
1137 5305
0 1147
1551 3053
1081 5714
143 5274
783 5635
1348 2823
1135 1901
112 2269
912 1904
608 777
271 1093
325 5059
1137 1738
79 271
143 2891
271 591
271 764
2205 2988
868 2988
2085 2306
1137 3409
81 1070
2891 3130
2891 3670
271 914
1006 2761
608 2056
1942 2722
2063 3768
1523 2510
747 3220
138 1012
2477 5299
519 5142
572 1881
564 5038
382 1901
1335 2960
365 5331
766 3218
0 539
2085 3404
2863 6421
271 5151
138 697
81 5045
277 2474
113 279
143 2468
591 1038
5815 5906
1352 2722
777 2019
271 2304
1035 1872
1972 2019
2706 3074
271 7294
1006 1901
5065 5171
365 1024
868 3517
1006 2012
68 2085
564 1186
271 7452
241 6032
783 3621
2618 2803
1235 4680
271 1113
1137 1782
1591 3196
568 725
1161 1251
2891 5239
81 5274
1033 4322
1137 3453
271 833
271 2589
405 523
59 564
2286 7088
868 914
1343 1774
1335 5237
2891 6171
272 975
641 4382
833 2107
271 2976
1137 5812
84 1607
887 1984
235 565
1008 1011
143 156
0 5263
365 2151
306 5443
0 3002
313 5530
271 5393
749 759
71 271
680 2614
2125 5606
2395 5699
1008 6651
1031 1901
3509 5282
279 416
608 834
2478 5053
271 1213
399 6117
2451 2474
2891 5139
271 4428
711 885
2104 6150
93 2838
764 769
2137 2242
1358 2347
0 3648
4040 6605
372 2545
1137 3040
618 620
3973 4352
1130 1815
242 328
912 1130
0 596
2828 3066
783 5685
764 1640
365 5063
271 5899
509 1199
271 2138
912 2224
747 1343
1885 4395
868 1901
2453 2468
271 2424
365 2413
231 2988
1035 1944
365 5855
365 1079
752 1659
279 452
749 910
1274 5386
271 1169
1358 2891
271 4013
523 1544
81 6080
2056 2707
272 572
1585 1698
1235 1901
2104 3595
5392 6961
271 667
365 1693
271 2596
81 110
5332 7229
914 4295
859 2532
2392 2444
1040 4462
2891 6226
1113 1137
912 1192
116 1130
385 808
1217 1235
0 5161
377 6513
1035 3719
914 1981
507 880
271 381
783 5641
1243 1961
1137 2286
4040 4249
365 1782
271 2238
365 5392
604 1172
1108 2376
1529 7402
271 5336
143 523
0 2577
365 2385
949 1137
1437 1901
2359 6099
271 4898
0 5811
564 3700
365 1051
3870 4030
1942 2474
16 81
271 7483
868 2665
3811 4406
572 3728
1137 1656
868 1492
622 4082
1667 1727
2088 2269
107 591
912 6253
281 286
271 6179
365 1776
238 262
1192 3143
34 81
0 5496
564 5257
271 2729
271 919
1062 1063
912 5996
1635 1901
138 2224
365 5330
100 822
107 2286
654 3986
1137 5242
143 568
143 2516
3252 4583
14 271
238 3433
365 1134
0 1112
868 1051
271 3617
365 2502
2056 5747
271 3670
279 415
138 1553
1438 1486
1921 4430
1901 3891
271 7455
145 607
271 1067
2891 5819
332 1035
0 4969
2304 6304
271 1112
279 637
581 1108
2891 7031
608 3389
293 4382
1965 2070
271 674
271 1406
654 4466
281 506
844 1591
20 81
260 1600
2891 5460
2468 3670
271 5641
3715 4014
271 5935
868 2437
0 2286
105 747
1008 1012
2891 5036
1008 2615
0 2828
365 2150
651 671
365 7283
3845 4099
0 3003
271 5347
1562 1942
1782 3549
1942 5094
271 5392
1137 6952
271 6933
783 6392
143 1115
3521 3597
365 5882
331 5274
385 2054
365 2474
365 1251
365 783
2468 4461
1192 2408
1551 5906
236 636
1571 2468
2891 7283
93 2385
5731 6071
271 1212
5394 6249
890 3916
271 529
365 1430
2510 3569
624 2007
272 608
143 1383
401 1241
1024 3926
155 409
1872 2005
583 1130
278 1984
0 3649
3 5815
401 523
539 1137
730 944
1137 1343
271 2951
912 2451
639 810
868 1544
764 1641
868 1695
271 2213
0 7215
3621 3660
608 1944
365 2267
597 2384
365 576
271 2427
1323 2474
1351 1792
271 5492
1798 2988
1894 4305
365 7434
1177 1534
868 1235
365 2446
564 5980
1031 1872
1568 2408
279 455
1492 5207
890 4442
75 5815
747 1944
271 1168
539 3001
572 2100
271 7118
1325 2891
1104 1105
271 1462
2363 3521
2425 5401
0 70
1901 4252
381 2125
1901 2005
912 1419
3517 5460
1942 2692
0 868
2307 2468
1116 1541
1051 3632
990 4346
279 1359
1274 1464
2194 2988
271 6036
507 883
143 257
0 2885
382 3845
271 5125
365 2094
365 5391
4040 4329
314 3559
1044 4311
365 2384
236 279
912 5063
783 3065
5497 6423
2776 4153
2088 5948
2145 3187
271 6924
1130 2151
783 1469
1008 1811
244 365
572 611
1547 3453
568 747
2891 6931
648 718
749 4621
611 4129
2468 7095
236 2891
271 3396
107 7102
271 3573
138 1010
81 5496
1421 3687
680 1137
1137 1479
3792 4350
1395 2107
409 1070
1177 1569
385 981
912 7106
130 358
66 564
2516 3645
93 365
1130 1312
61 271
365 1133
611 2669
381 1406
365 5798
407 709
1235 4829
1653 1718
145 606
1791 5391
2891 5818
2891 7359
365 1312
1137 5043
0 3130
271 572
2891 7348
387 990
833 912
281 505
271 6150
378 1035
277 1901
1690 3375
1137 1959
2891 6975
271 6436
271 1008
365 3617
2891 6173
1160 2876
833 2105
3768 3973
365 5156
895 2991
912 1024
1008 1013
3300 4545
618 808
833 5347
2903 3568
378 6561
314 6312
1130 6382
2890 2891
5107 5906
2468 6477
365 7316
271 7215
2474 6217
564 675
1035 2692
0 3576
279 418
70 365
1901 4979
145 570
3187 4759
1357 2965
0 3479
154 2516
1235 4710
143 1088
81 2081
813 1904
40 7691
145 868
271 7157
271 5944
912 1553
271 1474
957 4332
350 2928
1090 1115
2891 3600
1901 1921
747 868
912 1343
325 5682
0 5584
564 2891
30 357
378 1904
1137 5829
382 6659
912 1245
697 1901
228 309
308 365
1335 2891
1137 2240
271 5152
890 2793
293 2748
1137 2385
271 5201
785 2024
783 5845
584 1170
745 6008
271 2426
1199 6935
1777 2474
302 2468
912 5084
1137 3596
143 785
783 6476
2784 4416
271 3608
365 2445
1553 7207
1526 3593
1160 2172
244 2392
383 2510
1051 6099
1137 6423
143 2928
572 1437
912 6147
275 625
896 3723
271 5018
3593 5049
1370 4722
10 81
564 591
0 246
1782 2829
0 3630
1348 3607
365 1981
2891 5612
2114 2837
271 2933
272 377
912 1081
608 1768
1008 2706
591 785
2098 2114
138 1108
2358 2891
957 2545
80 2891
143 2125
2719 3771
366 3989
1137 1421
365 2238
1137 2510
271 5338
608 1044
783 2891
1137 5391
644 718
868 1264
564 1225
1067 7378
4086 4322
365 2562
1137 6306
143 1464
385 1904
271 584
1602 1698
271 3120
2474 4895
889 2891
1081 1137
655 2891
4305 6528
1100 2497
138 145
271 6339
957 4116
365 3644
0 833
783 5336
33 143
1137 1397
1900 4319
56 2988
2988 3421
1901 2085
1130 1901
1421 6287
833 5303
747 1529
1137 2336
1104 5065
912 3421
0 5747
2474 6226
271 1766
365 519
365 5652
5065 5543
271 1815
2125 5456
1137 6252
271 3664
271 7449
107 6306
107 271
271 1114
156 4382
378 4207
271 7011
223 4319
655 1137
552 718
302 4319
2239 2242
377 6514
281 504
68 912
1108 3558
66 7054
3687 5670
271 5643
912 1492
868 925
1001 1984
0 5621
2033 3721
1011 2715
2145 2962
1881 1901
0 2531
0 988
833 2104
1881 2019
271 6408
271 2115
1904 2039
1947 4301
143 2437
365 2293
641 4319
1553 7091
572 3720
745 912
271 5394
2125 7038
747 1650
365 747
777 1901
868 1081
365 2472
1335 2395
1469 1553
271 1944
0 3577
1553 2254
279 445
564 1153
1130 2341
2742 4509
2618 2706
2172 2468
2891 7362
750 910
3185 3290
271 779
271 7156
138 3792
1704 2891
399 511
0 1553
3871 3949
760 3220
1419 2417
1872 2007
365 6171
591 617
0 2478
0 5585
81 3290
2545 4965
2468 3203
1637 1641
242 327
988 4500
523 564
271 6066
507 873
0 599
3529 5543
1008 2758
912 5829
2623 4292
316 2516
572 3918
2891 3116
2891 3154
0 1397
518 523
993 1872
271 5313
365 574
317 827
115 2928
783 6366
271 2538
314 2118
608 4442
271 6676
2093 2380
81 2914
271 3720
1335 5583
279 449
271 1133
225 279
835 1610
912 3613
1901 2235
981 2468
272 575
143 1492
2891 6051
1137 1804
1130 3703
727 5094
833 2468
271 2593
81 99
365 2105
1137 3386
271 6382
365 6399
2891 7110
259 834
572 2699
747 835
1901 3728
331 344
385 700
81 269
271 5872
1022 2022
564 5078
2809 4040
2145 2891
564 1904
1137 1450
1130 3565
5 302
2350 3144
2286 5547
1357 5123
1695 4659
1192 1419
4582 4586
271 1564
622 4352
564 1541
1137 2514
564 1460
271 7270
74 116
81 2988
331 623
271 2510
1469 2863
1782 6329
641 982
1137 6215
75 610
2147 2891
271 4956
890 1893
2554 2891
5025 5065
1335 5587
0 3152
365 2706
1885 2618
2082 3452
271 1270
372 615
749 750
271 1383
1035 4519
2709 4311
326 5684
0 36
1800 2437
1130 5201
1160 1387
868 2333
1137 1396
895 4509
271 2888
1160 3145
832 2022
271 6122
3034 3167
0 2851
238 2295
365 5472
2377 3565
777 1942
783 5791
2891 5745
1087 1662
116 1549
2324 7106
356 2468
10 5906
271 2493
568 2891
379 2799
981 2002
143 7469
365 1165
272 3746
890 1768
1130 5742
1160 2436
272 3889
138 382
1137 6181
377 6784
314 7178
271 687
365 1600
271 1403
271 3095
376 955
1872 1885
1901 4305
912 3218
747 749
1218 3014
1388 4283
783 891
116 564
1008 4322
1137 5818
271 6438
5094 5137
365 920
1923 1942
1137 1159
834 909
833 2111
912 2474
1137 2266
709 833
143 379
271 2114
1137 6026
1137 2219
636 854
3845 4096
572 3866
278 304
859 3559
83 2988
749 755
271 2449
1035 1904
2448 5078
529 2468
267 271
373 2988
271 7375
550 718
0 3578
988 4011
279 444
2392 5230
271 6989
2254 2836
2161 2404
1137 1541
107 5209
2903 7229
120 143
1008 1998
572 2067
1024 1942
868 5705
764 3339
747 2836
1764 5635
2891 6988
2707 4533
792 1693
365 6170
1137 2392
0 236
1157 1172
93 3575
143 155
1274 3573
257 3692
385 599
0 5586
271 2835
783 5857
271 5900
868 2468
507 872
2614 3004
381 783
868 1547
2088 5006
912 2341
601 2680
912 7165
156 868
2706 4186
331 2043
7061 7110
912 7216
365 2264
314 6461
271 2372
365 2409
271 5489
107 138
988 1885
1382 1729
302 1901
227 565
1008 2066
390 548
69 107
645 718
1137 1616
38 1093
1006 1035
1891 3779
1901 5094
912 6390
1008 1947
747 1777
331 910
641 4061
2891 6973
3509 7393
365 1544
2468 2706
271 1459
761 4612
730 2085
1004 1904
785 912
572 2692
0 5391
2891 7159
1901 3727
2891 5480
912 6133
2063 3792
272 1035
259 611
2474 3313
100 143
868 5168
2665 2891
0 3646
2903 6284
365 5354
0 564
608 1881
0 675
107 2084
81 6185
1695 4658
1108 2235
378 4501
271 2392
1137 3677
271 5461
351 611
138 1942
783 3066
1352 1727
5731 5906
2891 5779
1335 5586
2035 7635
139 145
868 2891
1108 5798
133 3001
912 1740
1607 3310
523 1335
1506 2436
313 2382
0 2377
581 1373
1008 1352
2392 2557
107 7422
359 1137
688 7074
86 936
3029 5392
1160 3119
846 918
1161 2938
271 3574
1352 4575
271 2891
2085 3093
651 4319
356 2145
912 2526
1370 2474
379 1901
1327 5020
365 5471
366 1961
1096 2510
271 5259
365 7341
988 1942
1799 2468
1137 5464
1921 3946
365 1130
365 5795
2614 3855
1804 3588
1137 4950
579 1137
2891 7243
1024 1901
1764 5563
783 904
1137 6476
4191 4501
400 574
572 2056
783 7342
385 1987
271 6147
365 1744
868 2125
1051 2891
909 3177
747 748
1264 1490
1159 3041
271 6433
1081 1901
2654 6609
1335 3577
2891 5393
135 2510
68 81
372 893
314 3174
833 2110
2474 3273
5460 7668
825 2155
138 1130
912 2377
787 5543
2891 3074
143 747
379 4382
785 5005
1137 2363
1352 2755
107 5480
365 2180
813 4382
747 1652
868 1108
271 2448
1745 4945
2 81
279 447
365 924
1585 3203
81 953
785 2875
271 6331
2891 5928
0 5112
271 6977
5080 5731
1319 5547
257 2891
0 26
271 7158
572 695
2468 3728
868 2145
24 116
1335 3647
808 3720
238 5536
651 782
657 1137
7061 7169
912 925
5699 5906
1130 1921
277 1489
379 3811
0 2254
1800 5918
507 875
912 1135
749 1663
272 4305
138 747
3792 4168
2319 5660
2392 3404
365 2263
289 1051
1352 2815
5394 7454
271 7180
1137 5472
2474 5459
356 912
271 7357
53 912
1137 5617
754 910
1051 2374
1901 2088
584 1361
272 275
271 1135
1011 3742
0 1600
271 6267
1024 7090
1915 4305
1406 5165
0 2333
271 3436
912 2886
4166 4252
783 5313
134 279
365 2828
5065 5906
1137 1358
2665 3565
676 5094
2891 6327
589 2216
859 3170
990 4376
143 269
272 1322
1942 4305
2891 7210
2573 5393
572 3948
365 2090
365 7011
377 1901
1872 2682
365 7156
564 4539
365 2380
2238 7170
1782 4984
141 143
1137 7156
0 1137
271 5573
980 3918
1693 4677
271 5071
271 1091
138 344
1035 2991
145 912
625 1904
402 3073
81 786
1901 4186
365 3206
2022 4073
2891 7306
2891 5342
100 360
2891 6935
377 6581
5024 5608
271 5680
0 3597
1137 1177
747 3210
0 1011
365 5180
271 5959
179 279
1008 2737
2341 2891
365 1539
3517 6252
365 5470
988 1137
2054 2699
107 1137
0 1343
1881 2991
365 7128
1130 1324
1942 1981
2455 2891
743 5003
2668 6563
868 1024
2891 2929
2384 2389
912 5210
783 3506
2104 2444
271 1078
93 271
4401 6730
909 912
279 632
2468 2891
563 565
271 568
1901 2696
2891 7336
895 1901
396 523
0 1544
81 143
365 2966
1137 2563
0 2
2845 2891
365 3613
2891 5592
81 331
230 1024
138 2254
572 1915
833 2109
783 5550
365 5152
868 1553
1942 4142
4040 4167
4377 4446
1635 1642
914 1872
271 2301
2731 6585
365 599
271 5407
2510 2959
311 314
2911 5428
114 808
5065 7020
572 2037
610 2249
810 4515
2891 5756
279 329
1335 6924
279 446
139 331
761 3334
272 2012
279 559
568 778
1137 6511
271 1211
910 4319
272 3871
1499 2421
138 272
1942 2225
0 6157
2891 6362
365 1425
1137 1893
2457 2891
3832 4128
575 1984
1335 3646
600 808
591 618
1137 3564
272 914
93 2610
1492 6261
912 1346
2891 6205
271 2845
764 1664
990 4242
912 1233
0 955
1137 2155
913 2145
1211 1456
507 874
331 2516
271 2099
1137 2244
783 5792
1872 2816
271 1541
3095 6184
445 2988
74 5815
1137 3584
271 5600
718 719
912 4975
564 1792
365 1218
365 1006
1067 2882
279 450
1352 4040
1600 4604
834 1926
103 271
2476 3559
572 886
905 1137
1031 4014
352 1792
5045 6153
271 1469
792 1612
2359 2392
4040 6680
1777 2614
2891 5395
681 1698
223 303
81 3131
647 718
138 1406
271 5986
1335 2874
1137 1455
1441 4706
381 785
783 5655
272 4414
783 5764
1406 1464
271 5297
271 1561
1872 2683
143 595
1108 1901
2891 3512
1624 4598
72 912
749 756
365 833
3517 5756
978 5499
378 572
236 562
365 1335
2891 5986
0 362
2000 4519
0 5025
783 1464
271 596
2043 3994
1650 3218
271 709
564 5489
271 1425
1492 1901
912 2836
2891 3663
325 1053
146 2988
365 3640
2891 5439
1137 2880
1008 4168
1901 3953
271 3568
231 1137
165 279
1092 1438
271 6412
104 1667
271 4917
2084 3593
271 6135
365 2172
584 6141
2891 3096
1008 6648
914 1901
3720 3765
5391 7231
747 1533
2891 3398
745 841
271 1811
279 292
365 5793
135 1344
2891 5664
365 5938
807 4319
3802 4305
1764 2474
1343 1405
1390 2563
358 400
497 636
48 66
271 680
564 5542
912 6223
271 6157
5391 7095
564 5461
4461 6875
1872 3771
54 5906
271 846
1901 1944
271 6435
783 5259
912 1383
271 2872
407 523
833 2108
523 524
66 81
3187 3199
0 591
271 3038
71 81
1137 2216
1348 2419
747 1352
680 747
868 1904
81 1122
2837 2891
2286 5329
271 2413
365 5731
40 7680
271 7210
0 6233
365 2323
365 1100
344 4422
365 2468
1067 6109
20 584
365 777
390 718
107 2602
783 1197
2476 3437
890 4416
1553 2891
1602 2145
46 271
769 3334
1130 2089
1335 5253
271 6979
1201 2498
650 692
2091 5816
564 850
378 4077
1008 1872
2321 7430
1099 3196
271 6241
914 4171
1051 5042
81 5529
697 1942
365 3584
2891 5575
2903 4904
271 2844
2468 3926
747 1325
1035 3728
1335 3025
271 6078
507 877
271 358
277 1137
271 5167
4401 4402
100 564
553 718
365 7037
302 1942
1137 2341
314 1160
365 5703
107 2395
1239 2828
584 1254
747 1618
813 4319
1472 2237
3420 5336
936 5506
382 6562
518 5728
279 477
5731 5960
0 7296
608 869
868 1343
1035 4305
3273 3330
93 788
271 7079
365 3020
271 7124
365 1541
238 365
0 1777
271 785
143 1782
1872 2811
0 5896
2891 7162
990 1322
271 3438
1811 1972
1137 1267
93 1981
572 2678
568 1901
272 1038
107 7001
1585 2468
2891 6313
271 3041
1541 2298
1693 4739
564 2468
143 271
889 1893
272 2647
2104 5783
84 356
751 910
1264 1670
1553 2374
1942 3792
3041 5188
3010 6029
1792 2891
2468 2717
779 1130
271 7266
1352 2668
271 2506
1070 1318
1872 2474
764 3210
2407 3693
1726 3187
783 4377
3290 4648
551 734
365 1479
1130 2145
785 6029
116 143
271 599
680 2240
2114 5923
0 393
868 2132
1872 3792
909 3138
1024 1215
271 6233
768 910
2392 5733
1160 2600
271 5795
907 4986
85 365
783 5460
1981 6666
1135 2474
271 5953
138 591
69 825
1137 1529
783 5573
1406 6217
1693 4711
1051 2043
7633 7651
608 2007
46 2891
522 523
1137 2332
271 6975
2474 2836
365 5758
271 5381
378 4532
777 1908
379 4181
2468 2737
271 3630
910 1663
1051 2451
783 868
1031 1942
1692 1694
101 2891
2137 3634
1235 2468
143 1130
608 2673
1872 3855
138 378
2320 5507
718 1981
0 5006
1187 5906
232 271
107 1165
81 5266
271 728
1901 4301
224 6546
30 81
0 4
365 3466
46 1099
764 868
271 6434
138 1081
1335 3578
747 783
272 967
2891 5547
0 5241
138 912
138 1335
912 2478
1137 5949
1591 1687
912 3004
2891 3079
546 5906
271 2303
2784 3792
271 5352
1421 5429
271 2412
365 2177
40 7681
747 1641
257 591
1051 3665
365 2322
1137 5497
365 1099
2928 4970
261 912
1067 1460
272 1871
3517 6051
279 440
1100 3059
2005 3756
84 1370
271 6978
3929 6514
787 1115
238 4910
271 2577
955 2646
1986 4469
5118 5608
574 2891
3509 5791
271 1480
1411 2323
2891 7121
372 702
1872 1923
917 5049
1811 1942
1137 1191
6252 6489
912 1235
993 1048
143 3693
228 307
1704 2474
868 1591
271 5166
2778 3769
762 3218
60 1211
572 3915
747 1335
238 2957
747 1621
145 365
271 2545
781 1900
143 5815
271 2043
1177 1392
583 4917
365 6137
5342 5928
143 1085
2377 2451
0 2143
0 5063
3845 6659
30 143
379 571
912 1764
354 4319
3517 5515
752 910
0 93
93 3494
1008 4319
1901 1998
68 868
365 6394
272 865
1777 1901
271 6426
2392 2452
272 1008
107 7115
1110 5710
912 5783
1499 3498
4040 4146
1137 1453
271 325
271 5122
365 5027
694 4319
271 825
271 5299
914 1942
909 2297
893 1942
868 1944
885 2022
124 2988
120 121
868 1135
14 5906
1137 3618
144 2395
599 1406
1348 2824
143 3004
2699 6561
1130 7402
1130 6022
272 385
2668 2678
564 868
271 7098
1352 3780
271 598
143 1335
1635 3220
331 4096
968 1933
5205 5906
285 423
0 57
2145 3186
912 2838
271 6345
365 6366
625 4422
357 358
143 223
271 2468
917 6974
912 1051
3241 4721
1872 1918
2085 3573
0 2872
271 2202
1602 3312
365 5612
2991 4064
591 1158
747 2100
377 2742
326 3645
3613 3614
378 892
0 1104
279 294
2891 3494
3854 4207
365 1271
2125 2254
271 5055
2889 3517
365 1160
1746 2891
2809 4331
868 2692
295 562
2891 5888
2392 3681
2218 5572
1343 4142
0 1547
365 2963
1137 3227
1004 1942
564 3131
365 3576
2614 2665
1901 1942
1137 5697
3483 3565
2468 4013
2024 6750
783 5434
1137 3059
271 5759
2145 2821
523 526
783 2468
896 1352
1987 2776
365 5439
572 1998
60 279
93 6157
40 7682
747 1640
97 143
271 2460
365 2321
2474 5499
241 3496
271 3597
3210 3211
1901 2991
623 1035
81 2936
279 443
1335 2246
686 3499
70 356
399 694
761 3339
1436 2891
2700 4466
1499 2422
356 1728
279 420
2114 5190
365 1422
1872 3707
1695 4601
1222 1693
912 1544
378 2545
1229 2068
81 394
107 3682
2891 3593
107 1430
69 1401
0 2468
1268 2085
0 783
2468 4657
572 4322
1137 1335
87 5906
1003 5741
272 4166
228 316
271 6072
1008 2012
507 879
271 5161
912 2437
2125 3117
365 5411
1011 4433
377 6656
1901 2784
1961 6811
365 568
81 6626
2150 5913
271 5613
718 722
2468 5710
271 3681
1024 1035
279 479
3187 4728
36 2988
1872 4186
1893 2624
784 2510
2890 3517
238 6461
565 1043
762 1635
314 2436
0 6299
1901 4099
1008 1918
271 1470
2412 2482
93 5071
564 598
1764 6067
5906 7074
1004 1901
1137 6055
92 1635
1274 2891
2828 5110
394 2928
572 1871
1541 2903
271 5999
832 4219
1184 2260
1106 2510
5281 5327
138 568
2150 5369
747 1268
1352 3026
143 2085
1380 1792
783 2573
271 2177
1132 2928
590 1192
271 2358
300 718
271 5411
1921 2468
1219 3509
19 610
279 285
1137 3617
2891 3517
271 1961
1764 2082
107 5714
2220 5134
868 1358
1235 4790
0 3158
365 2700
271 6932
564 3330
0 365
605 4469
2891 6132
1782 5547
49 2468
93 743
40 2337
271 4382
238 271
271 6235
5391 7117
107 868
271 887
54 365
517 523
868 2085
271 2563
761 1107
1051 2835
912 1406
783 2150
1767 2117
912 985
1901 4095
131 2395
2891 5392
40 5815
3009 5543
55 2988
508 2988
1693 4709
143 365
271 2164
912 5635
912 2402
1635 1650
271 3596
93 6184
1011 3953
365 5762
3517 5819
868 1981
271 5556
365 7481
271 7232
58 2891
365 1270
1130 2846
272 1893
2468 4466
868 2614
1137 2125
676 3521
1172 2510
1011 6694
365 2928
2377 2474
2022 4156
868 2836
1137 4100
2891 6032
1212 3634
64 576
564 889
1110 4908
107 546
271 1526
1745 2880
3517 7112
666 1782
138 783
747 769
518 2742
1191 5391
85 271
3258 3259
1108 1405
1008 4437
271 3035
17 257
2005 3727
516 521
271 5189
1998 6608
2809 3812
365 2286
271 5354
138 572
1472 2085
40 7683
783 6339
365 2320
2379 5507
271 7332
93 2438
764 1137
273 1652
77 1938
279 442
783 890
1006 1137
257 2988
3509 7014
376 804
551 736
143 1529
2891 7496
76 2988
2891 6076
271 1445
2678 2719
143 3130
1663 3333
1051 5643
271 6291
1901 4416
0 2358
1137 2748
158 279
912 1335
0 145
564 5194
912 914
400 1130
1346 1759
1137 2974
358 3573
1061 1108
138 2286
1900 4382
3437 5839
909 2545
2104 3330
271 2220
138 1035
4242 4433
868 1815
608 1024
1904 4060
729 1984
0 1130
365 712
271 2547
575 981
718 723
271 3680
120 868
564 5925
747 2474
143 1087
271 1130
1438 3506
365 2872
1080 1137
138 304
895 1872
3973 6623
93 642
2468 5123
1137 1797
564 5529
2678 2811
2512 5429
362 564
81 100
914 4266
271 6391
12 5906
1223 3185
271 6500
728 5504
271 5881
1901 3866
1051 1901
609 808
1923 2717
355 1008
271 5998
1259 3686
564 4940
271 3042
376 1872
269 2085
272 4402
271 988
868 3144
0 697
271 2176
365 2085
271 6511
117 281
1547 5617
5816 5906
2891 6215
2286 5260
564 1459
107 108
398 523
385 3832
793 1343
241 868
365 5817
271 3652
2392 7030
271 5029
783 1137
143 2665
1942 2067
2444 2891
272 372
2437 2614
2510 3092
2123 5260
0 4918
572 790
2891 6135
0 5029
271 7044
2891 5188
365 1766
1130 2318
651 1020
81 5205
572 1038
2145 2589
385 608
912 6072
1024 6658
1137 2884
1872 2545
2085 2665
272 990
3282 4519
2085 2891
41 5045
1177 1575
238 827
1008 2742
73 2891
26 747
1618 3218
0 2874
331 341
2891 3309
365 6978
382 608
325 2516
365 7335
2012 2624
271 1774
3517 5818
143 5496
314 2169
2123 5194
0 1904
1137 3886
271 1186
272 2052
271 519
1600 1696
0 6357
3986 4377
2085 2394
331 5906
0 104
868 2123
912 1469
1137 4598
2324 5860
93 1137
572 1921
2891 4984
747 913
1095 2863
572 1904
1137 2114
1147 2089
2474 3138
1011 6578
1693 4680
153 2988
271 2123
608 6750
70 783
622 808
1343 3565
0 2596
1137 5357
0 5719
1901 2699
747 1642
787 2823
365 2319
271 7335
524 789
365 5741
859 5894
496 636
81 546
279 437
271 7493
2476 3433
418 2988
1137 6498
93 279
3509 7013
783 1359
271 539
3753 4416
271 1335
576 1544
2085 2430
859 2295
0 116
4976 5065
1051 1137
271 6290
26 1135
0 2988
271 6403
2478 5222
2387 2392
271 3463
372 808
764 1693
47 1013
271 2526
912 5341
81 1184
1438 2122
271 2223
988 6622
365 7033
0 2961
277 564
599 1137
1137 2474
1544 2294
1133 2309
747 1622
271 3466
271 2546
84 913
1901 2816
2478 2614
365 1213
1896 3707
5731 5964
365 1358
143 1086
1893 2638
271 6962
34 271
81 808
365 2871
1901 2372
1607 3186
7 81
271 7120
868 3004
271 1464
1335 1548
0 80
823 832
81 610
271 6390
291 1984
107 6284
575 1904
2618 3941
669 1591
1901 3720
81 261
1764 4519
753 1663
485 636
3273 4569
1008 2699
2094 5543
1900 2790
0 523
608 1872
143 1050
2828 5320
1782 3441
365 5381
100 635
271 5308
365 7217
5713 5816
747 2125
2891 3409
394 1137
143 606
387 392
1137 3670
2646 4252
68 143
116 2107
868 1130
271 4919
890 1901
271 7436
1130 2891
1564 2891
2392 5165
1137 5005
271 6934
2827 2846
955 1901
356 1690
365 2988
81 2306
392 551
2474 5808
747 761
0 60
1325 2614
1782 5370
1259 1779
1901 3948
1406 2138
1388 4461
81 1981
385 2675
5393 7161
756 910
84 1591
331 2306
1246 2384
1013 3994
998 2618
110 1782
868 1738
223 1981
988 1035
365 5464
1904 1988
271 712
1942 2974
1040 2796
156 2085
271 1656
271 6171
271 2324
1137 2529
988 1901
271 2437
1745 3151
15 2828
2344 5731
1210 1422
276 2392
236 365
271 1822
1130 5812
365 1268
331 2988
0 1218
764 1502
377 2054
101 411
281 1864
1137 1553
1764 2342
912 6197
1233 3003
1669 3330
5065 6407
912 6212
783 6979
24 5815
0 105
4469 6784
1187 2304
2007 2114
912 2933
1335 3649
912 2692
271 2823
1803 2392
271 5936
747 912
2759 4416
1901 3186
2341 5916
808 2468
955 956
2125 6274
107 7455
122 228
52 783
753 910
4506 6797
365 2284
419 2988
1137 2364
356 2545
147 610
103 2161
40 7685
1137 6949
0 2772
1944 4305
365 5871
107 2307
1011 4101
3217 3350
365 2463
402 2475
271 4975
599 3998
868 1201
0 4305
365 5905
1235 4739
365 917
271 5042
233 271
399 544
3509 7012
3333 5274
0 5119
912 1901
2057 2618
335 611
271 7167
2683 3793
271 3187
3779 3889
1901 2433
271 824
271 1492
271 3296
1223 4661
909 1394
2891 7125
2516 5295
272 2748
1044 2377
2341 6366
4344 4348
2100 2699
19 143
1900 2691
2891 6417
1137 6109
988 4380
271 5162
271 2222
1108 1137
859 3389
0 1358
365 5553
0 1533
572 3749
271 5497
2392 5081
0 5303
2891 3474
156 4319
1252 3593
2675 5747
1352 4046
81 795
608 890
143 1081
928 1137
1562 2056
758 3211
87 2085
1901 4207
2389 5608
17 2988
2341 6044
2386 2433
1904 4396
0 1782
673 909
912 3282
36 1798
0 2324
1 2125
2891 5385
271 5706
1312 2891
257 2212
5333 5548
783 5018
582 3300
1745 2216
0 1006
271 5992
365 4989
2919 5546
4 957
1179 3095
2102 2104
0 5332
1901 3130
2508 2891
1110 3683
378 2742
379 4319
1208 2474
985 3703
859 5682
271 2464
93 143
2758 2795
2891 5690
1624 1656
70 272
681 2145
271 3309
107 3154
3290 4661
271 847
1130 2468
271 1390
625 1035
572 630
0 61
2562 2891
271 3401
1137 2938
397 523
81 352
271 5855
912 988
252 271
1137 1379
271 2899
1137 5819
5039 5391
1210 2891
216 279
507 808
1006 2070
271 5218
3792 3811
624 914
4289 5741
3574 5391
365 7121
598 5906
747 1553
74 145
0 1108
81 5816
564 5992
1137 6170
240 2988
0 4342
138 1541
0 6426
578 2891
272 2039
671 2622
834 2682
783 912
143 1137
793 912
67 5375
787 1090
785 1137
365 1591
590 912
2891 5218
279 855
1901 1904
3904 3948
859 2330
271 6328
2891 6952
24 143
747 3130
271 5661
1335 3648
81 1551
1100 2414
0 5583
0 2123
1235 3250
271 2084
107 2246
271 6097
365 2138
0 5899
314 5003
747 1358
783 6190
298 392
988 4191
1011 3918
365 2428
3926 4392
651 1045
40 7686
271 7216
228 6364
5375 5572
1137 3613
1652 3220
37 271
271 3593
911 1137
1961 6638
1100 2969
104 3187
672 2341
1137 4040
365 1529
1137 6496
3565 5391
1872 4064
143 5906
990 1927
868 2827
18 3469
572 591
529 4163
271 6255
107 912
271 4544
999 3993
1887 4350
271 5434
1438 3074
766 1630
379 6562
1904 4301
1108 1325
257 1137
138 1492
68 3093
365 1547
1942 4301
912 2334
93 572
912 7158
365 5407
271 5210
2894 6347
1422 5904
0 1359
0 6022
1818 1822
365 564
305 2085
2063 2468
92 759
996 1037
365 2545
143 2614
363 3301
2468 2629
608 2100
783 2699
279 2215
2135 2137
12 584
1893 2636
1901 2225
2891 6092
271 4241
1893 4350
2104 2176
107 606
564 5621
1137 2478
365 3014
2384 5024
385 2731
402 523
271 3158
988 1915
957 6600
271 6211
281 559
138 224
36 7211
633 1137
783 1739
572 2717
1223 3186
271 6497
325 2600
138 962
365 6423
915 2891
271 3621
138 4319
564 7097
5906 6404
3235 4725
2017 2725
375 1798
312 1160
271 7394
1051 3695
2811 4305
697 2755
0 2717
745 5731
970 5499
0 6463
261 868
325 365
271 1099
59 81
0 3114
271 1272
365 2841
2474 4979
1035 4416
365 3454
572 4305
2468 3792
11 257
2510 5891
2085 2437
572 1033
365 1797
868 2224
0 2545
272 2678
1901 3946
1137 1169
1010 1889
2468 4725
84 1585
2891 5055
386 718
572 3993
0 5920
143 2474
1137 1425
988 6528
0 1335
1872 2654
277 6082
365 764
1679 1693
385 3801
271 3636
271 1254
46 2088
610 2299
807 2615
66 3421
365 1155
314 2295
1179 2085
1693 2891
2104 2307
1235 2474
1067 1388
868 1533
1149 1192
1081 1464
906 5906
1051 2084
365 3069
93 1339
272 625
743 2169
0 107
5762 6011
1024 4086
2451 7378
271 855
1008 1033
145 2891
87 143
271 3500
2891 4989
312 2382
1235 3253
3973 4382
271 2998
912 2468
1100 2125
1163 3301
2809 3982
2894 5033
271 5265
138 764
107 7441
2392 6470
142 143
143 754
2152 5816
0 7375
365 591
40 7687
143 912
2678 4408
2565 2891
365 1093
1382 1698
77 1085
356 3188
271 5022
1653 1694
135 3550
365 915
5131 5906
143 1108
271 1155
365 3108
758 6500
3041 5811
383 1172
224 2659
272 4006
365 3398
680 5265
11 2988
572 575
271 939
143 1544
385 572
72 3120
126 1211
238 3389
2891 6197
564 5061
1223 4726
0 2088
764 1688
377 624
66 6133
868 2478
271 2954
365 5372
5906 6271
1995 2991
1137 7407
385 1016
991 2737
365 2109
523 783
1343 5313
1137 1259
365 2254
993 1901
1137 2526
2400 5543
2516 5437
1698 3218
868 1137
1745 2122
2476 2902
1108 1591
363 3300
69 81
271 7477
261 783
279 474
271 1142
761 1662
1370 3324
277 5566
1782 5440
271 7133
1110 4968
40 1137
143 1358
1397 2067
0 6927
2137 2239
278 1038
271 3447
107 7210
1137 5998
365 5344
1137 2063
314 5562
510 2891
583 2238
731 2891
785 5263
912 2186
1352 3521
4168 4533
2088 3409
2876 5530
2872 5438
0 1499
859 5684
890 1942
271 5471
365 680
1553 1901
408 523
1641 4620
271 5025
912 2343
271 7433
2007 2694
4322 6651
271 5078
491 636
66 6253
936 5906
271 6931
5084 5938
356 1669
2384 5118
271 7040
1901 2341
1553 3330
1553 2614
4305 6703
1901 4322
572 624
1600 4723
81 5375
747 762
2618 6730
365 3487
293 4319
223 5906
93 3845
917 5002
890 1137
564 5134
0 2145
272 2694
271 3576
629 4353
906 2125
3374 6226
572 1896
2081 5906
1872 2067
271 3010
909 2468
279 1495
1040 4341
1921 6688
2085 3453
912 2407
138 680
523 2474
1140 3041
93 6179
680 1466
271 2321
262 1160
365 7119
1472 2125
2392 5092
271 6260
271 2438
1137 4940
2107 2885
857 3241
1099 2891
271 1081
365 942
0 34
271 7031
40 7671
5352 5758
365 3068
314 5997
378 3904
2387 5690
641 1985
0 27
1892 4305
0 138
1160 3174
1051 4416
271 6488
0 2125
1901 4062
271 2993
758 1635
912 1149
271 2086
1137 2263
1693 4676
909 2137
1108 2343
271 2244
564 7026
135 1129
0 7360
143 610
271 2421
40 7688
1038 1872
1133 2478
1407 1568
700 2022
143 1201
77 1933
279 433
523 1343
561 1984
365 1382
0 2121
331 3290
68 331
697 1137
271 1154
93 2260
1544 3509
792 4708
365 3040
412 1984
143 1397
1113 2891
271 6249
145 1137
81 115
344 3719
312 313
143 1547
2303 4918
1008 3866
143 236
2022 2468
409 1318
4096 4099
565 963
783 2321
108 2517
747 1137
1035 3720
629 3873
132 145
591 783
912 2433
81 1188
1099 2474
365 2108
1137 6051
564 2286
608 1942
72 6104
271 2264
365 5550
4417 5741
271 5333
783 6333
3728 4469
1344 5608
912 2125
2137 2891
868 1138
271 5611
143 868
0 1054
272 1811
2468 5748
405 509
1137 3720
271 7033
0 1165
365 2577
93 5239
1942 2056
279 2209
783 933
2395 6326
271 1137
608 1004
356 4759
833 2106
271 4343
271 5903
1211 1869
1008 1908
957 4242
314 316
609 2468
93 2891
372 618
912 1529
1100 1130
1988 2013
2404 5906
957 4212
5391 6293
2891 6211
777 2474
591 710
783 2244
1441 2468
0 912
1268 2341
2093 2392
0 3632
1051 5063
365 5020
821 912
3237 4539
0 3010
1130 5063
0 1325
2212 2988
77 4382
378 1008
350 5906
1008 2891
271 5470
271 2514
1235 2226
572 2474
1137 5515
1067 2614
2474 5102
40 7684
26 381
769 1652
356 1670
1745 2748
2516 6045
783 6067
1872 1901
