7716 1734
572 1035
572 810
0 2547
0 2872
365 5798
1352 3826
271 7401
271 2863
783 2264
365 1464
271 6201
2991 4064
314 3145
1137 5393
1037 2022
2891 5818
224 1872
2891 7359
0 7139
2891 6381
377 2742
365 7125
564 2891
271 572
0 747
608 1904
2694 2776
365 5460
1464 7196
2125 2254
833 912
81 350
365 572
2889 3517
378 1035
365 1160
271 2320
271 6471
2891 6975
2891 5888
302 608
271 6436
271 1008
365 3617
1343 4142
2891 6173
0 1547
912 2286
564 3131
107 365
1352 2777
2104 7442
1137 5084
365 5156
379 1137
1008 1013
271 1193
1901 1942
27 5906
1013 2043
1137 5697
314 6312
1130 6382
12 81
378 608
2891 7552
2145 2821
271 6277
1008 1035
271 5662
1137 5816
271 523
271 2706
2891 6031
271 5775
271 7148
868 2341
279 418
271 5948
93 6157
271 7538
365 2321
2474 5499
868 1024
107 7443
2891 5745
1901 2991
81 2936
912 1553
143 2437
1942 3728
2700 4466
350 2928
143 914
529 2468
2891 3600
1901 1921
2114 5190
747 868
912 1343
365 1422
608 1811
4200 4295
1872 3707
2614 3517
378 1904
1921 1942
1121 2988
271 7488
3517 6497
72 143
868 1782
3131 5815
1160 2476
912 3517
1012 2647
890 2793
0 2468
272 275
271 5201
271 7384
0 783
833 3063
783 5845
2468 4657
271 5899
120 2125
1137 1335
572 2821
1406 1772
271 6072
302 2468
912 5084
1137 3596
2784 4416
381 3517
1553 7207
0 5550
1877 4343
365 1553
365 3720
1160 2172
783 2320
53 271
271 5055
1160 6312
2888 3517
143 2451
143 2254
143 2928
271 6423
912 6147
272 1352
2468 5710
365 2107
1024 1035
118 120
912 1024
271 5332
36 2988
1872 4186
564 591
2891 6410
1035 2821
6201 6937
365 1981
2437 2891
1008 1918
859 2891
271 868
834 1901
93 271
1008 2706
271 6969
2358 2891
1051 6979
331 1035
25 868
271 7484
271 747
143 1352
365 2238
271 5061
271 5338
1137 6313
572 912
5281 5327
783 2891
2150 5369
747 1268
93 868
1881 1942
1137 5391
601 3889
785 6977
271 2358
365 2562
957 4266
1921 2468
1137 6306
1797 5242
584 5756
0 5475
143 1464
912 5662
385 1904
1137 2891
0 5394
2891 3517
2891 6267
783 5331
608 890
1872 1904
81 5065
143 564
365 3398
271 6013
356 857
365 2700
271 6339
0 365
271 2150
3596 5540
2891 6132
1782 5547
564 3652
0 833
93 743
629 1915
271 4382
33 143
271 7435
271 2889
2891 2988
1872 2668
1901 2742
5391 7117
107 868
868 2085
1051 2835
7 1792
912 1406
143 1343
846 3693
2891 5242
591 1981
912 985
6170 7310
0 5747
2481 2891
1981 6666
2474 6226
410 5928
833 2105
143 365
783 5305
6417 7006
271 6470
107 564
1137 6252
2891 7439
271 3664
271 7449
107 6306
271 2911
107 271
3517 5819
868 1981
271 7011
271 6366
271 7232
365 2043
107 833
2891 5422
365 1270
2891 4944
272 377
1130 1137
271 5279
271 7526
868 2614
2828 2891
271 2323
0 1553
271 313
93 382
1379 2891
365 2928
2377 2474
271 5643
1160 2120
591 1137
783 7342
1110 4908
747 1698
273 747
2145 2962
138 1268
2683 4322
0 988
833 2104
356 868
777 1343
591 2125
912 6186
3517 7112
138 783
1270 7250
271 7367
2700 2891
518 2742
2392 7232
2022 6643
1553 7091
272 6666
81 331
1901 4292
572 3720
2891 5792
271 5394
2125 7038
240 2988
365 747
17 257
868 1081
1335 2395
365 2286
2891 5151
138 572
2172 2468
2891 6949
783 6339
783 5664
365 2320
1904 1942
783 2150
2392 2476
271 7332
271 3596
365 5762
271 7156
912 1352
2891 7456
608 3792
2088 2298
271 5363
1553 4305
257 2988
138 1904
1872 2007
365 6171
2891 6497
1137 2254
2468 6477
271 7341
2707 5747
1137 7498
0 2478
2891 6076
2891 7496
1008 2654
0 1406
272 1811
365 6937
365 912
271 6477
523 564
1051 5643
271 6066
271 6291
0 599
271 1745
2022 3827
0 2358
896 1352
1137 2748
2623 4292
271 988
572 3918
912 914
518 523
138 2286
2891 7112
271 1758
365 7011
271 2538
912 3509
2104 3330
271 6994
0 3041
138 1035
1877 4342
271 7107
2742 2799
271 3720
15 81
1343 2891
608 1024
1137 5959
1904 4060
1547 6240
1051 1137
0 1130
271 2547
271 5754
1137 3474
93 6471
271 2835
2891 6051
271 3466
120 868
2286 2444
1130 3703
358 7409
1137 5871
747 2474
365 1343
2304 6386
271 1130
271 6382
365 7061
2891 7110
365 2872
1901 3728
143 2468
1137 1797
1013 3994
2110 3509
356 1137
365 1352
2145 2891
564 1904
1872 3889
271 6391
1108 2082
1130 3565
572 777
2307 2891
271 7081
271 6500
271 7310
1872 4395
385 1942
2005 2696
271 1564
6310 7384
1137 2514
236 591
564 4940
271 3042
138 236
271 7270
81 2988
3517 5305
2891 6137
271 3440
564 912
0 271
1137 6215
783 6942
783 5333
271 2176
365 2085
271 6511
271 4956
890 1893
1048 1901
1110 3683
358 2281
5816 5906
3241 4636
365 2706
2286 2382
385 3832
2125 5690
783 7243
783 5330
271 3652
783 1137
365 6412
764 2468
326 5684
0 7493
2444 2891
0 36
2437 2614
1800 2437
2085 2437
1130 5201
608 1901
107 5238
5581 6171
2891 6135
2991 6599
2891 5188
13 143
2759 3719
271 7434
271 2888
314 2382
5394 7385
271 6122
833 2106
385 608
912 6072
29 1211
2377 3565
271 7394
272 990
777 1942
271 7443
3753 6599
523 1406
2085 2891
1137 3617
356 2468
271 7552
73 2891
26 747
271 7157
379 2799
1008 1012
271 7050
890 1872
365 6978
382 608
257 365
365 4956
365 7335
271 7561
3517 5818
783 6366
272 3889
138 382
599 912
107 7394
3517 4940
1872 3994
93 143
271 3095
271 7521
143 523
0 1904
271 2322
1137 5815
271 5391
271 312
1008 4322
271 6438
2891 3179
1137 6173
566 6927
143 1553
523 833
3621 7496
331 5906
7033 7465
833 2111
1893 2623
912 2474
81 5815
5305 6489
572 834
143 379
914 6800
365 2478
564 833
572 1921
0 2121
116 868
271 6166
747 913
572 1904
2891 5795
1137 2114
271 7033
608 1881
2891 6349
271 7375
0 102
0 939
1343 3565
1382 2872
271 7335
1024 1942
2443 2891
93 6291
0 819
1035 4060
859 5894
271 5021
1137 2125
271 7493
2891 6988
2104 2307
2707 4533
365 6170
1137 2392
2891 6496
1872 4396
2793 4761
271 6458
3753 4416
385 599
0 27
2392 7254
271 5018
365 5899
747 1024
0 116
271 1054
868 2468
1904 3753
2891 7105
271 6290
365 7081
868 1547
26 1135
912 2341
271 6403
344 1008
145 257
2706 4186
2891 7488
0 3408
331 2043
7061 7110
271 7386
743 5710
365 2264
1942 2991
1901 3707
365 2409
107 138
1764 2474
988 1885
331 344
2891 5475
138 271
271 6408
990 6800
1008 2066
271 365
365 7033
271 1450
271 783
2647 2777
868 2474
819 5065
599 1137
1137 2474
365 2106
912 6390
271 833
1553 7022
912 3186
1151 2891
365 2105
1464 5819
271 5866
365 5547
523 912
1137 1319
564 5925
138 564
271 6962
34 271
2891 6412
81 808
2891 5393
0 5391
2891 5925
271 7296
2891 6458
1607 3186
7 81
271 5352
271 7120
272 1035
271 1464
2696 4416
1137 7011
271 6390
1352 1872
3513 5156
0 564
6423 7452
1921 4333
19 5816
271 3697
107 3466
3241 3330
833 2468
271 2614
271 2392
2468 2706
2891 7159
0 523
608 1872
2891 5391
138 1942
912 3474
2102 3509
783 5332
314 1110
808 4319
5713 5816
1108 5798
833 2112
2891 5779
747 2125
2891 3409
0 46
1035 3753
1137 3670
93 7299
1035 1908
271 912
868 2891
868 1130
1942 4322
5394 6249
365 7210
271 7436
2395 7415
1130 2891
1564 2891
572 4322
2382 2468
138 601
313 2382
271 2478
365 5333
271 7497
271 5935
271 3574
29 1121
0 7187
84 1607
914 1927
271 2891
2341 2614
0 5758
356 2145
143 1051
2891 7210
2238 7170
564 6122
81 5906
2614 2722
0 1268
1130 5499
868 1406
271 5045
365 7341
272 808
988 1942
1893 4416
1921 3946
912 1811
365 1130
365 1792
868 1738
988 1035
0 4175
365 5795
2478 3096
572 2037
116 2107
2457 2891
2891 7243
271 2324
238 2468
224 6552
271 7560
2891 6971
859 6312
271 2437
365 5643
271 5644
1210 1422
236 365
257 912
365 3621
868 912
365 1268
331 2988
2891 5553
271 6147
25 5816
912 6423
868 2125
1051 2891
1137 1553
271 1782
23 81
271 6433
143 808
914 4266
912 6212
783 6979
365 1406
2474 3273
26 271
5460 7668
2007 2114
2392 7460
271 2443
365 3466
138 1130
912 2377
1051 5042
143 747
2891 7476
379 4382
271 5936
0 6423
747 912
271 7542
2759 4416
1901 2043
3946 4305
236 912
143 2286
868 1108
1745 4945
107 7455
365 890
365 3600
378 1901
2 81
2891 5540
138 785
1137 2364
331 4319
2043 4466
1942 4168
46 2891
1137 6949
1881 3728
271 2457
2891 5928
365 5871
271 6977
1319 5547
365 2463
271 7158
1137 1193
2468 3728
0 4305
21 5375
783 3506
1942 2043
4168 4416
808 3720
1811 1942
912 1901
0 2307
2272 2304
271 3607
1137 5575
7061 7169
271 7167
3513 3596
1130 1921
572 3948
271 824
572 1008
0 2254
1137 6423
1800 5918
271 6301
912 1135
2891 7125
365 2891
138 747
0 6170
3792 4168
271 1343
271 6989
2341 6366
4168 4533
2286 3408
912 1981
1352 2815
2891 7194
365 6036
271 7180
2891 6417
365 7121
1137 6109
1137 2872
356 912
271 7357
143 1406
365 2988
365 5553
2891 7026
868 1904
1011 3742
382 1942
0 2891
271 6138
2468 3683
2891 3474
912 1319
0 1051
271 1544
382 1904
271 6267
747 1130
365 1357
608 834
1915 4305
2125 2474
2891 5392
523 1137
143 5816
271 7299
145 747
2392 7556
365 5394
17 2988
5333 7565
1904 4396
0 1782
2474 2891
400 5374
271 5342
2891 6327
2891 7169
1893 2678
312 4544
990 4376
120 5906
0 2324
1942 4305
271 1110
824 2991
868 1268
783 5018
271 7128
271 7481
2891 6367
271 6217
365 7156
1051 1193
2102 2104
0 5332
141 143
1137 7156
0 1137
107 5242
271 5573
358 912
0 257
2891 6215
988 2891
365 1137
378 2742
379 4319
1130 7465
985 3703
271 7607
138 344
2114 6381
1406 5779
1035 2991
271 1797
1137 2888
138 868
599 2891
5855 5902
1918 4322
1901 4186
2891 5690
3707 4305
2991 3719
2022 4073
2891 5342
272 914
564 4956
365 5332
271 5680
1893 3948
1137 6961
271 7399
868 3509
271 5036
1782 6968
0 1011
625 1035
2298 6076
365 5180
271 5959
143 1050
365 523
275 625
2341 2891
2562 2891
143 988
3517 6252
397 523
1553 5042
988 1137
120 912
271 5855
912 988
1137 1379
0 1343
1881 2991
271 2899
1137 5819
859 3683
365 7128
833 1137
1210 2891
1942 1981
808 2468
365 2828
0 5935
1942 2742
138 2125
0 2150
271 5042
2104 2444
572 1893
143 1901
957 1981
1352 1942
3574 5391
3506 4945
1904 2742
236 1137
1927 2641
46 271
572 2759
2468 2891
747 1553
2891 7336
2891 2934
81 5816
747 788
523 1335
1137 6170
0 1544
2891 4940
81 143
0 4342
0 6426
143 912
2098 2114
578 2891
2891 3445
523 2125
783 912
0 2
271 314
143 1137
2891 4593
1901 1904
2891 5592
271 7419
1137 5547
564 747
572 1915
833 2109
783 5550
783 2321
1942 2007
2264 7038
2891 6952
868 1553
2891 5949
271 5661
365 1108
81 1551
564 6252
138 1137
271 7139
238 326
81 566
2867 2891
365 599
2891 5352
2891 6488
114 808
5065 7020
271 6097
2891 6240
912 1904
0 143
2891 5756
0 25
0 5899
1335 6924
271 5944
1011 3918
1942 4142
271 273
271 1211
138 272
0 6157
868 3693
143 331
107 7156
0 2474
1137 1893
271 1792
2678 3889
365 5242
2891 6385
271 2145
238 2120
0 7439
1137 6496
3565 5391
1872 4064
143 5906
271 7342
143 783
1035 2033
120 1137
1035 2742
2891 6205
572 591
912 2254
271 6255
107 912
1893 2641
271 4544
271 6945
1024 2891
584 3524
2286 2891
0 6171
365 868
783 5792
271 4988
271 7460
833 834
2043 4376
257 1137
868 1335
143 3517
93 7332
608 988
678 1764
2891 4657
2364 2891
608 1942
271 5758
271 5600
93 572
912 7158
2409 5662
3466 7006
271 5916
783 7433
365 564
591 783
138 523
2476 3559
868 2286
1051 3632
2891 7281
138 833
572 2056
769 788
1137 7538
143 2614
747 988
0 2085
238 1137
783 6328
833 2891
2891 5395
912 2125
2474 3001
365 5393
365 7560
385 2731
402 523
143 2988
138 1406
271 5112
271 5337
271 6211
564 2145
2742 3873
1137 5305
138 224
313 314
783 5655
1872 1942
272 4414
834 1035
1872 2722
271 6497
271 5297
365 6423
896 1872
608 777
325 5059
271 3621
1137 1738
143 2891
0 3632
2891 3512
271 7091
72 912
365 833
3517 5756
564 7097
5393 7294
378 572
868 2988
1137 3409
365 1335
365 5338
2891 3670
608 2056
272 4396
1942 2722
783 1464
138 1012
271 709
572 1881
325 365
2264 7107
365 5331
1352 2033
365 7498
271 7281
0 539
1008 4168
271 5151
1035 4416
365 3454
0 4322
5815 5906
1352 2722
143 1268
271 2304
2468 3792
271 5084
11 257
271 7556
1035 1872
271 6412
271 6135
271 7294
572 808
1160 3145
365 2172
572 4416
2891 3096
1901 3946
365 1024
868 3517
1008 3707
1893 2891
271 7452
1137 5818
783 3621
2891 3398
2463 2891
868 2088
2891 5055
138 143
1137 1782
1764 2082
271 1811
1942 4416
143 2474
0 2988
2891 5664
1137 6511
1137 7247
271 2907
1872 2654
2888 2891
2891 6973
358 400
378 6552
2286 7088
1901 2683
2891 6171
271 2286
302 1942
271 6157
5391 7095
833 2107
272 1921
1872 3771
1541 7229
271 6435
1081 1464
15 1050
272 625
271 2872
0 107
833 2108
5762 6011
271 6331
0 26
0 591
365 5084
271 7037
271 7250
2104 7088
747 1352
728 7364
312 2382
0 98
6 72
912 2468
2005 4322
271 7210
365 2323
271 5733
138 764
365 1100
107 7441
701 3720
365 2468
1067 6109
107 1335
142 143
20 584
365 777
2451 2474
2891 5139
1782 6137
107 1137
0 7375
271 7545
890 4416
365 591
764 769
523 2286
271 272
271 6979
397 410
1382 1698
810 4515
1008 1872
3409 3517
271 5022
138 629
81 5375
365 584
912 1130
564 1792
2891 5575
1137 2387
747 1343
1885 4395
868 1901
11 2988
1035 3728
271 939
271 358
385 572
271 5167
1352 3769
331 2468
365 7037
564 5061
0 2088
912 2988
1137 2341
1054 2082
314 1160
107 143
1137 7407
868 988
2056 2707
272 572
365 2109
523 783
5392 6961
0 7296
2891 6331
868 1343
5332 7229
3273 3330
868 1137
385 1009
914 4295
365 5042
2392 2444
2891 6226
1872 2474
271 7124
271 7477
365 1541
238 365
385 808
271 5331
2341 5916
1035 3719
143 1782
271 2085
2654 4175
365 2392
271 6975
2891 7162
271 381
783 5641
1137 5392
1137 2286
912 1137
0 890
365 846
2474 2547
365 5392
271 7133
1782 7240
0 6927
2891 6313
143 1024
271 1151
271 3041
2891 6506
143 271
325 539
365 1051
890 4168
272 2647
365 2088
1942 2474
271 7483
3811 4406
783 7526
3041 5188
1137 6937
1792 2891
3517 3600
1352 2668
1035 1981
783 4988
271 2468
2891 3617
731 2891
1872 1918
1137 1406
2891 6358
2088 3409
34 81
859 5684
365 5337
890 1942
271 599
271 7433
2007 2694
868 1135
2392 5733
365 5330
271 6931
271 6350
271 5795
271 7040
1553 3330
15 2828
1137 5242
12 584
378 591
914 1981
783 5460
271 5953
14 271
783 5573
271 564
1051 2043
868 1051
271 3617
890 1137
608 2007
0 2145
272 2694
271 3670
138 1553
2022 4156
3374 6226
271 7455
271 1067
1137 5460
2891 5819
365 5758
777 1908
3764 3832
101 564
1921 6688
523 2474
0 5112
1013 4346
271 1406
783 868
2891 6386
20 81
271 2321
276 6423
101 2891
365 7119
143 1130
2891 5460
2468 3670
271 5641
271 7022
271 7247
1137 7336
5190 7040
1137 4940
271 2281
857 3241
1872 3946
868 2437
0 2286
271 7207
0 4
2891 5036
764 868
271 7031
3792 4200
365 2150
5352 5758
365 7283
747 783
2891 5547
138 912
2387 5690
912 2478
271 5392
276 5392
1137 6952
1137 5949
365 5882
0 138
365 2474
271 4305
1051 4416
2891 3079
271 6488
302 4319
107 6466
365 783
0 2125
833 868
2784 3792
912 3445
1901 2451
1901 4062
2891 7283
365 3563
236 2891
93 1137
1024 4046
378 1942
257 591
365 2322
1137 2700
271 529
1137 5756
272 608
3517 6051
564 7026
271 6171
747 1051
271 275
2005 3756
365 5281
271 6978
3 5815
1901 2654
365 5902
523 1343
271 5374
1137 1343
365 1382
783 6310
418 2988
912 2451
2891 7121
365 728
1544 3509
325 2382
365 7481
2 143
1137 6205
271 6249
271 6328
93 912
271 2427
6252 6489
119 912
344 3719
1048 2748
271 5492
2891 7415
365 7434
2778 3769
143 236
2022 2468
400 523
2891 7492
747 1335
564 5980
365 2125
747 1137
1035 3720
629 3873
2120 5894
912 2891
143 5815
539 3001
107 7133
591 747
365 2108
1137 6051
271 2474
272 1893
564 2286
365 1547
271 2043
1130 2341
271 2264
0 2991
365 5550
365 6137
271 5333
5342 5928
2891 7031
2043 2474
783 6333
271 2962
2104 2176
1137 2478
3517 5460
0 868
143 868
0 1054
625 1904
2307 2468
1137 3720
990 4346
912 1764
3517 5515
271 5330
365 7167
0 93
143 591
271 1137
1008 4319
271 6036
1179 2085
271 5125
271 6426
272 1008
2468 5747
1137 5600
365 5391
1035 1893
1110 5710
314 3559
2891 7170
783 5600
93 2891
834 1942
236 279
271 325
1160 2382
1872 2614
271 7092
2891 6211
777 2474
785 868
365 1782
914 1942
1872 3811
271 6218
1406 6097
0 912
868 2102
2088 5948
1268 2341
271 6924
2088 7148
365 3652
14 5906
0 5393
572 2029
1008 1811
6 1551
271 3564
599 1406
1343 2821
378 1008
868 1008
0 34
93 1872
1008 2891
21 783
2088 2443
2468 7095
0 5392
271 2514
1137 6135
564 868
1352 3780
107 7102
599 7420
572 2474
1137 5515
138 1010
365 6994
2891 6350
0 57
1067 2614
2145 3186
3728 4469
271 6345
365 6366
271 4343
1745 2748
912 7106
143 833
890 1904
1872 1901
271 7441
130 358
912 1051
93 365
271 4175
