7716 3132
372 1965
271 567
572 1035
611 2669
572 810
0 2547
0 2872
365 5798
271 6471
271 7401
271 2863
81 357
783 2264
365 1464
271 6201
145 606
314 3145
1137 5393
1037 2022
1008 3707
224 1872
747 2100
2891 7359
566 2891
0 7139
0 988
377 2742
365 7125
271 890
0 2395
326 3645
3613 3614
985 3832
378 892
564 2891
271 572
908 5906
0 747
608 1904
2694 2776
365 5460
1137 2235
2303 6055
3854 4207
365 1271
1464 7196
2125 2254
369 1137
833 912
81 350
365 572
2889 3517
271 6150
378 1035
365 1160
143 2341
271 2320
1352 3826
1670 3187
138 680
356 868
2891 6975
169 279
2891 5888
302 608
2392 3681
288 611
271 1008
365 3617
2218 5572
365 5550
1343 4142
3520 7181
2891 6173
0 1547
365 2963
912 2286
0 46
564 3131
107 365
1352 2777
1137 1138
366 1137
0 5496
2104 7442
1137 5084
365 5464
365 5156
84 1370
2100 2474
749 764
107 833
1008 1013
143 1138
271 1193
564 793
66 5020
1901 1942
0 2145
385 2731
27 5906
1013 2043
1137 5697
314 6312
758 3218
12 81
487 636
365 1257
257 2197
378 608
271 3158
2891 7552
2145 2821
783 2468
271 6277
1008 1035
271 2455
271 5662
1137 5816
271 523
3187 4579
271 2706
2891 6031
365 587
271 5775
271 7148
747 775
868 2341
60 279
279 418
271 5948
1130 6382
271 7538
143 1235
54 2336
154 2516
749 750
271 277
81 2081
813 1904
271 2460
365 2321
1270 7250
2474 5499
358 912
868 1024
107 7443
145 868
2891 5745
3210 3211
1335 2874
1901 2991
5020 6148
81 2936
143 2440
3187 3263
686 3499
2392 7232
577 2828
271 2420
0 27
1942 3728
2700 4466
93 3575
350 2928
143 914
365 5280
2891 3600
1901 1921
2114 5190
5107 5906
912 1343
2776 3774
365 1422
608 1811
4200 4295
1872 3707
0 5584
30 357
378 1904
5394 7385
3233 3329
1921 1942
1121 2988
2914 5906
912 1544
271 7488
783 1359
3517 6497
228 309
77 4319
277 5528
868 1782
308 365
3131 5815
2903 5566
996 1043
1160 2476
81 394
1335 2891
2891 3593
912 3517
271 5078
890 2793
755 771
0 2468
107 2468
293 2748
30 5906
2891 7026
271 5201
271 7384
0 783
833 3063
2891 5660
783 5845
2468 4657
1137 6051
572 4322
120 2125
412 1984
81 2299
87 5906
572 2821
1406 1772
409 523
271 6072
2392 5733
912 5084
59 912
138 257
912 1325
0 290
143 785
2784 4416
1553 7207
0 5550
355 1130
1877 4343
68 81
764 3350
365 1553
365 3720
1160 2172
783 2320
936 5906
53 271
244 2392
228 238
271 5055
1160 6312
2888 3517
143 2451
241 365
143 2254
143 2928
576 1544
271 6423
912 6147
272 1352
2468 5710
271 3681
1024 1035
143 5224
252 1211
185 279
107 5552
2468 3683
10 81
271 5332
3187 3258
36 2988
1872 4186
81 108
2891 7439
564 591
565 1043
0 246
2891 6410
1782 2829
385 1015
1600 4590
1035 2821
762 1635
6201 6937
1319 5547
365 1981
271 5795
1693 2468
1690 3375
0 6299
1901 4099
1008 1918
0 1051
2412 2482
834 1901
912 1081
93 271
1137 2872
1008 2706
591 785
560 1009
564 598
271 6969
236 281
650 718
385 1894
138 1108
2358 2891
32 584
2828 5110
718 732
80 2891
143 2125
331 1035
25 868
394 2928
271 7399
1186 2891
912 1185
813 4382
164 279
143 1181
143 1352
366 3989
365 2238
271 5061
1137 2510
271 5338
271 365
1137 6313
572 912
610 2091
5281 5327
783 2891
445 2988
747 1268
271 905
93 868
143 2085
1881 1942
1380 1792
0 5078
764 767
601 3889
180 920
572 2007
785 6977
868 1264
271 6436
81 953
271 2358
365 2562
957 4266
1921 2468
1137 6306
143 2516
19 610
0 3632
1797 5242
584 5756
523 591
1406 2412
143 1464
2400 2420
912 5662
385 1904
1137 2891
0 5394
2891 3517
271 584
2891 6267
271 1961
783 5331
271 3120
81 369
608 890
2891 7488
1872 1904
1081 1137
1528 5543
143 564
271 1635
3187 3188
655 2891
271 6013
356 857
1235 4790
2384 3675
271 3057
0 3158
613 868
138 145
271 6339
0 365
955 3792
1659 4616
271 2150
3596 5540
2891 6132
1782 5547
564 3652
49 2468
628 1872
0 833
93 743
783 5336
629 1915
271 4382
2891 6949
33 143
271 7435
1234 1693
238 271
271 2889
2988 3421
2891 2988
1872 2668
1901 2742
5391 7117
107 868
608 794
54 365
271 1108
761 1107
1051 2835
5906 6404
271 5542
2104 5545
1137 3227
7 1792
365 2264
912 1406
143 1343
846 3693
2891 5242
591 1981
912 985
1901 4095
131 2395
271 3436
6170 7310
40 5815
1104 5065
1942 2991
0 5747
2481 2891
747 764
2474 6226
365 1318
271 7332
87 2085
55 2988
372 591
508 2988
5065 5543
551 718
143 365
32 143
783 5305
6417 7006
783 2218
1137 3409
271 6470
107 564
1137 6252
868 2306
1137 5678
81 145
145 747
1137 2012
271 7449
107 6306
271 2911
1268 2341
2249 5815
138 628
107 271
1406 2891
1006 2678
378 4207
1343 1693
365 7481
86 241
271 7232
365 2043
379 1137
58 2891
2891 5422
5045 5906
223 4319
1078 2238
365 1270
552 718
272 377
1130 1137
1635 3210
564 1186
271 5279
68 912
1695 4660
271 7526
1234 1235
868 2614
2828 2891
271 2323
1172 2510
0 1553
272 1322
2928 6271
143 953
93 382
1379 2891
1137 5460
2377 2474
271 5643
608 3792
365 777
107 7471
1904 4396
1050 2828
591 1137
868 925
564 889
271 914
0 1782
1110 4908
107 546
273 747
365 795
2145 2962
145 591
138 1268
2683 4322
2891 6381
833 2104
1950 1984
785 2891
72 148
844 1591
271 1192
777 1343
591 2125
912 6186
3517 7112
666 1782
5906 7074
1101 2427
138 783
747 769
271 7367
2700 2891
518 2742
143 2437
641 4319
2022 6643
138 1544
1553 7091
272 6666
365 1401
1901 4292
238 306
572 3720
2891 5792
372 572
271 5394
2125 7038
747 1650
240 2988
365 747
745 5731
3069 3509
271 7364
2005 3727
868 1081
1335 2395
1137 2364
730 940
747 774
365 2286
2891 5151
138 572
1472 2085
2618 2706
1137 2700
2172 2468
1243 2235
1624 1630
783 6339
783 5664
365 2320
1904 1942
783 2150
750 910
3185 3290
36 1798
271 3596
764 1137
271 7156
572 1881
1704 2891
912 1352
273 1652
2891 7456
1160 2120
2088 2298
271 5363
1095 5065
1553 4305
680 868
1006 1137
257 2988
333 611
228 271
1872 2007
365 6171
2891 6497
996 4073
5065 6407
2468 6477
271 7341
365 1090
2707 5747
1137 7498
0 2478
76 2988
2891 6076
0 5585
2891 7496
1008 2654
81 3290
138 4416
277 365
77 1931
1637 1641
365 6937
783 6942
1663 3333
365 912
242 327
271 6477
523 564
1051 5643
271 6066
271 6291
507 873
0 599
3529 5543
2022 3827
0 2358
572 3948
1137 2748
2623 4292
325 2516
912 1335
1130 6022
271 988
572 3918
271 4979
912 914
518 523
912 3420
138 2286
1900 4382
0 1406
143 1764
365 905
595 907
1210 2392
115 2928
271 1758
365 7011
912 2474
271 2538
769 4616
912 3509
1239 1551
271 6994
2891 6367
1035 4096
81 2468
0 3041
81 840
1137 5391
138 1035
379 3854
1877 4342
271 7107
2742 2799
0 539
81 2914
271 3720
1031 1942
15 81
1343 2891
608 1024
1137 5959
84 913
912 3613
565 808
5065 6297
1547 6240
2891 7105
110 143
0 1130
365 712
271 2547
271 2321
1881 3728
271 5754
1137 3474
93 6471
272 575
625 1322
1693 2474
2891 6051
271 3466
120 868
2286 2444
1137 1804
1130 3703
358 7409
1137 5871
747 2474
1051 1193
3187 3261
1872 4396
143 1087
608 1031
271 2593
81 99
365 2105
1352 1981
2742 3873
365 7061
2891 7110
815 5499
259 834
365 2872
2384 5577
1235 2468
895 1872
365 2380
1901 3728
143 2468
381 1335
81 269
0 6114
1137 1797
1013 3994
564 5078
2110 3509
2395 5496
356 1137
1137 6500
365 1352
2145 2891
66 6148
81 100
564 1904
1872 3889
271 6391
1108 2082
1130 3565
572 777
2307 2891
5 302
12 5906
2678 6694
271 6500
72 143
271 7310
60 2988
3517 6051
1872 4395
575 808
5732 5906
2005 2696
1176 1177
609 808
2104 3330
6310 7384
1923 2717
507 2050
523 912
236 591
564 4940
957 1352
2387 5690
912 7106
269 2085
1149 1568
271 7270
74 116
81 2988
238 308
3187 3260
271 2510
81 795
271 3440
272 4402
564 912
279 500
1782 6329
1137 1257
0 271
1137 6215
75 610
783 5333
271 2176
2147 2891
271 3114
223 1137
271 4956
890 1893
1048 1901
5025 5065
1137 2237
5342 5928
1893 2793
358 2281
5816 5906
81 3237
912 1635
365 1268
0 45
3241 4636
365 2706
2286 2382
1885 2618
747 767
398 523
46 271
81 2152
793 1343
910 2468
2125 5690
783 7243
783 5330
271 3652
783 1137
365 6412
764 2468
35 5815
143 2665
326 5684
0 7493
0 2343
2444 2891
0 36
2437 2614
1800 2437
761 764
271 6135
718 4319
748 910
1130 5201
223 303
608 1901
107 5238
5581 6171
2891 6135
2991 6599
0 564
1184 1185
271 6267
2891 5188
564 1635
3727 4099
13 143
2759 3719
271 7434
1110 3683
1818 1822
271 2888
572 808
107 1137
314 2382
417 2988
271 6122
783 1739
365 1138
572 1038
385 608
912 6072
79 271
29 1211
2377 3565
0 7296
271 7394
272 990
777 1942
365 574
271 7443
1087 1662
3753 6599
116 1549
523 1406
2085 2891
2324 7106
1137 3617
356 2468
271 7552
10 5906
238 827
73 2891
26 747
1618 3218
66 271
271 7207
1406 5499
271 7157
572 591
0 2874
1008 1012
271 7050
335 611
795 2891
890 1872
271 5265
143 7469
365 6978
382 608
257 365
912 2492
2891 7112
365 4956
1130 5742
271 7561
271 2824
3517 5818
783 6366
272 3889
138 382
599 912
107 7394
868 2235
2056 2707
1872 3994
0 6022
365 1600
93 143
271 3095
1351 1792
1872 1885
1672 3187
271 7521
143 523
0 1904
143 2343
271 2322
1137 5815
912 3218
747 749
912 1553
912 2088
271 312
271 1186
116 564
1008 4322
2468 4725
271 6438
2891 3179
0 6357
365 920
1923 1942
1137 1159
1137 6173
566 6927
54 5065
523 833
3621 7496
331 5906
7033 7465
868 2123
833 2111
1893 2623
1872 3946
2463 2891
81 5815
688 3499
572 834
93 1137
914 6800
365 2478
155 409
564 833
0 6316
1624 1656
572 1921
356 4579
0 2121
116 868
271 6166
747 913
1095 2863
572 1904
365 5391
2891 5795
1137 2114
1352 1630
2468 2476
83 2988
749 755
1035 1904
271 7033
398 574
153 2988
6423 7452
529 2468
1223 3185
138 912
2085 2614
267 271
373 2988
271 7375
868 2343
0 3578
2085 2380
143 1782
0 102
0 939
1343 3565
1382 2872
912 5817
747 868
764 913
579 2437
0 1739
747 1642
787 2823
365 2319
827 2476
120 143
2891 3613
271 7335
1008 1998
93 5028
1024 1942
2443 2891
3968 4207
93 6291
0 819
1035 4060
859 5894
496 636
81 546
271 5021
1137 2125
271 7493
2891 6988
2707 4533
1108 3693
365 6170
912 2235
2891 6496
271 1739
93 279
271 2088
271 3697
1652 3217
2793 4761
271 6458
143 155
3753 4416
3014 5906
2614 3517
385 599
0 5586
0 7211
1192 1407
271 2835
1904 4060
271 5018
365 5899
747 1024
271 825
271 1054
868 2468
1904 3753
1051 1137
271 6290
1137 1591
507 872
365 7081
868 1547
26 1135
912 2341
1137 3593
1872 1923
271 6403
344 1008
912 7165
145 257
2706 4186
2387 2392
271 3613
331 2043
372 808
7061 7110
93 523
271 7386
365 1227
0 145
743 5710
712 5815
1137 2336
912 3421
1901 3707
365 2409
912 2872
271 5489
3233 4725
107 138
271 2907
988 1885
271 7497
81 1184
138 271
107 2874
271 6408
990 6800
365 5817
1008 2066
390 548
58 5205
365 1656
69 107
365 7033
271 1450
718 723
107 7102
1872 2654
11 109
747 1138
271 783
38 1093
2647 2777
1006 1035
868 2474
3333 4612
819 5065
599 1137
1137 2474
365 2106
271 1822
507 870
0 241
912 6390
314 2436
107 4950
2891 6973
1553 7022
912 3186
2478 2614
1151 2891
365 7551
271 2228
1782 3436
1464 5819
365 764
271 5866
93 6391
365 1213
365 1544
365 5547
1137 2514
5731 5964
761 4612
1137 1319
143 1086
6252 6489
1008 2717
133 238
564 5925
730 2085
81 6934
138 564
271 6962
34 271
351 611
785 912
143 261
2891 6412
0 1122
5906 6271
81 808
2891 5393
0 5391
2891 7159
2891 5925
1137 3596
0 523
1607 3186
277 868
912 6133
7 81
896 1352
271 5352
271 7120
272 1035
271 1464
259 611
100 143
2696 4416
31 145
1901 4062
0 80
271 1138
0 3646
2903 6284
4416 6838
1704 3235
138 1942
3513 5156
1585 1607
608 1881
1921 4333
575 1904
730 2914
19 5816
230 377
783 3066
859 2891
81 261
107 3466
81 6185
1695 4658
271 7129
3241 3330
365 1199
755 910
753 1663
103 5342
271 5063
485 636
1108 2235
271 2614
271 2392
2468 2706
52 2143
1942 2678
2094 5543
271 907
2891 6458
608 1872
143 1050
2891 5391
1352 1872
912 3474
2102 3509
2828 5320
783 5332
314 1110
365 5381
1352 1727
5731 5906
808 4319
783 7410
271 1422
2891 5779
747 2125
139 145
641 4382
143 606
1035 3753
5713 5816
2474 3186
1137 3670
93 7299
72 1137
1035 1908
271 912
271 6942
868 2891
241 271
868 1130
1137 1406
392 691
47 2007
279 1137
133 3001
143 2141
147 5815
0 3408
365 7210
833 2112
365 6998
2395 7415
833 2105
1130 2891
1564 2891
271 5899
2382 2468
138 601
912 1024
313 2382
138 304
271 2478
271 529
365 5333
271 6934
2392 2557
1137 1335
271 5935
688 7074
745 746
356 1690
2891 3409
86 936
2114 2235
365 2988
1137 5756
0 7187
2104 2307
914 1927
271 2891
392 551
2891 6943
2341 2614
0 5758
749 1663
356 2145
0 60
955 2816
143 1051
271 1110
359 1137
2238 7170
564 6122
272 507
0 1093
107 1093
868 1008
271 846
81 5906
2614 2722
0 1268
81 1981
840 2260
5045 6153
764 3220
507 879
1804 3069
572 967
756 910
245 281
84 1591
271 5045
365 7341
747 766
272 808
138 236
988 1942
271 5855
1137 5464
414 3466
1893 4416
1921 3946
564 5529
912 1811
998 2618
365 1130
365 1792
110 1782
331 344
2264 7038
1006 4095
988 1035
138 1137
365 5795
271 5812
5065 6421
2478 3096
572 2037
1804 3588
1137 4950
116 2107
93 1346
579 1137
156 2085
2891 6385
271 1656
2891 7243
868 2451
494 636
271 2324
238 2468
1792 2891
224 6552
138 626
377 2816
1942 4322
271 7560
2891 6971
859 6312
271 2437
271 5644
2344 5731
1210 1422
236 365
400 574
257 912
365 3621
572 2056
1130 5812
38 143
5906 7272
783 7342
0 1218
2891 5553
764 1502
271 6147
25 5816
912 6423
868 2125
1872 6838
2125 2903
1051 2891
2392 7254
747 748
1264 1490
271 1782
1159 3041
1135 2468
271 6433
143 808
914 4266
56 1211
1335 3577
135 2510
912 6212
783 6979
372 893
24 5815
365 1406
3944 5499
833 2110
2474 3273
26 271
72 3053
1187 2304
5460 7668
2007 2114
2392 7460
271 2443
584 2141
1335 3649
303 718
271 7436
825 2155
1942 1981
138 1130
912 2377
787 5543
1051 5042
2180 6286
143 747
2891 7476
271 2823
379 4382
277 1137
279 422
100 564
271 5936
0 6423
747 912
271 7542
2759 4416
271 6390
117 281
365 2180
1901 2043
125 279
747 1652
236 912
356 4802
2341 5916
868 1108
1745 4945
107 7368
107 7455
271 7081
365 890
365 2828
365 3600
271 3499
122 228
378 1901
753 910
2 81
419 2988
138 785
3946 4305
764 912
331 4319
2043 4466
2306 5906
271 7551
0 103
147 610
1942 4168
271 3218
764 775
46 2891
1137 6949
2891 6506
1212 2891
271 2457
2891 5928
0 5112
1099 3235
271 6977
235 565
3217 3350
365 3593
257 2891
71 271
2991 3719
271 7158
1137 1193
308 2516
2468 3728
0 4305
21 5375
1235 4739
747 910
1695 4659
868 2145
24 116
244 365
145 2891
783 3506
3290 5274
1942 2043
1137 6423
808 3720
3333 5274
238 5536
0 5119
783 2963
1012 2647
912 1901
0 2307
145 271
271 1564
2272 2304
271 3607
1137 5575
912 2238
271 5205
912 925
271 7167
3513 3596
747 1664
5699 5906
0 2143
271 3187
271 824
365 579
1541 2903
1800 5918
271 6301
507 875
912 1135
2891 7125
507 6591
2516 5295
365 2891
365 1382
138 747
0 6170
1079 1137
3792 4168
271 1343
271 6989
2319 5660
3420 5336
1352 1942
1006 1942
2341 6366
833 835
271 868
2286 3408
2088 2517
289 1051
912 1981
1352 2815
2891 7194
747 758
81 940
365 6036
365 2107
271 7180
2891 6417
271 3042
1904 2742
1137 6109
271 5759
2991 4064
271 7357
572 1998
576 1768
1108 1137
143 1406
754 910
271 3574
81 223
365 5553
379 1989
584 1361
1137 1325
272 275
868 1904
271 1135
1011 3742
795 1072
912 2437
382 1942
365 1137
0 2891
271 6138
764 1659
2891 3474
1211 1869
912 1319
143 241
156 4319
0 1600
1137 6055
2891 5608
764 1641
2911 3118
271 1544
382 1904
3517 5305
118 120
81 2306
747 1130
2891 6137
365 1357
143 1081
81 1792
605 4469
608 834
389 718
1915 4305
912 1108
2125 2474
16 5906
81 1380
2891 5392
523 1137
143 5816
5320 7575
271 7299
1901 4207
1792 5906
2389 5608
2392 7556
365 5394
17 2988
5065 5906
5333 7565
271 1553
2665 3565
747 761
2474 2891
400 5374
271 5342
365 5731
2891 6327
2891 7169
1893 2678
312 4544
990 4376
143 269
120 5906
0 2324
1 2125
1942 4305
2436 2468
2891 7210
365 2085
3753 4305
912 6260
868 1268
783 5018
103 2404
271 7128
833 2468
1137 6952
271 7481
0 1006
365 1635
764 1688
271 6217
270 564
365 7156
365 1343
564 4539
271 1792
857 3187
2102 2104
0 5332
141 143
1137 7156
0 1137
107 5242
0 3647
1137 2903
271 5573
2668 2678
0 257
2891 6215
988 2891
762 4616
365 3001
378 2742
4153 4417
1819 1822
379 4319
1130 7465
985 3703
271 7607
2502 7165
271 3163
271 1600
271 6412
138 344
2114 6381
1406 5779
1035 2991
145 912
271 1797
0 2903
81 786
1137 2888
138 868
599 2891
5855 5902
1918 4322
1901 4186
815 1871
2891 5690
3707 4305
365 576
143 3237
783 4988
2891 6349
2022 4073
2891 5342
100 360
272 914
3529 7624
564 4956
1217 1693
365 5332
271 5680
228 307
613 2891
1893 3948
365 5741
1904 2007
271 847
2085 3001
107 241
1130 2468
1137 1177
868 3509
143 1137
271 5036
747 3210
1782 6968
0 1011
625 1035
2298 6076
365 5180
271 5959
488 636
179 279
241 868
365 523
297 718
271 1130
2341 2891
107 108
68 143
2437 2891
2562 2891
143 988
3517 6252
365 5470
107 2828
397 523
1553 5042
988 1137
1051 6979
81 352
120 912
271 1270
912 988
507 1872
252 271
1137 1379
271 712
0 1343
1881 2991
271 2899
1137 5819
859 3683
656 2828
455 2988
365 7128
1656 1659
833 1137
868 1406
45 81
1210 2891
216 279
2455 2891
507 808
148 1551
1528 2304
868 2238
775 1698
808 2468
44 143
365 591
0 5935
1942 2742
138 2125
354 4382
0 2150
271 5042
2104 2444
624 914
107 7181
572 1893
271 1078
808 1872
957 1981
2468 3218
154 1110
3574 5391
3506 4945
1081 1274
365 7121
598 5906
236 1137
868 1635
1927 2641
764 769
572 2759
2468 2891
563 565
0 3137
747 1553
74 145
0 1108
2891 7336
507 4441
365 5281
81 5816
747 788
523 1335
1137 6170
0 1544
2891 4940
2557 5552
81 143
0 4342
0 6426
143 912
2098 2114
578 2891
313 314
2891 3445
783 912
0 2
271 314
1177 1591
793 912
2891 4593
787 1090
365 3613
2891 5592
785 1137
271 7419
365 1591
1137 5547
279 424
138 1548
564 747
572 1915
833 2109
783 5550
783 2321
1942 2100
271 6328
868 1738
0 25
868 1553
2891 5949
230 379
271 5661
1335 3648
365 1108
81 1551
564 6252
0 4175
0 5583
271 7139
1635 1642
356 1672
238 326
365 785
0 2123
81 566
0 2577
3502 5731
2867 2891
77 1085
241 936
365 599
2891 5352
272 372
2891 6488
1942 2007
143 5274
271 6097
2891 6240
912 1904
1624 1639
673 5932
75 5815
2891 5756
279 329
2891 6952
0 5899
1335 6924
298 392
0 5237
139 331
241 1137
1011 3918
272 2012
356 912
49 1228
145 365
271 6286
25 4355
912 1138
271 273
271 7484
228 6364
59 564
271 747
5375 5572
1137 3613
1652 3220
0 6157
572 1871
868 3693
37 271
107 7156
0 2474
30 358
1137 1893
1137 1192
271 1591
2238 5971
1163 3301
93 138
2678 3889
365 5242
2457 2891
672 2341
3774 4153
271 2145
575 1984
600 808
0 7439
1137 6496
3565 5391
2828 3065
1872 4064
143 5906
271 7342
646 718
143 783
0 1079
271 3606
1035 2033
93 2610
2085 3333
120 1137
925 2474
138 2988
2891 6205
1110 2441
77 1928
764 1664
580 629
271 6255
107 912
0 955
143 2306
223 233
1893 2641
1137 2155
271 4544
913 2145
271 6945
1024 2891
584 3524
912 2343
2286 2891
0 6171
912 6153
365 868
783 5792
271 4988
1872 2816
766 1630
271 7460
271 659
107 6444
1108 1325
2043 4376
257 1137
143 1108
868 1335
143 3517
74 5815
93 7332
365 1547
608 988
678 1764
2891 4657
365 5762
2364 2891
608 1942
277 7030
271 5758
690 718
271 5600
93 572
912 7158
2409 5662
1984 2468
1159 2891
564 1792
3466 7006
365 1218
0 1359
365 1006
1568 5906
271 5916
2104 3118
3041 5811
783 7433
365 564
1031 2665
591 783
2468 3613
910 1663
138 523
103 271
314 5536
2476 3559
20 81
868 2286
365 3675
1051 3632
764 1652
905 1137
138 833
659 2125
868 912
746 5731
769 788
1137 7538
143 2614
271 3693
747 988
368 2012
0 785
783 6333
0 2085
271 2343
365 2323
3187 3262
238 1137
783 6328
833 2891
1163 1346
507 881
2891 5395
107 606
912 2125
107 5731
2474 3001
365 3014
365 5393
2384 5024
1130 5876
365 7560
81 3131
402 523
143 2988
1006 1904
647 718
138 1406
271 5112
271 5337
271 6211
564 2145
277 1135
1137 5305
30 2085
114 808
138 224
36 7211
365 3398
1551 3053
783 5655
1872 1942
572 2717
272 4414
834 1035
1872 2722
1223 3186
271 6497
5065 7020
868 1138
783 5764
271 3118
271 5297
365 6423
236 2988
112 2269
366 1961
896 1872
608 777
143 595
868 2100
915 2891
325 5059
271 3621
0 143
747 1624
1137 1738
54 271
143 2891
2436 2476
2891 3512
271 7091
72 912
271 591
365 833
3517 5756
564 7097
747 3231
5393 7294
378 572
3235 4725
271 764
2205 2988
868 2988
375 1798
2085 2306
625 1904
365 1335
156 4382
81 1070
365 5338
2891 3670
1137 1553
0 362
1894 1901
224 3870
1006 2761
272 4396
0 5025
1942 2722
783 1464
271 596
868 3186
81 87
4207 4416
3001 5530
747 3220
138 1012
0 6463
1650 3218
271 709
564 5489
564 5038
379 571
261 868
23 81
325 365
2264 7107
59 81
0 3114
365 5331
1352 2033
143 1544
766 3218
365 7498
325 1053
271 7281
2093 2380
146 2988
81 1351
2863 6421
2474 4979
271 5151
1035 4416
81 5045
277 2474
365 3454
271 5944
0 4322
5815 5906
1352 2722
143 1268
271 2304
2468 3792
271 5084
11 257
231 1137
271 7556
271 1104
2928 5699
1035 1872
1352 3769
279 285
2085 2437
271 7294
81 2143
1160 3145
272 2678
365 2172
572 4416
2891 3096
331 2468
5065 5171
1901 3946
365 1024
868 3517
1006 2012
81 156
1893 2891
68 2085
0 93
271 7452
41 5045
1137 5818
783 3621
84 1585
2891 3398
271 6316
1093 5065
115 5906
2114 3187
868 2088
2891 5055
895 2991
745 841
138 143
1137 1782
1764 2082
271 1811
386 718
1942 4416
1137 7011
1188 5906
143 2474
0 2988
2891 5664
81 5274
1137 6511
1137 7247
1764 2474
608 2100
271 1211
138 624
2888 2891
271 833
66 365
914 2614
405 523
910 4319
358 400
81 5065
378 6552
2286 7088
497 636
868 914
271 6463
48 66
1901 2683
564 5542
138 272
242 328
271 2286
912 2988
610 2299
66 3421
271 6157
5391 7095
833 2107
1137 5812
1693 2891
29 1121
1872 3771
54 5906
887 1984
90 1137
1370 2474
1235 2474
1070 1318
1541 7229
143 156
1149 1192
0 5876
271 6435
906 5906
2891 7415
143 1901
1553 5028
272 625
271 2872
0 3002
275 625
313 5530
0 107
833 2108
5762 6011
66 81
271 6331
1137 1544
0 26
0 591
841 5731
365 5084
271 7037
1137 6961
87 143
271 7250
71 81
2395 5699
15 1050
2104 7088
747 1352
238 327
365 2700
81 2516
728 7364
81 1122
312 2382
279 416
0 6444
0 98
271 6114
912 2468
2005 4322
271 7210
271 1213
271 2243
271 5733
138 764
365 1100
107 7441
701 3720
365 2468
1067 6109
611 4319
142 143
143 754
20 584
3065 3509
2451 2474
2891 5139
390 718
3509 5758
1782 6137
2152 5816
0 7375
271 7545
890 4416
905 5224
1553 2891
601 814
523 2286
271 272
0 3648
271 1243
271 6979
397 410
365 1093
1382 1698
650 692
2091 5816
564 850
356 3188
810 4515
893 1904
99 107
1008 1872
3409 3517
271 5022
138 629
81 5375
365 7335
365 584
365 915
107 5464
271 2419
107 145
912 1130
0 596
2299 5816
2828 3066
783 5685
575 1872
764 1640
758 6500
365 5063
81 5529
509 1199
84 1607
2891 5575
1137 2387
1635 1664
747 1343
1885 4395
868 1901
1137 7407
834 1942
680 5265
747 1325
11 2988
328 2516
1035 3728
271 1051
572 575
271 2424
231 2988
5094 7519
365 1099
507 877
271 939
271 358
2468 2748
271 1160
385 572
143 5496
72 3120
271 5167
4401 4402
365 1079
553 718
1108 2614
1900 4319
27 1325
414 2891
365 7037
564 5061
0 2088
302 1942
1137 2341
749 910
66 6133
1054 2082
868 2478
314 1160
107 2395
1239 2828
107 143
747 1618
813 4319
1472 2237
143 1553
868 988
936 5506
81 6080
66 3614
3517 4940
272 572
1585 1698
365 2109
523 783
271 7119
365 1693
5392 6961
2400 5543
2891 6211
624 1008
608 869
2891 6331
868 1343
81 110
271 887
2516 5437
1035 4305
3273 3330
93 788
2253 2863
868 1137
385 1009
394 5906
914 4295
868 2085
365 5042
2392 2444
2891 6226
48 912
1872 2474
271 7124
69 81
271 7477
365 1541
238 365
385 808
1217 1235
279 474
912 2100
271 5331
143 2286
271 785
1035 3719
1942 4142
271 2085
2654 4175
365 2392
271 6975
507 880
813 4305
2891 7162
271 381
783 5641
1137 5392
1137 2286
912 1137
0 890
365 846
271 2238
2474 2547
572 2678
365 5392
271 7133
2104 6150
40 1137
272 1038
1585 2468
271 5336
0 6927
845 1137
2891 6313
143 1024
271 1151
278 1038
868 1325
523 1051
1693 4739
749 1502
2872 2891
143 271
257 523
889 1893
0 5811
325 539
365 1051
890 4168
272 2647
365 2088
3870 4030
1942 2474
16 81
1264 1670
868 2665
225 2988
1406 6097
3041 5188
271 5391
1137 1656
1137 6937
3187 3189
2150 5369
3517 3600
868 2102
2468 2717
599 1011
779 1130
271 7266
1352 2668
2088 5948
271 6382
1035 1981
510 2891
1667 1727
583 2238
2891 3617
2088 2269
731 2891
52 783
1137 7524
94 2988
302 2468
1872 1918
4168 4533
507 874
2891 6358
238 262
783 5932
1335 5237
2088 3409
34 81
912 1192
859 5684
385 3832
912 5764
365 5337
890 1942
1804 5906
365 1479
2891 5540
116 143
271 599
271 5025
271 7433
2007 2694
2891 7281
365 3652
392 547
3520 5237
580 611
1015 2065
768 910
491 636
2145 3187
365 5330
100 822
271 6931
271 6350
4382 5906
2384 5118
271 7040
133 2516
1553 3330
1274 2891
15 2828
1137 5242
12 584
378 591
914 1981
572 624
783 5460
1981 6666
1600 4723
749 3333
1135 2474
271 5953
69 825
747 762
1137 1635
14 271
761 1662
783 5573
365 5654
293 4319
2114 5139
0 3577
223 5906
410 5928
271 564
1051 2043
868 1051
271 3617
365 2502
890 1137
608 2007
2891 4944
272 2694
271 3670
279 415
1011 6694
2022 4156
906 2125
3374 6226
271 7455
145 607
2081 5906
271 1067
2891 5819
365 5758
1900 3989
277 5566
2304 6304
271 1112
777 1908
3764 3832
753 3210
909 2468
101 564
1137 2392
990 1322
1921 6688
833 834
523 2474
747 785
1013 4346
66 5906
610 1343
271 1406
3727 3845
572 611
783 868
2891 6386
271 1745
260 1600
276 6423
2891 5818
262 1160
101 2891
365 7119
1472 2125
5080 5731
143 1130
608 2673
271 6260
2891 5460
2468 3670
271 5641
271 7022
228 2516
271 7247
718 1981
1137 7336
388 392
2468 3186
5190 7040
1187 5906
1137 4940
2107 2885
857 3241
232 271
1099 2891
81 5266
365 2463
271 728
271 1081
868 2437
0 2286
1635 1650
30 81
271 3664
747 1659
0 4
2891 5036
271 5654
764 868
271 7031
3792 4200
0 2828
365 2150
5352 5758
138 1081
365 7283
747 783
272 967
3845 4099
0 3003
2891 5547
279 426
0 5241
72 2134
1051 7570
5506 5515
604 1172
1782 3549
912 2478
271 5392
271 5470
276 5392
272 331
833 2106
143 1115
1137 5949
365 5882
1137 1688
0 138
56 2988
365 2474
271 4305
1051 4416
2891 3079
0 6304
271 6488
302 4319
546 5906
107 6466
365 783
0 2125
271 2303
833 868
1192 2408
912 3445
1551 5906
1901 2451
1335 1548
236 636
107 6284
2891 7283
365 3563
758 1635
271 2514
1668 3187
143 379
1024 4046
378 1942
912 1149
257 591
365 2322
5394 6249
599 955
890 3916
143 145
2928 4970
261 912
2474 5808
1228 2476
365 5871
1108 2343
272 608
272 1871
233 4319
564 7026
385 1942
271 6171
145 523
539 3001
712 2104
747 1051
583 1130
271 275
2005 3756
271 3041
6 72
764 1618
1038 1872
271 6978
3 5815
912 7043
787 1115
1184 2260
138 1051
1901 2654
730 944
3517 5819
1407 1568
868 1981
4168 4416
3845 4096
365 5902
523 1343
271 5374
5118 5608
1137 1343
574 2891
783 6310
418 2988
912 2451
2891 7121
365 728
868 1544
93 2260
1544 3509
372 702
325 2382
271 7011
2 143
868 1695
271 2213
271 6366
1811 1942
1137 6205
271 5094
156 868
271 6249
912 1235
145 1137
93 912
271 2427
81 115
119 912
344 3719
1048 2748
271 5492
1704 2474
312 313
93 769
868 1591
1798 2988
1894 4305
365 7434
363 1235
2778 3769
762 3218
143 236
2022 2468
400 523
2891 7492
868 1235
409 1318
4096 4099
405 509
747 1335
564 5980
1031 1872
1568 2408
279 455
365 2125
108 2517
747 1137
107 907
0 79
859 3559
1035 3720
629 3873
132 145
0 116
7061 7169
2120 5894
81 1188
912 2891
143 5815
1019 2991
3235 3329
107 7133
591 747
365 2108
572 2100
1067 2614
272 1893
564 2286
1325 2891
271 2043
1130 2341
271 2264
0 2991
912 2665
4417 5741
1008 4168
271 5333
3187 3259
2891 7031
2043 2474
143 1085
271 2962
409 1070
2104 2176
1137 2478
1130 1921
107 1335
271 7483
0 2894
3517 5460
762 764
0 5063
1872 2742
0 868
143 868
0 1054
272 1811
2307 2468
1137 3720
990 4346
30 143
3811 4406
912 1764
354 4319
3517 5515
365 2577
93 5239
271 5330
752 910
365 7167
1406 6055
143 591
271 1137
1274 1464
1008 4319
271 6036
68 868
507 883
1942 3792
272 865
769 1640
382 3845
1179 2085
271 5125
271 6426
271 4343
2891 6171
272 1008
271 2123
365 2094
1137 5600
572 1008
1035 1893
1110 5710
314 3559
107 3598
2891 7170
783 5600
609 2468
93 2891
352 1792
1137 1453
236 279
271 325
912 5063
1160 2382
271 5122
1872 2614
271 7092
2404 5906
272 376
271 313
271 576
2963 6299
314 2441
777 2474
2281 2891
272 1921
785 868
909 912
365 1782
914 1942
1872 3811
145 375
271 6218
893 1942
783 7526
0 912
365 2928
761 3333
271 2468
271 6924
764 1642
2093 2392
2088 7148
868 1135
14 5906
0 5393
1051 5063
144 2395
107 120
3237 4539
572 2029
1008 1811
6 1551
271 3564
599 1406
766 1635
1343 2821
0 1325
271 2577
610 2249
77 4382
378 1008
350 5906
0 34
93 1872
143 2235
1008 2891
21 783
749 4621
2088 2443
159 169
2468 7095
0 5392
143 2088
236 2891
1137 6135
365 3466
564 868
1352 3780
271 598
143 1335
2516 5443
599 7420
572 2474
1137 5515
1635 3220
138 1010
81 5496
271 6511
365 6994
382 624
2891 6350
93 3727
5205 5906
285 423
1137 1479
0 57
271 2474
2145 3186
3728 4469
271 6345
365 6366
747 1698
356 1670
1745 2748
357 358
143 223
143 833
890 1904
1872 1901
271 7441
130 358
2392 2476
66 564
2516 3645
912 1051
1051 1764
93 365
764 3210
