7716 4233
372 1965
365 1133
572 1035
611 2669
572 810
0 2547
0 2872
365 5798
365 2263
271 6471
271 7401
271 2863
271 2202
271 567
81 357
365 5612
783 2264
365 1464
271 6201
833 2891
145 606
1791 5391
314 3145
1137 5393
1037 2022
1211 1869
2891 5818
224 1872
747 2100
1137 2137
2891 7359
566 2891
0 7139
1352 2512
377 2742
365 7125
271 890
271 7335
0 2395
4895 6082
326 3645
3613 3614
3986 5499
378 892
564 2891
271 572
908 5906
0 747
608 1904
2100 2699
1137 5719
365 5460
1137 2235
2303 6055
365 3398
3854 4207
365 1271
912 2224
2125 2254
369 1137
833 912
81 350
281 505
271 2176
2889 3517
271 6150
378 1035
2363 7115
365 1160
143 2341
271 2320
1352 3826
1670 3187
138 680
356 868
81 940
279 2202
1137 1959
2891 6975
611 4129
295 562
169 279
2891 5888
583 5491
302 608
271 2123
2392 3681
288 611
271 517
271 1008
365 3617
2891 5706
2218 5572
365 5550
1343 4142
1782 7190
3520 7181
2891 6173
0 1547
1160 2876
279 428
912 2286
0 46
890 2137
107 365
1352 2777
1137 1138
366 1137
3051 5905
833 2105
365 3576
3768 3973
365 5156
1024 1035
84 1370
2100 2474
2614 2665
379 1137
1008 1013
712 4927
143 1138
271 1193
564 793
3728 3859
3300 4545
498 7636
66 5020
1901 1942
6132 6202
0 2145
385 2731
2903 3568
3290 4648
27 5906
1013 2043
1137 5697
365 3067
365 5446
314 6312
2468 2615
758 3218
12 81
1872 4350
487 636
365 1257
2737 3886
572 808
271 1777
257 2197
279 421
378 608
568 912
271 3158
2891 7552
2145 2821
783 2468
365 7316
271 6277
1008 1035
957 6600
2891 7159
271 5662
1008 3707
271 523
3187 4579
271 2706
2891 6031
365 587
271 5775
903 6626
271 7148
747 775
257 1273
868 2341
60 279
0 3576
279 418
271 5948
135 2384
70 365
143 1235
2263 5094
1101 2427
0 3479
154 2516
749 750
271 277
81 2081
813 1904
271 2460
365 2321
1270 7250
2474 5499
358 912
868 1024
783 4377
0 759
271 3597
3210 3211
1335 2874
2891 4989
990 4116
271 7157
5020 6148
81 2936
143 2440
2706 6897
827 831
279 443
271 5944
1263 1580
70 356
143 2437
577 2828
271 2420
895 4206
0 27
1942 3728
2700 4466
93 3575
350 2928
143 914
1090 1115
365 5280
356 1728
2891 3600
1901 1921
2114 5190
5107 5906
912 1343
2776 3774
365 1422
608 1811
271 7433
325 5682
4200 4295
5218 7393
1872 3707
271 5357
30 357
912 1358
5394 7385
3233 3329
1872 3771
279 432
1222 1693
2914 5906
382 6659
912 1544
912 1245
1663 3333
2793 4761
3517 6497
273 4620
228 309
1235 4790
271 5486
77 4319
277 5528
2694 2776
308 365
3131 5815
2903 5566
271 1165
996 1043
1160 2476
81 394
1335 2891
107 3682
2891 3593
912 3517
271 5078
890 2793
365 5027
755 771
608 2692
107 2468
293 2748
30 5906
2891 7026
271 5201
271 7163
271 7384
0 783
833 3063
1130 2919
680 2891
783 5845
2468 4657
279 457
2654 2699
572 4322
120 2125
412 1984
81 2299
87 5906
572 2821
1406 1772
409 523
271 6072
1199 6935
2392 5733
143 2451
912 5084
59 912
138 257
271 5161
845 1137
2880 5746
912 1325
0 290
143 785
2784 4416
2125 3117
365 5411
0 5550
355 1130
1464 7196
68 81
764 3350
801 1871
365 1553
1526 3593
2145 3187
365 3720
1160 2172
1335 3003
1137 2960
365 747
783 2320
936 5906
81 953
53 271
365 568
244 2392
581 1108
2804 4129
228 238
769 1640
271 5055
81 6626
1160 6312
2888 3517
1137 6423
241 365
143 2254
642 1130
143 2928
576 1544
271 6423
572 1437
912 6147
718 722
2468 5710
2474 3449
365 2107
365 3025
392 691
143 5224
1553 7161
252 1211
3593 5049
1370 4722
107 5552
377 955
2468 3683
10 81
271 5332
3187 3258
376 2682
3069 3509
1008 2715
36 2988
2474 3227
1872 4186
81 108
2891 5385
784 2510
564 591
747 1698
1764 5919
238 6461
565 1043
0 246
2891 6410
1782 2829
385 1015
271 5313
1600 4590
1035 2821
762 1635
6201 6937
1319 5547
1348 3607
143 680
365 1981
271 5795
688 3499
2891 5612
249 279
1690 3375
0 6299
1872 2696
1901 4099
1008 1918
859 2891
718 721
2412 2482
834 1901
279 2208
3727 3845
1335 2395
912 1081
93 271
1137 2872
1008 2706
591 785
560 1009
914 1981
636 1860
564 598
1764 6067
271 6969
1693 2474
1871 1904
2468 4968
236 281
5068 5446
92 1635
650 718
385 1894
138 1108
2358 2891
32 584
2828 5110
718 732
80 2891
143 2125
331 1035
1624 1639
394 2928
1614 3250
1186 2891
912 1185
507 872
164 279
143 1181
143 1352
366 3989
365 7081
365 2238
271 5061
1137 2510
271 5999
271 5338
271 365
1137 6313
572 912
2545 2845
1106 2510
610 2091
5281 5327
138 568
445 2988
747 1268
177 279
271 905
3764 3832
93 868
143 2085
1881 1942
185 279
1380 1792
0 5078
764 767
601 3889
180 920
572 2007
2891 7306
785 6977
868 1264
271 6436
846 918
797 903
271 5354
3187 3296
590 1192
271 2358
1108 2468
365 2562
300 718
1553 7324
887 2027
957 4266
1921 2468
1219 3509
1137 6306
143 2516
19 610
143 2237
1797 5242
2516 5443
81 87
523 591
0 5475
271 3073
81 1070
1406 2412
1777 2891
143 1464
2400 2420
912 5662
385 1904
1137 2891
0 1122
0 5394
749 3333
271 584
2891 6267
1160 1799
271 1961
1764 2082
4319 4382
271 3120
81 369
608 890
2474 4895
2387 2392
1872 1904
1024 3797
1081 1137
1528 5543
143 564
271 1635
3187 3188
868 1358
655 2891
271 6013
356 857
890 2545
365 5439
1137 7217
271 3057
2088 5070
613 868
138 145
271 6339
957 4116
271 914
0 365
143 3693
0 519
1024 7090
955 3792
7061 7110
271 2150
3596 5540
2891 6132
2891 3670
1782 5547
564 3652
93 6309
49 2468
628 1872
0 833
272 2647
93 743
783 5336
1137 2363
629 1915
279 395
271 4382
2891 6949
1529 1942
33 143
271 7435
1234 1693
238 271
271 1063
271 2889
2988 3421
2891 2988
1872 2668
1901 2742
624 1008
107 868
608 794
54 365
517 523
868 2085
271 2563
761 1107
1051 2835
1137 3453
5906 6404
271 5542
271 7282
0 3660
2104 5545
1137 3227
7 1792
365 2264
3187 3263
143 1343
846 3693
1397 2116
1335 5237
81 1380
559 2212
1901 4095
70 271
131 2395
2468 6848
271 3436
6170 7310
40 5815
1104 5065
912 3421
0 5747
2481 2891
747 764
365 2085
2474 6226
365 1318
3185 3290
87 2085
55 2988
6423 7452
279 614
508 2988
1693 4709
5065 5543
551 718
143 365
1137 5084
783 5305
2320 5507
271 3413
6417 7006
783 2218
1137 3409
271 6470
912 1397
1137 6252
365 3613
868 2306
1137 5678
2737 6848
382 608
2891 7439
145 747
1137 2012
1406 2478
107 6306
1011 3953
271 2911
1268 2341
2249 5815
365 1335
279 1376
138 628
107 271
2392 7556
1406 2891
1006 2678
378 4207
681 1698
1343 1693
365 7481
86 241
271 7232
749 764
365 2043
107 833
58 2891
2891 5422
3728 4142
5045 5906
223 4319
1078 2238
365 1270
552 718
272 377
1130 1137
1137 2392
377 6514
2468 4466
281 504
564 1186
271 5920
271 5279
68 912
1490 3389
1695 4660
271 7526
1234 1235
1108 3558
2828 2891
1580 4641
66 7054
676 3521
1172 2510
279 1828
0 1553
747 1618
832 4181
1011 6694
2928 6271
143 953
93 382
3687 5670
1379 2891
365 2928
5333 7565
564 1437
271 5643
608 3792
2510 5024
365 777
107 7471
1904 4396
46 271
1050 2828
591 1137
868 925
783 7342
564 889
2033 3721
0 1782
1110 4908
107 546
273 747
1011 2715
365 795
2145 2962
145 591
138 1268
1871 2468
2683 4322
279 500
154 1110
2891 6381
788 1370
271 1526
1950 1984
2891 3517
1745 2880
785 2891
2306 5906
72 148
844 1591
271 1192
777 1343
680 868
279 434
990 6800
591 2125
912 6186
3517 7112
271 1241
666 1782
5906 7074
1947 4301
138 783
747 769
271 7367
2700 2891
518 2742
2063 3768
271 1358
2392 7232
365 2293
641 4319
2022 6643
138 1544
1553 7091
272 6666
365 1401
1901 4292
238 306
1553 2910
2433 2468
572 3720
2891 5792
745 912
372 572
271 5394
2125 7038
747 1650
271 7488
240 2988
2007 2137
271 3035
745 5731
2392 3696
3811 4406
3167 5548
1893 2678
868 1081
107 3599
1137 2364
912 941
730 940
747 774
988 6622
1137 5816
777 1908
365 2286
2891 5151
279 445
3333 4545
912 3282
365 1539
839 1683
1130 2341
1472 2085
783 5434
2618 2706
1137 2700
2172 2468
1243 2235
1624 1630
1911 2012
783 6339
2891 7362
783 5664
365 2320
2379 5507
764 1621
1904 1942
783 2150
1137 3059
267 526
750 910
2063 2468
912 7054
271 7364
36 1798
271 3596
365 5464
764 1137
1622 3227
271 7156
138 3792
1704 2891
912 1352
273 1652
93 107
2891 7456
1160 2120
77 1938
279 442
1571 1591
271 5363
1553 4305
760 3220
1006 1137
3973 4319
107 2602
257 2988
333 611
228 271
1872 2007
365 6171
2891 6497
271 5706
3509 7014
5065 6407
1137 2254
2468 6477
271 7341
996 4073
2707 5747
1137 7498
1008 2654
271 3605
2891 6076
988 4259
2085 3453
0 5585
2891 7496
1137 2880
868 1325
81 3290
0 1406
271 1445
277 365
77 1931
273 4722
279 435
76 2988
1637 1641
365 6937
783 6942
2891 5218
277 564
365 912
242 327
271 6477
523 564
1051 5643
271 6066
271 6291
507 873
1137 6500
3529 5543
2022 3827
1008 2758
572 3948
1035 1892
1137 2748
2623 4292
325 2516
912 1335
1942 2709
271 988
101 564
316 2516
1137 2336
572 3918
365 5762
868 1397
271 4979
912 914
912 1777
1884 2706
400 1130
518 523
2385 6423
279 456
912 3420
1061 1108
138 2286
747 1622
143 1764
365 905
2433 2891
595 907
271 2455
271 5063
1210 2392
115 2928
271 1758
365 7011
912 2474
271 2538
2928 5106
769 4616
1580 2468
1921 4430
1239 1551
271 6994
2891 6367
1035 4096
314 2118
135 5538
1756 2254
0 3041
81 840
1137 5391
138 1035
379 3854
1877 4342
271 7107
2742 2799
0 539
81 2914
143 523
271 3720
1335 5583
279 449
1745 2122
803 2618
2063 3973
1031 1942
363 582
15 81
1343 2891
608 1024
1137 5959
377 6546
1553 7022
835 1610
868 2102
0 5496
565 808
5065 6297
1547 6240
2891 7105
110 143
0 1130
271 2547
260 1600
272 4301
1137 6976
271 5754
1872 2682
1137 3474
93 6471
272 575
718 723
4244 4322
1901 2067
271 3680
2891 6051
271 3466
120 868
2286 2444
1137 1804
1130 3703
358 7409
271 2266
1137 5871
747 2474
365 1343
376 1010
3187 3261
1352 2795
1872 4396
143 1087
608 1031
271 2593
81 99
365 2105
1137 3386
1352 1981
271 6382
365 7061
2891 7110
815 5499
259 834
572 2699
575 2027
2384 5577
1235 2468
2107 6034
895 1872
747 835
1901 3728
365 3454
381 1335
93 642
385 700
81 269
783 3406
93 7163
271 5872
0 6114
1022 2022
1137 1797
1013 3994
564 5078
2110 3509
2395 5496
356 1137
271 5039
695 1884
2512 5429
362 564
365 1352
2145 2891
2876 3001
66 6148
81 100
914 4266
1872 3889
271 6391
0 2358
1108 2082
1130 3565
3374 6226
572 777
2307 2891
5 302
12 5906
1022 3857
271 7081
271 6500
72 143
271 7310
60 2988
1024 2650
1872 4395
575 808
103 2404
525 526
5732 5906
1192 1419
2636 3726
2005 2696
1176 1177
1335 7182
2104 3330
622 4352
1923 2717
564 1541
271 5998
1782 6976
912 5063
523 912
236 591
564 4940
271 7538
957 1352
912 7106
2663 3749
269 2085
1149 1568
271 7270
1445 7546
74 116
81 2988
3187 4759
3187 3260
271 2510
81 795
271 3440
272 4402
564 912
609 2468
783 3548
1782 6329
377 4259
1137 1257
0 271
1137 6215
75 610
783 5333
1106 3675
2147 2891
271 3114
223 1137
271 4956
890 1893
1048 1901
5025 5065
2468 3186
5342 5928
271 2938
1335 5587
358 2281
1547 5617
5816 5906
3597 6040
2891 6215
271 2514
912 1635
0 45
3241 4636
2286 5260
0 3152
2286 2382
1885 2618
747 767
398 523
133 238
271 1270
1357 2135
793 1343
910 2468
2125 5690
1187 5906
2377 3565
783 7243
783 5330
564 5194
271 3652
1137 3035
747 3219
783 1137
1035 4519
365 6412
764 2468
107 519
35 5815
143 2665
1942 2067
326 5684
0 7493
0 2343
2444 2891
0 36
2437 2614
2510 3092
1800 2437
761 764
271 6135
0 4918
271 1390
718 4319
748 910
1130 5201
2668 4410
93 138
107 5238
5581 6171
2891 6135
783 3389
801 2694
2991 6599
138 698
0 564
107 498
93 365
1062 7635
1184 1185
271 6267
2891 5188
1011 4410
13 143
2759 3719
271 7434
942 5094
1130 2318
271 2888
81 2143
174 279
1006 6792
107 1137
2510 2545
314 2382
1745 6217
832 2022
651 1020
271 6122
107 7443
3034 3167
783 1739
365 1138
572 1038
385 608
912 6072
238 2295
79 271
1900 4382
1872 2545
834 1040
0 7296
358 1565
272 990
271 1397
777 1942
783 5791
358 5301
224 6546
3282 4519
365 574
2891 5745
271 7443
1087 1662
3753 6599
116 1549
523 1406
2085 2891
2324 7106
1137 3617
356 2468
271 7552
30 81
2006 3973
1177 1575
238 827
73 2891
26 747
1618 3218
66 271
568 2891
0 7069
1137 1777
271 7207
1406 5499
1901 2991
0 2874
271 3412
1008 1012
271 7050
335 611
795 2891
890 1872
591 676
3041 3453
1035 1529
281 502
783 2266
271 5265
143 7469
365 6978
365 1165
257 365
272 3746
912 2492
2891 7112
365 4956
1130 5742
1370 2474
271 7561
271 2824
1008 1048
3517 5818
783 6366
272 3889
138 382
599 912
120 121
107 7394
868 2235
2056 2707
1872 3994
4040 4262
271 687
365 1600
271 1403
2123 5194
0 2976
377 6513
2748 3792
376 955
1872 1885
1672 3187
271 7521
2928 5699
0 1904
0 2903
271 2322
1137 5815
912 3509
1137 3886
912 3218
747 749
686 3499
3792 4200
271 312
271 1186
272 2052
116 564
1008 4322
2468 4725
271 6438
271 519
0 2828
2891 3179
365 2150
0 6357
365 920
3986 4377
1137 1159
1137 6173
566 6927
54 5065
523 833
271 3041
2891 3398
3521 3597
331 5906
7033 7465
868 2123
833 2111
1893 2623
365 5741
2463 2891
81 5815
912 1469
990 6600
1397 1469
572 834
2880 3152
868 1529
1130 7465
912 985
1137 2266
93 1137
914 6800
365 2478
155 409
564 833
0 6316
1624 1656
572 1921
356 4579
0 2121
116 868
365 2954
93 5872
271 6166
747 913
1095 2863
200 279
572 1904
365 5391
278 304
1137 2114
859 3559
2468 2476
83 2988
749 755
1346 3845
1035 1904
271 7033
398 574
153 2988
2448 5078
7635 7705
529 2468
1223 3185
138 912
2085 2614
267 271
373 2988
70 783
271 7375
550 718
868 2343
0 3578
279 444
2085 2380
143 1782
579 2891
1861 2988
0 102
0 939
1343 3565
1382 2872
2891 5070
912 5817
747 868
71 271
764 913
0 5719
579 2437
0 1739
747 1642
868 1541
787 2823
365 2319
827 2476
120 143
2891 3613
1026 1900
1008 1998
273 1392
0 2845
572 2067
93 5028
1024 1942
1872 2811
2443 2891
3968 4207
93 6291
0 819
168 279
1035 4060
764 1618
859 5894
496 636
81 546
271 5021
2392 6479
1137 2125
271 7493
2891 6988
2707 4533
418 2988
2891 4040
382 6761
365 6170
1402 5020
792 2468
2891 6496
271 1739
1157 1172
0 5584
271 2088
3509 7013
1188 5906
2468 3074
271 3697
1652 3217
783 1359
271 6458
143 155
2104 6150
3014 5906
2614 3517
271 2137
912 3613
365 1776
0 5586
0 7211
1192 1407
279 855
378 1904
271 2835
1406 6097
1904 4060
271 5018
365 5899
859 2295
1547 7306
651 2660
3290 4564
271 825
4976 5065
271 1054
868 2468
1904 3753
1051 1137
271 6290
1137 1591
813 4382
1137 1421
519 2742
2392 5664
2425 5401
868 1547
26 1135
0 2988
365 1199
912 2341
1137 3593
1872 1923
271 6403
344 1008
912 7165
145 257
2706 4186
2891 7488
0 988
271 3613
868 2692
271 1994
372 808
1659 4616
1921 1942
147 610
2272 7298
271 7386
365 1227
0 145
743 5710
107 4950
1121 2988
712 5815
314 6461
1942 2991
1901 3707
365 2409
912 2872
1893 3948
271 5489
3233 4725
107 138
271 2907
988 1885
0 2318
81 1184
2891 5475
138 271
107 2874
271 6408
1904 2007
365 5817
271 2223
390 548
58 5205
868 2614
365 1656
69 107
365 7033
271 670
271 1450
625 1322
138 1358
279 448
1872 2654
11 109
0 6974
747 1138
1137 1947
271 7399
271 783
38 1093
2647 2777
1006 1035
868 2474
3333 4612
819 5065
378 2545
599 1137
1137 2474
2891 5660
271 1822
271 2614
507 870
0 241
912 6390
1008 1947
747 1777
783 5002
271 2546
641 4061
2891 6973
84 913
912 3186
2478 2614
1151 2891
1352 3780
271 2228
1782 3436
1464 5819
365 1251
365 764
271 5866
93 6391
365 1213
365 1544
2468 2706
365 5547
1137 2514
314 316
365 783
5731 5964
761 4612
1137 1319
365 1358
143 1086
6252 6489
1008 2717
1900 2790
1893 2638
564 5925
730 2085
365 727
81 6934
138 564
271 6962
34 271
351 611
785 912
143 261
2891 6412
2387 2891
5906 6271
81 808
572 2692
2668 2811
0 5391
271 907
2891 5925
1137 3596
0 523
1607 3186
277 868
912 6133
7 81
896 1352
271 5352
271 7120
272 1035
271 1464
259 611
100 143
2696 4416
792 4676
1901 4062
2665 2891
271 1138
0 3646
2903 6284
365 5354
385 3801
4416 6838
1704 3235
138 1942
3513 5156
1585 1607
608 1881
1921 4333
575 1904
730 2914
19 5816
230 377
783 3066
0 675
2828 5320
1547 2125
271 3116
81 261
1764 4519
107 2084
81 6185
1695 4658
271 7129
3241 3330
0 2468
755 910
48 66
103 5342
271 1130
1571 3269
485 636
3953 4305
1108 2235
1008 2699
271 2392
568 868
0 5486
52 2143
1942 2678
2094 5543
783 1791
399 523
2891 6458
608 1872
2891 7316
143 1050
2891 5391
1352 1872
912 3474
2102 3509
2891 6171
1008 2737
783 5332
314 1110
365 5381
1352 1727
365 7217
5731 5906
808 4319
783 7410
1900 3777
271 1422
2891 5779
1335 5586
747 2125
107 2474
139 145
651 4319
143 606
1035 3753
5713 5816
2474 3186
1137 3670
93 7299
72 1137
1035 1908
1591 4781
271 912
68 143
868 2891
241 271
868 1130
1137 1406
47 2007
279 1137
133 3001
143 2141
868 1273
365 5630
147 5815
0 3408
365 7210
833 2112
912 1740
271 7436
2395 7415
1607 3310
1130 2891
365 2872
1564 2891
271 5899
2382 2468
1314 1406
138 601
912 1024
638 1137
313 2382
138 304
271 2478
271 529
365 5333
271 6934
2392 2557
84 1585
1137 1335
271 5935
688 7074
564 3131
745 746
356 1690
2891 3409
1872 2709
86 936
277 3595
747 1397
519 2891
2114 2235
365 3597
1161 2938
365 2988
747 2545
1137 5756
7061 7169
0 7187
84 1607
1352 4575
81 2306
271 2891
392 551
2474 5808
2341 2614
1163 3252
749 1663
356 2145
0 60
955 2816
143 1051
271 1110
517 519
529 4262
597 2384
359 1137
2238 7170
1137 1791
1327 5020
564 6122
272 507
0 1093
624 2007
107 1093
365 5471
868 1008
271 846
81 5906
1096 2510
2614 2722
0 1268
81 1981
4389 6514
840 2260
5045 6153
385 2675
5393 7161
1243 5701
1804 3069
572 967
868 1406
245 281
84 1591
120 912
365 7341
747 766
272 808
138 236
988 1942
271 5855
1799 2468
914 6879
1137 5464
414 3466
1246 2384
1893 4416
564 7026
1921 3946
564 5529
912 1811
998 2618
365 1130
20 81
365 1792
110 1782
2264 7038
1006 4095
988 1035
138 1137
365 5795
271 5812
5065 6421
2478 3096
0 849
2678 2811
1804 3588
1137 4950
116 2107
93 1346
579 1137
271 6202
156 2085
2891 6385
271 1656
2891 7243
868 2451
494 636
271 2324
238 2468
1792 2891
224 6552
138 626
676 1357
377 2816
1942 4322
271 7560
2891 6971
651 782
2455 2891
859 6312
271 2437
271 5644
2344 5731
1210 1422
236 365
400 574
257 912
1553 7207
868 1777
365 3621
859 3683
1130 5812
1110 6077
38 143
1137 1165
365 1268
0 1218
277 1135
764 1502
271 5922
1137 5901
25 5816
912 6423
271 313
868 2125
1872 6838
2125 2903
1942 4519
1051 2891
2392 7254
747 748
1264 1490
886 4382
271 1782
1159 3041
1135 2468
271 5470
271 6433
143 808
564 1904
56 1211
1335 3577
2891 5393
135 2510
1877 4343
1048 2748
912 6212
783 6979
271 2293
370 1137
1137 2888
372 893
271 5350
24 5815
1079 1137
365 1406
3944 5499
868 2433
2474 3273
26 271
72 3053
114 808
1187 2304
2104 7088
1346 1759
271 1791
2007 2114
2392 7460
271 2443
584 2141
1923 1942
1335 3649
303 718
5320 7575
1137 1683
365 6998
825 2155
271 3640
1942 1981
138 1130
912 2377
787 5543
1051 5042
2180 6286
727 5094
143 747
2891 7476
271 2823
379 4382
1803 2392
277 1137
279 422
100 564
271 5936
0 6423
747 912
313 5530
271 7542
1528 2304
2759 4416
271 6390
117 281
271 1529
272 1322
365 2180
1901 2043
125 279
747 1652
236 912
356 4802
143 2286
271 2085
955 956
1745 4945
271 3386
107 3117
81 2468
401 523
1607 2474
107 7368
107 7455
2678 6694
365 890
365 2828
365 3600
279 7636
271 3499
122 228
378 1901
753 910
2 81
419 2988
279 447
3946 4305
764 912
331 4319
2043 4466
1942 2742
356 2545
271 7551
0 103
271 3187
133 2516
539 1137
1942 4168
271 3218
2468 3832
764 775
584 1254
46 2891
1137 6949
2891 6506
1110 2441
1212 2891
271 2457
2891 5928
365 5284
0 5112
1099 3235
783 2954
271 6977
1901 2654
5080 5731
3217 3350
365 3593
365 2463
271 855
2991 3719
271 7158
1137 1193
572 695
308 2516
2468 3728
0 4305
365 5905
21 5375
1235 4739
747 910
1695 4659
107 2293
868 2145
365 917
24 116
244 365
841 5731
801 2966
1335 3647
3290 5274
1942 2043
4168 4416
680 1236
519 868
3509 7012
808 3720
3333 5274
238 5536
564 1395
783 2963
1012 2647
912 1901
0 2307
5094 5834
145 271
2057 2618
271 1564
2272 2304
271 3607
1137 5575
912 2238
271 5205
912 925
609 808
3513 3596
747 1664
5699 5906
3509 7393
897 2022
0 2143
379 4389
277 1489
6310 7384
572 1893
271 824
572 1008
1541 2903
271 3296
1872 2614
271 6301
507 875
912 1135
145 375
507 6591
2516 5295
507 2050
365 2891
365 1382
523 1553
138 747
0 6170
159 169
3792 4168
271 1343
271 6989
2319 5660
1035 2039
3420 5336
4344 4486
1006 1942
2341 6366
833 835
2286 3408
2088 2517
289 1051
912 1981
1352 2815
2891 7194
3506 4945
681 2468
365 6036
271 3681
135 2999
1900 2691
271 7180
2891 6417
271 3042
1904 2742
1137 6109
271 5759
783 2602
2991 4064
271 7357
572 1998
576 1768
1108 1137
1137 5617
859 3389
0 5537
376 1872
0 1358
143 1406
754 910
271 3574
138 785
81 223
365 1093
365 5553
628 4171
379 1989
584 1361
1137 1325
272 275
143 2433
271 1135
1011 3742
700 3832
572 3749
795 1072
912 2437
1547 6123
314 4951
382 1942
365 1137
0 2891
271 6138
764 1659
909 5995
2891 3474
2063 3749
365 2963
912 1319
143 241
156 4319
0 1600
2675 5747
3509 7392
1137 6055
2891 5608
365 5401
2911 3118
783 2293
1351 1792
271 1544
382 1904
365 942
0 2665
764 1641
1024 1352
1871 2650
279 479
914 1927
747 1130
2891 6137
0 3647
365 1357
143 1081
81 1792
605 4469
608 834
389 718
2891 3386
1915 4305
912 1108
758 3211
2125 2474
16 5906
0 599
2891 5392
1137 2280
523 1137
143 5816
107 1406
271 7299
1901 4207
1792 5906
2389 5608
783 5313
365 5394
17 2988
0 5758
5065 5906
1137 1358
743 4951
271 1553
2665 3565
271 2213
2474 2891
676 5094
584 2231
400 5374
271 5342
365 5731
2891 6327
2891 7169
271 2386
1137 1369
271 2376
312 4544
990 4376
1325 2614
1099 1706
143 269
120 5906
0 2324
1523 2384
1 2125
1942 4305
2436 2468
2891 7210
824 2991
376 804
783 3068
1421 5429
3753 4305
912 6260
5333 5548
868 1268
783 5018
582 3300
271 7128
833 2468
1137 6952
271 7481
0 1006
1693 3253
365 1635
764 1688
365 4989
2919 5546
271 6217
270 564
365 7156
1051 1193
564 4539
1179 3095
271 1792
3973 6623
2102 2104
0 5332
141 143
1137 7156
0 785
0 1137
271 1259
107 5242
2508 2891
1137 2903
271 5573
2668 2678
0 6426
1110 3683
81 3237
143 1325
988 2891
762 4616
365 3001
378 2742
344 1892
4153 4417
1819 1822
379 4319
271 5071
238 308
985 3703
990 5314
271 7607
2502 7165
1893 2793
271 1600
859 5682
271 6412
138 344
2114 6381
2135 5094
3509 5282
1406 5779
1035 2991
145 912
271 1797
625 1904
402 3073
81 786
2304 4918
1547 5386
138 868
2758 2795
599 2891
5855 5902
1918 4322
1901 4186
1243 5491
815 1871
365 3206
2891 5690
3707 4305
988 4206
344 4422
783 4988
70 272
2891 6349
2022 4073
681 2145
2891 5342
100 360
272 914
2891 6935
3529 7624
564 4956
334 611
1217 1693
365 5332
5024 5608
271 5680
1693 2468
228 307
613 2891
760 1659
1137 6123
0 3597
1024 1959
271 847
2085 3001
107 241
1130 2468
1137 1177
868 3509
1062 7633
143 1137
1421 2468
271 5036
2678 4244
747 3210
1782 6968
271 7332
0 1011
625 1035
2298 6076
365 5180
747 2433
271 5959
488 636
179 279
241 868
365 523
271 5187
297 718
275 625
2341 2891
107 108
271 6942
2437 2891
2562 2891
868 1591
143 988
3517 6252
764 3220
365 5470
914 4490
107 2828
397 523
1553 5042
988 1137
1051 6979
81 352
271 5045
81 2152
912 988
507 1872
252 271
1137 1379
271 712
331 2043
1881 2991
271 2899
1137 5819
5039 5391
2058 4046
656 2828
797 1137
455 2988
365 7128
1656 1659
381 2474
833 1137
756 910
45 81
4168 6835
1210 2891
216 279
890 4416
507 808
148 1551
762 3218
868 2238
775 1698
808 2468
44 143
2891 2929
271 5218
0 2478
138 2125
354 4382
271 672
890 4149
93 279
0 2150
2384 2389
271 5042
2104 2444
2891 7492
624 914
107 7181
367 2988
271 1078
808 1872
957 1981
4401 6730
2468 3218
1745 2891
3574 5391
4305 6836
1081 1274
365 7121
598 5906
236 1137
868 1635
1927 2641
233 4319
764 769
572 2759
572 1871
2468 2891
563 565
0 3137
747 1553
271 568
74 145
0 1108
2891 7336
608 2067
507 4441
99 107
0 257
81 5816
912 1553
747 788
523 1335
365 1267
1137 6170
0 1544
2891 4940
2557 5552
81 143
365 2966
0 4342
138 1541
379 955
747 1335
143 912
2098 2114
578 2891
271 2844
272 2039
1137 2563
783 2386
2891 3445
3517 5305
783 912
0 2
271 314
1177 1591
793 912
2891 4593
821 840
2845 2891
787 1090
365 5020
564 747
2891 5592
785 1137
2678 4408
271 7419
365 1591
590 912
365 792
988 4055
1137 5547
279 424
138 1548
4545 4708
1051 7570
572 1915
833 2109
783 5550
783 2321
1942 2100
1942 2007
868 1738
0 25
2404 5906
868 1553
2891 5949
230 379
271 5661
1335 3648
365 1108
680 912
81 1551
564 6252
4377 4446
0 4175
0 5583
271 7139
1635 1642
1438 3074
238 326
365 785
0 2123
81 566
0 2577
325 3478
1441 2891
2867 2891
77 1085
1235 3250
365 599
2891 5352
272 372
2891 6488
2510 2959
311 314
271 2084
271 6328
2675 4490
1008 2066
143 5274
271 6097
572 2037
912 1904
25 868
673 5932
75 5815
2123 5260
2891 5756
279 329
1959 2468
2891 6952
0 5899
747 1358
1335 6924
93 523
298 392
279 446
572 4305
139 331
241 1137
1011 3918
272 2012
1137 6051
356 912
279 559
49 1228
145 365
271 6286
25 4355
568 725
912 1138
271 273
271 7484
228 6364
59 564
271 747
5375 5572
1137 3613
1652 3220
0 6157
2891 6362
365 6320
868 3693
37 271
107 7156
0 2474
2474 3034
1137 3040
30 358
1137 1893
1137 1192
271 1591
2238 5971
1163 3301
608 1901
2678 3889
365 5242
912 2891
272 572
2457 2891
672 2341
279 437
365 585
3774 4153
792 4708
575 1984
1137 4040
279 1861
0 7439
1137 6496
3565 5391
753 1663
0 2919
238 3699
1335 2894
1872 4064
1652 3219
271 7342
646 718
143 783
0 1079
271 3606
1035 2033
584 5901
2085 3333
120 1137
486 636
925 2474
138 2988
1035 2742
2891 6205
572 591
271 2845
271 2248
77 1928
764 1664
580 629
107 7133
271 6255
107 912
0 955
905 5678
143 2306
271 2425
1893 2641
1137 2155
271 4544
913 2145
271 6945
507 874
584 3524
1022 3832
912 2343
271 839
2286 2891
0 6171
912 6153
356 1672
365 868
783 5792
1382 1729
365 3035
271 4988
807 4382
1872 2816
766 1630
271 7460
271 659
379 6562
271 1541
107 6444
833 834
365 572
279 453
783 2891
271 6260
1419 2417
257 1137
1011 4244
143 1108
868 1335
143 3517
74 5815
93 7332
608 988
678 1764
2891 4657
1057 1177
2364 2891
608 1942
277 7030
651 671
271 5758
690 718
271 5600
271 1462
3502 5731
2363 3521
2409 5662
401 1241
1984 2468
1159 2891
564 1792
2894 6347
3466 7006
365 1218
2058 2468
0 1359
365 1006
1568 5906
279 450
271 5916
0 6022
1818 1822
365 6137
365 564
1031 2665
591 783
1825 7362
305 2085
910 1663
138 523
103 271
812 2052
314 5536
92 759
0 568
572 886
365 3675
1051 3632
764 1652
905 1137
138 833
659 2125
572 2056
746 5731
769 788
1137 7538
0 80
271 3693
271 3479
2891 7031
2468 2629
905 2088
747 988
368 2012
385 599
783 6333
0 2085
271 2343
365 2323
585 2392
279 2215
3187 3262
2135 2137
238 1137
783 6328
272 4006
1051 3736
1406 6217
2891 6240
507 881
1777 2614
5906 7272
914 1942
1635 3210
271 2177
2891 6092
2891 5395
1893 4350
747 1325
107 606
564 5621
1137 2478
1133 2309
107 5731
2474 3001
2063 3792
365 3014
365 5393
2384 5024
1130 5876
365 7560
81 3131
402 523
143 2988
1006 1904
647 718
138 1406
271 5112
564 675
271 5337
568 1137
271 6211
1117 3333
672 2392
564 2145
2742 3873
517 531
2911 5428
2891 5553
1137 5305
30 2085
611 679
138 224
3753 4416
1137 1745
36 7211
1441 4706
313 314
1551 3053
783 5655
1872 1942
572 2717
272 4414
834 1035
2453 2468
1223 3186
271 6497
5065 7020
868 1138
783 5764
271 3118
325 2600
271 5297
1348 2823
365 6423
271 7480
271 1561
236 2988
112 2269
366 1961
896 1872
365 1744
365 591
271 868
143 595
868 2100
915 2891
325 5059
143 3237
0 143
747 1624
1137 1738
54 271
143 2891
2436 2476
271 5411
2891 3512
271 7091
72 912
1137 5344
365 833
3517 5756
564 7097
2085 2665
747 3231
5393 7294
378 572
3235 4725
271 764
236 562
2205 2988
868 2988
271 2424
375 1798
2085 2306
314 3437
912 1067
312 1160
156 4382
271 2224
365 5338
1137 3128
1591 1698
1137 1553
2811 4305
0 362
1894 1901
224 3870
1006 2761
1881 2019
272 4396
0 5025
1942 2722
783 1464
271 596
868 3186
584 5756
4207 4416
1523 2510
3001 5530
747 3220
138 1012
0 6463
1650 3218
519 5142
271 709
564 5489
564 5038
1095 5065
261 868
1335 2960
23 81
325 365
271 1099
2264 7107
59 81
0 3114
365 5331
1352 2033
271 1160
766 3218
365 7498
325 1053
271 7281
2093 2380
146 2988
365 3640
81 1351
2891 5439
2085 3404
2863 6421
2474 4979
271 5151
1035 4416
81 5045
277 2474
113 279
331 344
0 5237
271 3568
0 4322
5815 5906
564 3116
1352 2722
143 1268
1130 2224
777 2019
271 2304
2468 3792
271 5084
11 257
231 1137
271 7556
271 1104
1092 1438
1035 1872
1352 3769
1547 7418
2084 3593
2085 2437
271 7294
365 1466
365 1797
868 2224
1160 3145
272 2678
365 2172
7633 7705
572 4416
2891 3096
331 2468
5065 5171
1901 3946
365 1024
868 3517
1006 2012
783 933
81 156
1893 2891
68 2085
0 93
5391 7231
271 7452
41 5045
1137 5818
783 3621
2618 2803
3621 7496
271 6316
1093 5065
115 5906
2114 3187
365 7037
868 2088
2891 5055
895 2991
745 841
138 143
1137 1782
0 5119
783 5331
2168 2433
271 1811
386 718
271 2160
1942 4416
3973 4352
1900 1951
1137 7011
0 5920
622 3973
1591 3196
507 879
1161 1251
143 2474
568 778
2891 5664
107 2376
145 868
807 4319
81 5274
1359 2088
1137 6511
747 1640
1137 7247
1764 2474
608 2100
271 1211
70 2891
138 624
2888 2891
277 6082
0 5935
271 833
66 365
271 2589
405 523
1390 2563
910 4319
358 400
833 2104
81 5065
378 6552
134 279
2286 7088
497 636
868 914
271 6463
356 4759
1901 2683
271 680
564 5542
272 975
138 272
223 303
242 328
271 2286
912 2988
641 4382
807 2615
747 3449
66 3421
271 6157
5391 7095
314 2295
868 912
833 2107
271 2976
1137 5812
1693 2891
29 1121
2104 2307
54 5906
887 1984
90 1137
235 565
1243 2335
1235 2474
0 1469
1541 7229
143 156
608 4149
314 2436
1149 1192
0 5876
271 6435
1081 1464
906 5906
912 2235
2891 7415
143 1901
1553 5028
365 1259
272 625
271 2872
0 3002
2828 6220
93 5071
0 107
833 2108
519 689
271 6309
5762 6011
66 81
271 5393
271 6331
1137 1544
0 26
0 591
145 2891
271 3700
365 5084
271 7037
1137 6961
87 143
271 7250
71 81
2395 5699
15 1050
5460 7668
1348 2419
0 3158
747 1352
680 747
238 327
365 2700
81 2516
728 7364
81 1122
312 2382
1490 1670
279 416
135 1137
0 6444
0 98
1235 3253
3973 4382
271 6114
912 2468
1100 2125
2005 4322
2088 2298
271 7210
271 1213
271 2243
2894 5033
271 5733
138 764
365 1100
107 7441
701 3720
2654 4430
0 3406
365 2468
625 4043
365 2380
1067 6109
611 4319
868 988
142 143
143 754
20 584
3065 3509
2451 2474
81 6383
2891 5139
390 718
3509 5758
1782 6137
2152 5816
0 7375
271 7545
2476 3437
761 3333
905 5224
1553 2891
1163 1693
601 814
523 2286
365 6123
271 272
365 7551
572 1881
0 3648
747 761
271 1243
271 6979
397 410
1091 2891
1621 1635
1382 1698
650 692
2091 5816
564 850
356 3188
372 2545
893 1904
1008 1872
3409 3517
271 5022
912 2692
0 1343
138 629
271 6241
365 7335
365 584
365 915
107 5464
271 2419
2891 6943
914 4171
2891 7170
833 2110
107 145
912 1130
0 596
2299 5816
2828 3066
903 2022
783 5685
575 1872
1335 3646
764 1640
758 6500
365 5063
81 5529
224 2659
509 1199
3801 6623
2891 5575
1137 2387
1635 1664
747 1343
1885 4395
868 1901
1137 7407
834 1942
271 5027
680 5265
1343 5313
11 2988
328 2516
1035 3728
271 1051
572 575
608 777
1335 3025
231 2988
2828 3065
5094 7519
365 1099
507 877
271 939
271 358
2468 2748
143 1544
1893 3736
385 572
143 5496
72 3120
271 5167
4401 4402
365 1079
553 718
1137 1397
1900 4319
27 1325
414 2891
752 1659
238 3389
564 5061
0 2088
302 1942
1137 2341
143 5906
749 910
66 6133
1054 2082
519 523
868 2478
271 2954
314 1160
783 1241
107 2395
1173 2384
1274 5386
1239 2828
107 143
568 747
813 4319
1472 2237
143 1553
1358 2891
271 4013
936 5506
81 6080
66 3614
3517 4940
991 2737
1585 1698
93 5239
365 2109
81 279
523 783
2104 3595
271 539
271 7119
2891 6331
5392 6961
271 667
1137 1259
365 2254
2384 2891
2400 5543
2891 6211
5731 5960
5391 7117
608 869
365 1693
93 2610
868 1343
81 110
271 887
2516 5437
1035 4305
3273 3330
93 788
2253 2863
868 1137
385 1009
394 5906
914 4295
271 1108
365 5042
2392 2444
2891 6226
0 680
48 912
1108 1591
1116 1137
1872 2474
271 7124
69 81
271 7477
365 1541
238 365
912 1346
0 1777
385 808
1217 1235
580 611
912 2100
0 5161
271 5331
417 2988
2341 5916
271 3095
1035 3719
1942 4142
868 1108
2654 4175
365 2392
271 2448
271 6975
507 880
813 4305
2891 7162
271 381
783 5641
271 3438
1137 2286
868 1782
912 1137
1137 1267
0 890
365 846
1683 2468
271 2238
2474 2547
271 3487
365 5392
271 7133
913 1622
1110 4968
1108 2376
40 1137
272 1038
143 1358
279 285
1585 2468
1397 2067
1529 7402
271 5336
0 6927
2137 2239
145 523
143 1024
271 1151
278 1038
1051 3728
365 2385
912 2088
1177 1392
1693 4739
749 1502
859 2532
2872 2891
143 271
143 2343
271 3447
271 4898
257 523
889 1893
0 5811
564 3700
365 1051
890 4168
365 5882
1441 2468
365 2088
3870 4030
1942 2474
16 81
1264 1670
868 2665
225 2988
1067 2614
572 3728
1942 3792
3041 5188
271 5391
271 6219
1137 1656
727 5775
365 576
912 1406
3187 3189
694 4319
2150 5369
365 5344
1137 2063
2468 2717
599 1011
779 1130
271 7266
1352 2668
365 3020
1070 1318
510 2891
1667 1727
583 2238
2891 3617
2088 2269
731 2891
363 3300
912 6253
52 783
1137 7524
94 2988
281 286
302 2468
1352 3521
1872 1918
2392 7516
4168 4533
1024 2891
2891 6358
238 262
783 5932
591 1981
1192 3143
2088 3409
34 81
2872 5438
912 1192
859 5684
385 3832
0 1051
912 5764
365 5337
890 1942
271 5471
1804 5906
365 1479
93 384
365 680
2891 5540
116 143
1641 4620
1062 1063
271 599
896 4135
271 5025
564 2248
0 393
2007 2694
783 3506
2891 7281
868 1135
392 547
1872 3792
3520 5237
279 474
271 6147
1015 2065
138 2224
491 636
3031 5282
66 6253
1160 2600
365 5330
100 822
271 6931
271 6350
4382 5906
356 1669
2384 5118
654 3986
271 7040
144 2395
29 1211
1553 3330
781 1900
1274 2891
15 2828
1137 5242
271 785
12 584
378 591
2891 5242
143 568
572 624
783 5460
1981 6666
1600 4723
81 5375
1135 2474
271 5953
138 591
69 825
747 762
1137 1635
14 271
2618 6730
761 1662
365 3487
365 5654
293 4319
2114 5139
0 3577
223 5906
410 5928
271 564
1352 1942
0 1112
1051 2043
868 1051
271 3617
365 2502
365 519
917 5002
890 1137
608 2007
2891 4944
272 2694
271 3670
271 3576
279 415
138 1553
2022 4156
906 2125
376 3792
271 7455
145 607
2081 5906
271 1067
2891 5819
584 2086
365 5758
1872 2067
1035 1981
372 591
1900 3989
277 5566
2304 6304
271 1112
107 3466
379 4181
753 3210
1904 4301
909 2468
912 3682
783 1756
990 1322
783 5252
2085 2394
1921 6688
608 3389
1137 2929
1108 1325
523 2474
747 785
1013 4346
651 4382
66 5906
610 1343
271 1406
654 4466
2891 6996
281 506
138 572
572 611
93 6179
783 868
2891 6386
271 1745
1137 5392
271 3621
747 1024
276 6423
1006 2070
262 1160
101 2891
2137 3634
628 6879
365 7119
1472 2125
143 1130
608 2673
2043 4376
2891 5460
2468 3670
271 5641
1872 2722
271 7022
228 2516
271 7247
718 1981
1137 7336
271 2168
388 392
1137 2237
5190 7040
810 4515
1137 4940
2107 2885
1137 2318
857 3241
232 271
1099 2891
81 5266
1370 4781
271 728
272 1352
271 1081
868 2437
0 2286
2468 4040
1635 1650
365 7324
271 3664
747 1659
0 4
1236 2085
107 564
2891 5036
747 2224
564 1434
271 5654
764 868
271 7031
143 2235
610 2299
143 821
1008 2615
572 2678
1024 6513
5352 5758
365 3068
138 1081
1335 3578
365 7283
808 1871
747 783
288 744
271 6511
272 967
3845 4099
0 3003
2891 5547
279 426
0 5241
72 2134
2387 5690
5506 5515
81 145
604 1172
1782 3549
1942 5094
912 2478
271 5392
641 1985
276 5392
272 331
833 2106
3041 5811
143 1115
868 1904
1137 5949
1892 4305
1137 1688
0 138
31 145
56 2988
3509 5283
365 2474
271 4305
1051 4416
279 436
0 6304
271 6488
1942 4301
302 4319
546 5906
107 6466
271 7449
0 2125
271 2303
833 868
1192 2408
912 3445
1551 5906
1901 2451
1335 1548
236 636
107 6284
2891 7283
365 3563
758 1635
365 2177
4342 4344
1668 3187
143 379
1024 4046
378 1942
912 1149
257 591
271 2086
365 2322
5394 6249
1137 2263
599 955
1693 4676
890 3916
143 145
2510 3569
764 3210
2928 4970
261 912
912 7158
783 5573
1228 2476
365 5871
1108 2343
272 608
272 1871
3517 6051
1160 2118
572 3736
279 440
385 1942
135 1129
271 6171
2891 6313
629 1003
1235 2226
1100 3059
539 3001
712 2104
747 1051
583 1130
271 275
2005 3756
143 1541
271 2323
6 72
2476 3559
365 5281
1038 1872
271 6978
70 747
3 5815
912 7043
233 271
271 384
787 1115
1067 2429
1184 2260
138 1051
608 6761
730 944
3517 5819
1407 1568
868 1981
3845 4096
279 433
365 5902
523 1343
271 5374
5118 5608
1137 1343
574 2891
783 6310
3509 5791
1411 2323
912 2451
382 6562
639 810
2263 2468
2891 7121
365 728
868 1544
271 3163
93 2260
1199 5401
1544 3509
372 702
325 2382
271 7011
2 143
868 1695
868 1236
271 6366
365 3040
1872 3946
917 5049
1811 1942
1137 6205
3621 3660
143 1397
271 5094
156 868
267 398
271 6249
271 7497
912 1235
145 1137
93 912
1137 5106
271 2427
81 115
119 912
344 3719
2104 3118
271 5492
2096 5731
1704 2474
747 758
312 313
93 769
2303 4918
1352 4040
1798 2988
271 5166
365 7434
363 1235
2778 3769
1894 4305
143 236
2022 2468
400 523
1177 1534
868 1235
365 2446
2891 3079
783 7433
409 1318
271 2145
2891 5795
10 5906
1994 2709
564 5980
1031 1872
1771 2478
1568 2408
279 455
365 2125
108 2517
747 1137
912 1541
107 907
0 79
1352 1630
1035 3720
629 3873
1893 2636
2474 3654
132 145
238 2957
912 2433
0 116
121 365
747 1621
2120 5894
81 1188
2468 3613
1099 2474
143 5815
1019 2991
1108 5919
3235 3329
271 7167
591 747
365 2108
572 2100
1137 2873
272 1893
564 2286
1325 2891
271 2043
93 572
72 6104
271 2264
0 2991
912 2665
4417 5741
1008 4168
271 5333
3187 3259
271 7516
0 70
2043 2474
143 1085
271 2962
409 1070
2104 2176
912 2125
1137 5438
272 6897
912 1419
2137 2891
1130 1921
107 1335
271 7483
0 2894
3517 5460
762 764
0 5063
868 2286
1942 2692
1792 3051
768 910
0 868
143 868
0 1054
272 1811
2307 2468
271 2433
405 509
3845 6659
1116 1541
1137 3720
990 4346
30 143
379 571
912 1764
354 4319
1965 2070
0 1165
3517 5515
365 2577
279 469
279 1359
271 5330
752 910
365 7167
1406 6055
143 591
271 1137
1274 1464
1008 4319
271 6036
68 868
507 883
272 865
271 1254
382 3845
1179 2085
271 5125
906 1411
271 6426
271 4343
272 1008
107 7115
2468 5747
2516 6296
365 2094
1137 5600
365 579
1035 1893
1110 5710
271 1554
1008 1908
314 3559
857 3187
1137 6937
600 808
107 3598
1130 6382
783 5600
143 2614
365 2384
93 2891
352 1792
1881 3728
2384 3675
912 1529
1137 1453
236 279
271 325
241 936
1160 2382
32 143
271 5122
1800 5918
271 7092
1137 5998
272 376
363 3301
271 576
2963 6299
314 2441
622 808
777 2474
2281 2891
3517 3600
272 1921
785 868
909 912
365 1782
271 1421
1693 3250
1872 3811
2891 7125
271 6218
893 1942
783 7526
0 912
1137 5460
2088 5948
271 2468
124 2988
271 6924
2377 2474
2104 7442
764 1642
2093 2392
2088 7148
365 3652
14 5906
0 3632
0 5393
1051 5063
1438 1745
107 120
3237 4539
572 2029
1008 1811
6 1551
93 3845
914 2614
271 3564
599 1406
766 1635
1343 2821
0 1325
271 2577
1547 3453
2212 2988
610 2249
680 934
77 4382
378 1008
350 5906
1539 2468
0 34
93 1872
648 718
1008 2891
21 783
749 4621
1130 7402
2088 2443
2150 5354
2468 7095
0 5392
143 2088
236 2891
1137 6135
365 3466
564 868
1165 2891
325 539
271 598
143 1335
107 7102
599 7420
572 2474
143 2468
1137 5515
1635 3220
138 1010
1011 4408
81 5496
1421 3687
365 6994
382 624
2891 6350
1137 5357
680 1137
0 5621
93 3727
5205 5906
917 6974
285 423
1137 1479
0 57
3792 4350
1395 2107
271 2474
2145 3186
3728 4469
271 6345
365 6366
93 143
1163 1346
769 1652
2125 2379
1011 2545
625 4422
356 1670
1745 2748
357 358
2392 3404
143 223
143 833
890 1904
1872 1901
271 7441
130 358
2392 2476
1130 6022
66 564
2516 3645
912 1051
1051 1764
1177 1569
271 6179
783 6067
271 2321
728 1090
