7716 7033
572 1035
0 2547
271 6471
272 979
271 2863
81 357
783 2264
1137 3573
572 1897
314 3145
1137 5816
1137 2137
566 2891
1664 3357
1026 1900
1137 2090
3986 5499
908 5906
0 747
608 1904
868 1782
365 5460
1137 2235
1348 2304
1981 4694
912 2224
365 5605
2363 7115
143 2341
271 2320
2468 4107
1670 3187
2627 6863
999 1006
279 1829
1942 2008
365 7118
271 2433
583 5491
564 1436
2678 6886
288 611
1079 6951
2891 5706
1782 7190
3520 7181
272 1883
1011 1878
279 428
379 956
890 2137
107 365
3051 5905
365 7560
1137 5084
143 6026
1981 6678
2100 2474
3565 4092
143 1138
271 1193
2618 4359
272 3885
912 3665
377 6796
365 3067
271 5021
1010 6655
358 2951
3948 4160
783 1556
2891 7552
529 4341
2142 3557
271 6277
564 2993
1008 1035
3820 5741
271 5662
3237 5274
3187 4579
271 2706
271 5775
2783 4023
747 775
5147 5492
257 1273
868 2341
271 5948
135 2384
54 2336
376 6655
1040 4163
271 277
1010 3921
608 2545
4316 6530
2676 4092
3792 3891
107 7443
0 759
3792 6539
271 5187
1989 2681
143 2440
783 3108
4040 6779
1263 1580
2445 4344
271 2420
1137 5344
2880 5746
914 6800
143 914
622 4279
5218 7393
4421 5499
4148 4261
271 2031
77 1932
279 432
706 988
958 3868
271 7488
783 1359
857 3187
273 4620
72 143
271 1165
2891 5925
912 3517
755 771
608 2692
11 109
0 6326
1900 3777
2891 5660
271 1443
120 2125
349 1008
572 2821
1406 1772
409 523
996 1968
1137 3482
912 1325
891 6766
2468 4040
0 5550
1877 4343
801 1871
1235 3298
365 3720
1335 3003
1137 2960
783 2320
53 271
0 949
1160 6312
143 2254
272 1352
365 2107
143 5224
1553 7161
252 1211
1035 4038
107 5552
3707 4257
118 120
271 5332
271 2376
365 2397
1942 3772
271 5445
990 5314
1315 2384
628 6535
2991 3719
783 1051
1904 3760
2437 2891
271 868
834 1901
279 2208
808 1872
560 1009
636 1860
271 6969
1406 2580
650 718
385 1894
1035 2061
377 4208
331 1035
25 868
1186 2891
792 4708
1764 2342
271 747
4098 4099
1871 3717
990 6764
0 85
377 6566
2670 3720
271 905
2699 3922
1881 1942
572 2007
785 6977
3187 3296
4421 6821
1137 3004
887 2027
1137 1492
224 4011
0 3632
1797 5242
3801 4001
2516 5443
584 5756
271 6117
1137 1445
2400 2420
912 5662
2928 5699
1160 1799
81 5065
143 564
271 1635
0 3408
356 857
1616 4711
107 5421
1000 1048
2468 2694
955 3792
3596 5540
564 3652
1248 1693
279 395
1921 4424
271 7435
1980 6657
271 1063
868 1397
2891 2988
271 7608
988 4059
271 1108
5393 7294
797 960
365 4198
834 3724
272 3921
143 1343
1397 2116
591 1981
2024 4305
4305 6701
2468 6848
3879 6100
6170 7310
2481 2891
747 764
372 591
1137 3537
2104 7442
783 5305
271 3413
6417 7006
1008 4162
783 2218
3832 4036
271 6470
912 1397
1899 4046
1011 2701
868 2306
1137 5678
1137 1383
2700 3975
271 2911
344 2061
138 628
1137 5896
1137 2089
86 241
521 3754
840 912
0 2991
2468 4261
271 5279
1032 2769
271 2323
1352 1946
271 5388
143 953
93 382
1019 6675
1137 5460
1872 2784
680 934
891 4233
2963 7284
1050 2828
1894 1901
6132 6202
747 1698
1011 2545
365 795
358 5209
783 3463
1871 2468
145 591
138 271
2303 6055
2474 5168
785 2891
72 148
271 1192
777 1343
377 6690
912 6186
271 1241
365 3066
1101 2427
1270 7250
1051 1406
1872 4059
271 1358
2392 7232
551 987
1901 4292
238 306
271 1535
372 572
2007 2137
697 6616
3069 3509
3167 5548
487 636
107 3599
912 941
730 940
747 774
1881 1919
657 2891
839 1683
385 864
747 758
1243 2235
668 3792
1911 2012
783 5664
764 1621
1904 1942
271 6109
912 7054
903 2792
608 3792
2433 3686
271 5363
1553 4305
680 868
3973 4319
271 2423
1137 5351
271 5472
271 7341
365 1090
271 3605
271 783
277 365
77 1931
273 4722
279 435
365 5900
365 912
1137 6500
2022 3827
356 1736
868 2871
912 1777
107 519
1319 7104
3872 4466
912 3420
271 5683
143 1764
2433 2891
595 907
271 2455
1210 2392
1259 5096
1239 1551
379 3854
1877 4342
1030 2002
1335 3002
3832 3947
363 582
15 81
1343 2891
1137 5959
84 1652
1192 1407
912 3186
747 1024
1011 6548
287 2474
93 6471
3891 6716
271 5759
1693 2474
107 4950
272 4444
2286 2444
358 7409
271 2266
1352 2795
608 1031
1117 3333
365 7061
3707 4494
2384 5577
2107 6034
381 1335
783 3406
1886 2017
0 4322
279 2211
365 1352
3187 4672
2876 3001
369 1137
271 4204
868 2884
356 4753
2307 2891
1022 3857
177 279
60 2988
385 1942
1041 1959
525 526
5732 5906
2721 5499
1108 3517
0 1739
6310 7384
507 2050
271 7538
957 1352
2663 3749
138 236
1149 1568
143 1235
271 3440
247 281
783 3548
990 6799
2777 3729
1900 4187
783 5333
1048 1901
3218 5257
271 2938
2098 7575
1871 4379
3241 4636
1008 2689
783 5611
2286 2382
572 4193
764 2468
608 1972
241 3598
718 4319
271 7284
93 138
5581 6171
783 3389
2774 6758
1884 2732
271 1969
1921 4450
2678 4246
2706 3886
271 7434
942 5094
554 718
572 808
174 279
1006 6792
314 2382
417 2988
365 1469
1577 2468
143 3237
79 271
834 1040
271 1397
271 3073
378 3883
1991 4189
1137 2579
747 767
2006 3973
1359 2088
66 271
697 6595
0 7069
271 1004
564 7606
271 3412
379 3929
795 2891
591 676
783 2266
5303 5392
572 1899
868 2450
2769 3806
912 2492
365 4956
1900 2737
1137 5903
1949 2022
275 1745
3517 4940
791 1397
4040 4262
0 5237
0 2976
2012 6545
988 4208
1683 2468
3934 4022
845 1137
143 2343
271 2322
271 5391
1959 2622
1872 6570
1529 1893
636 661
718 739
377 4260
1137 6173
566 6927
101 564
3621 7496
7033 7465
272 2028
1893 2623
1872 3946
1101 3608
2775 6833
1137 1547
1942 3728
572 834
2880 3152
868 1529
1901 6861
2436 4910
564 833
365 6172
896 2023
0 6316
890 3752
2107 3330
116 868
2676 4305
93 5872
271 6166
143 3573
200 279
2468 2476
1346 3845
1008 4112
1041 4029
1992 3947
401 542
107 3598
2085 2614
998 4179
868 2343
1871 4386
891 6709
0 939
1382 2872
2891 5070
912 5817
2786 3832
2529 5342
579 2437
868 1541
2443 2891
3968 4207
3768 3973
3736 3851
365 587
271 2422
2678 3746
1011 4506
271 1739
271 3697
1652 3217
601 6802
912 1358
519 523
279 434
365 5899
3290 4564
1035 2821
2114 2837
1137 1591
797 903
1137 5829
1777 2891
1008 2044
2891 7488
4351 6614
1659 4616
271 657
358 5766
912 3421
1901 3707
912 2872
1872 2043
272 895
0 2318
2891 5475
261 5274
990 6800
1059 2125
138 2055
376 6574
138 1358
680 5053
4440 5569
747 1138
2647 2777
1637 1641
365 3863
2468 3240
507 870
808 4113
1553 7022
1944 2666
271 2228
365 2105
93 6391
277 5528
1024 4420
365 5547
1137 2514
2679 4307
1011 4214
107 120
0 1122
2748 4100
2511 2891
2891 3464
5391 7454
1160 2476
271 7296
0 523
764 1642
890 1872
1011 4244
1137 6181
272 1957
2696 4416
279 2210
31 145
1137 1602
271 1138
4416 6838
1154 5065
314 2330
6423 7452
271 1251
730 2914
1988 4291
2007 4193
683 2392
271 3116
107 3466
2063 3938
271 7129
3241 3330
755 910
93 523
4132 4320
271 2614
0 5486
52 2143
783 1791
378 1986
1900 4037
271 907
2891 5391
1782 3441
5614 7069
1901 4157
1492 3542
271 7163
783 5332
2384 3550
808 4319
107 1786
1108 5798
833 2112
791 2891
1035 3753
2474 3186
1764 3565
1011 6594
72 1137
785 5362
494 636
624 1008
1942 4322
3872 5177
747 1404
143 2141
365 5630
147 5815
271 5253
365 7210
271 1422
365 6998
4023 4083
0 1312
2382 2468
884 4189
638 1137
271 2478
992 4534
745 746
564 6034
2114 2235
3720 4506
378 4473
747 2545
377 4423
272 1921
2891 6943
143 1051
271 1110
90 1137
1051 2222
2238 7170
1130 6028
365 3600
1137 1791
272 507
1871 6728
1137 4119
1890 2618
378 6753
2891 5303
895 4336
624 1024
1804 3069
2169 7178
747 766
272 808
271 2570
414 3466
1893 4416
365 1792
2264 7038
271 3415
271 5812
572 2037
747 3449
2457 2891
2752 3865
238 2468
747 3350
4168 6580
377 2816
859 6312
381 2468
271 4919
868 1777
1904 2043
1110 6077
277 1135
271 2333
271 1782
23 81
1959 2020
143 808
615 808
1137 6172
2737 3882
741 914
370 1137
783 3457
2125 5329
272 1872
365 1406
272 3729
4252 4305
2104 7088
2392 7460
584 2141
949 2891
271 1243
3824 4322
2891 7476
1130 2891
1564 2891
271 1529
868 1352
2636 2643
1901 2043
365 6183
271 3386
107 7368
272 2647
271 3499
3832 4066
378 1901
5680 7312
2891 5540
3946 4305
133 2516
1942 4168
336 611
912 1137
2891 6506
365 5284
107 2125
584 5569
308 2516
3529 7625
1051 5613
410 1864
381 5783
572 3736
801 2966
2036 2614
1942 2043
4168 4416
888 2468
519 868
996 1047
564 1395
783 2963
1011 4106
145 271
271 3607
1137 5575
2780 3785
3513 3596
747 1664
783 1405
891 4100
279 2201
5209 7005
262 3145
572 1008
1872 4200
3780 4081
2281 2891
1024 2751
378 6855
1213 2117
365 2891
1893 4292
0 6170
159 169
271 1343
223 1046
3948 4112
833 835
1896 6794
5137 7188
575 2039
1008 3983
1137 1138
1041 4147
993 6651
1008 4157
2891 3587
1551 6954
2891 6235
2015 4416
914 4449
0 5537
572 1981
271 2912
4014 4305
764 1685
379 1989
1137 1325
143 2433
1035 3724
246 279
314 4951
642 1130
0 2891
764 1659
2510 5015
2468 4968
365 5401
135 1137
2617 5499
271 1544
399 1607
0 2665
1024 1352
955 6620
1871 2650
572 3772
1212 3177
389 718
2891 3386
2125 2474
16 5906
81 1380
1137 5394
523 1137
143 5816
271 7299
365 1060
145 747
2286 5329
2088 5652
271 3691
365 7561
743 4951
749 1663
2891 5860
584 2231
400 5374
2709 2812
2739 4261
2891 7169
1893 2678
2606 4919
2445 2966
955 2816
1571 1591
376 804
93 7201
1343 2551
912 6260
4305 6598
385 2733
1008 1896
1693 3253
2772 6812
271 6217
270 564
1051 1193
575 2027
912 3273
365 2323
912 1533
0 3647
1137 2903
358 912
2891 6215
143 1944
988 2891
365 1137
625 4384
629 4392
4153 4417
1819 1822
3211 3353
1006 2678
2114 6381
1406 5779
0 2903
2304 4918
1547 5386
2891 3179
1918 4322
1397 1469
1490 3313
3707 4305
988 4206
344 4422
564 2254
271 2360
1871 2622
599 3720
1137 6933
2614 2722
334 611
1217 1693
599 4241
271 2526
1137 5438
1082 3240
271 7399
868 3509
271 5036
2678 4244
1782 6968
2668 2811
2303 6028
279 501
859 2891
488 636
271 7557
808 1871
297 718
68 143
1137 6183
1883 3724
1137 6434
271 3986
107 2828
93 1346
859 3683
656 2828
1137 1961
1656 1659
761 3333
148 1551
1048 6677
868 2238
775 1698
138 785
1942 2742
138 2125
995 1035
0 2150
107 7181
572 1893
143 1901
556 718
2468 3218
2891 7210
154 1110
138 627
1904 2742
1051 1777
868 1635
1137 5901
0 5303
0 3137
107 7467
507 4441
99 107
2063 2468
331 332
81 1137
1370 4781
271 1600
2608 2614
1942 3720
279 1825
2137 3138
1137 6961
271 1777
1900 6607
2891 4593
3883 6571
2693 4336
3876 5499
1921 3988
271 7419
365 792
1044 4245
988 4055
1137 5547
279 424
138 1548
2819 3832
1942 2100
2891 5949
1051 2132
646 718
564 6252
138 1137
271 7139
5391 6933
238 326
2384 3675
1811 6540
325 3478
1441 2891
2891 5352
1008 4227
1872 3752
1872 2012
2091 5816
271 2665
2675 4490
957 6523
0 143
271 3498
1959 2468
2055 4336
572 4305
1553 5770
49 1228
2689 2891
564 2545
912 1138
643 718
271 273
0 2912
1635 4662
2719 3771
1942 4059
143 331
271 2130
2474 3034
143 1352
271 1591
3707 6581
271 2243
2678 3889
271 5372
747 1492
365 585
3774 4153
81 5375
1529 1942
279 1861
2012 2621
1024 4504
1652 3219
271 7342
241 1137
0 1079
271 3606
1035 2033
2638 3952
1130 5776
1904 3720
1035 2742
1160 2162
77 1928
580 629
3683 4908
1872 4201
1893 2641
271 6945
1022 3832
2891 6971
1010 4256
0 6171
912 6153
365 3035
271 659
107 6444
833 834
2043 4376
575 2038
143 3517
344 3724
2891 4657
2364 2891
271 5758
365 1991
2409 5662
1100 7358
1159 2891
2058 2468
1568 5906
2468 3931
271 5916
2104 3118
1137 1324
1031 2665
591 783
1825 7362
138 523
314 5536
0 568
1901 6651
764 1652
746 5731
769 788
1137 7538
905 2088
368 2012
2733 4032
4040 6811
238 1137
783 6328
107 5445
833 2891
1406 6217
1942 3760
275 1110
868 1264
1137 5393
4351 4420
4322 6526
107 5731
0 1218
1130 5876
1011 4246
4322 6609
143 2988
271 5112
568 1137
672 2392
30 2085
2678 6527
1137 1745
313 314
455 2988
834 1035
2404 3127
271 3118
2044 4324
572 618
236 2988
2125 5852
896 1872
1553 3130
868 2100
271 2608
990 6883
54 271
2436 2476
3708 5499
272 1004
1357 2017
747 3231
1490 3389
912 1067
6171 6932
700 1022
1335 3025
365 5338
1591 1698
143 2237
3900 5499
224 3870
272 4396
4330 6661
2692 4291
868 3186
4207 4416
271 2186
3001 5530
1095 5065
365 2220
912 2079
0 7309
1137 6932
2055 2617
1801 2891
271 2472
1035 1883
1352 2033
365 7498
271 7281
271 1805
1406 2412
4305 4384
271 5039
2125 5419
1024 2650
143 1268
1130 2224
271 5084
271 7556
0 6172
271 1104
365 1466
81 2143
356 1667
553 718
1406 5499
1008 3818
1893 2891
279 474
2010 2729
392 691
81 6383
851 2197
271 6316
1093 5065
688 3499
2114 3187
868 2088
277 3595
138 143
1137 3541
1942 4416
1188 5906
957 3967
3900 5177
1137 7247
271 2907
70 2891
138 624
2888 2891
2891 6464
889 2891
138 707
378 6552
0 2868
1901 2683
914 6535
1051 3728
271 2286
1137 1996
379 4339
29 1121
1942 2013
1312 3593
1243 2335
0 1469
271 2444
608 4149
0 5876
365 1114
241 1108
1553 5028
365 1259
1054 2082
2828 6220
519 689
1137 1544
841 5731
1900 1951
271 7037
1961 6605
238 327
795 1072
1490 1670
107 143
2046 2707
0 98
2891 7559
6 72
1872 2013
591 615
271 5733
701 3720
611 4319
1010 1980
1343 3010
958 2468
0 2115
1745 5339
914 4490
1782 6137
905 5224
365 5137
337 611
601 814
2044 5499
3806 3826
271 272
2474 3144
397 410
1621 1635
1872 4453
224 4125
893 1904
572 3883
1906 2798
365 584
107 5464
271 2419
107 145
2299 5816
2651 2805
4148 4258
988 4020
271 5027
271 1051
272 1995
1893 2640
812 2052
2088 2298
93 7387
1352 3769
1108 2614
271 1337
223 868
1234 1693
27 1325
414 2891
0 6423
912 2988
327 6292
564 5439
271 2889
1173 2384
143 1553
868 988
66 3614
81 279
3832 3840
1901 3883
912 1201
1981 2675
3187 3256
2891 6331
272 4274
608 794
2253 2863
385 1009
394 5906
365 5042
325 539
4379 6728
0 680
912 7314
271 2225
1116 1137
93 384
912 2100
271 5331
143 2286
271 2085
2654 4175
365 2392
4306 4485
813 4305
1137 5392
1357 4107
2654 4077
271 7309
365 846
2474 2547
169 279
909 5995
143 1024
271 1151
749 1502
2104 5545
138 6660
890 4168
332 625
225 2988
1871 2012
271 6219
0 42
78 279
3517 3600
599 1011
868 1008
783 4988
2891 3617
271 2769
94 2988
3832 3868
4323 6807
1137 1406
2891 5242
2891 6358
1335 5237
4895 6082
1135 2468
3826 3978
2731 2750
912 5764
365 5337
1018 4066
747 2433
1804 5906
896 4135
564 2248
957 2703
0 6995
2678 3966
3520 5237
2636 3726
1015 2065
3031 5282
0 103
1041 2637
2614 3713
1959 2045
1130 2975
2100 6787
1872 2696
1051 2437
271 5038
2104 2432
378 591
2618 6574
749 3333
1137 1635
107 5996
271 564
4013 4283
271 3085
1580 4641
896 3706
749 1653
1900 3989
271 891
3764 3832
753 3210
271 2457
271 5632
783 1756
1901 3793
271 2692
0 3613
1137 2929
4141 5569
271 6477
1013 4346
651 4382
66 5906
610 1343
1861 2988
1756 2254
2891 6386
38 143
1006 1904
276 6423
228 2516
271 2168
388 392
1137 2237
5190 7040
1896 1982
3333 4545
385 6539
1137 2318
0 890
271 2334
138 1881
2627 6837
1872 2646
1547 7418
747 1659
1236 2085
271 1779
747 2224
564 1434
2303 6498
1959 2017
365 1113
143 821
271 3487
1024 6513
2286 2837
81 5815
288 744
700 2009
834 4196
279 426
72 2134
1051 7570
3950 4440
271 7530
3187 4751
678 2392
272 3732
344 3958
272 331
143 2836
377 6693
2055 6637
1137 1688
377 6806
271 4305
279 436
0 6304
2286 6393
0 1560
833 868
519 7664
1901 2451
1036 2678
919 3154
365 3563
2468 3836
4342 4344
1668 3187
1942 2678
1024 4046
378 1942
1882 4131
2071 3765
1137 2700
599 955
143 145
365 3597
1137 5756
281 664
1228 2476
2694 6752
1506 3170
279 1376
912 1253
0 943
272 4183
747 1051
271 275
331 1904
365 5281
70 747
912 7043
233 271
271 384
1067 2429
138 1051
1067 5390
608 6761
271 5374
2079 2224
1872 6651
1352 1979
2263 2468
145 371
365 728
325 2382
2670 3809
2 143
868 1236
2238 7532
1137 6205
271 5094
267 398
93 912
1137 5106
119 912
1048 2748
2096 5731
2891 7415
279 684
107 2873
363 1235
890 4149
2891 7492
1008 3748
1771 2478
912 1541
107 907
1160 1527
1622 3227
2474 3654
2120 5894
680 2468
912 2891
365 2088
3776 6678
1019 2991
1108 5919
107 7133
783 5372
591 747
271 3464
1137 2873
3736 4308
84 356
1130 1137
912 2665
2770 4421
3187 3259
2043 2474
0 2271
1635 3210
0 2894
385 1008
379 4389
2711 4040
762 764
1904 1975
2468 4313
1792 3051
1553 2374
625 1904
81 1070
912 5703
238 5839
271 5330
365 7167
1406 6055
143 591
1011 3893
622 3973
107 2376
365 5333
272 6578
15 1050
2468 5747
2516 6296
271 3700
1137 5600
622 3815
0 6444
272 1945
792 1248
1343 2838
727 5775
279 1828
2706 3926
1044 1942
2891 7170
2988 3692
834 1942
1040 6865
1160 2382
271 7092
2706 3704
271 576
2963 6299
314 2441
3757 4433
785 868
365 1782
1764 5341
271 1421
1693 3250
1872 3811
271 937
271 6218
1379 2891
1406 2891
783 7526
2286 7145
271 919
2618 6689
2088 7148
365 3652
1887 2618
0 5393
1438 1745
572 2029
6 1551
271 3564
914 4416
236 1211
766 1635
857 1669
1343 2821
271 6002
1035 1981
1539 2468
93 1872
271 3452
21 783
1212 7478
2150 5354
1527 2382
0 5392
143 2088
1137 6135
17 2193
1165 2891
1358 7580
1872 1942
1011 4408
2056 6696
365 6994
382 624
93 3727
2645 4023
236 2201
271 2474
365 1140
2125 2379
1670 3240
143 833
890 1904
2012 4089
271 7441
272 1925
726 1137
4125 4469
272 2068
271 4175
372 1965
271 567
365 1464
1201 2474
572 810
365 2832
1022 3894
581 948
1352 3826
833 927
271 4461
564 793
271 6201
1235 4880
3877 4305
1037 2022
1008 3707
591 893
0 7139
2891 6381
271 890
0 2395
4023 4236
833 2104
564 2891
1900 4133
957 3852
1137 5719
88 2891
990 4152
1464 7196
2668 3710
3837 4013
81 940
3801 6623
912 5857
302 608
1108 2468
988 4318
3818 4305
47 1591
365 2301
912 2286
1352 3557
1352 2777
366 1137
2737 6848
2380 6149
749 764
271 365
271 1778
3728 3859
3798 4416
888 3879
1273 2079
718 740
27 5906
4338 6685
2468 2615
365 1479
12 81
271 7364
365 1257
2737 3886
977 2031
1624 1630
279 421
378 608
568 912
958 2749
962 972
271 7578
797 958
271 7039
1718 3374
271 523
271 1319
2715 3845
572 2074
271 7148
957 3805
2238 3541
1042 4098
695 1884
238 308
2263 5094
1006 4497
997 2789
1872 2015
1900 4090
868 2254
0 2343
1087 2749
990 4116
3898 4322
747 1130
271 2824
2706 6897
1059 2085
800 903
3792 3995
365 5280
608 1811
2392 6479
912 2235
271 5357
2614 3517
3233 3329
1921 1942
1121 2988
2914 5906
2468 6522
0 2608
564 1480
271 5486
365 7551
3131 5815
1872 6539
365 727
996 1043
1035 1893
1872 3792
107 2468
1137 3401
271 7384
365 1229
833 3063
1130 2919
272 1982
680 2891
279 457
121 365
271 7497
81 2299
6570 6882
2125 5186
59 912
1040 6902
272 3840
138 257
0 290
271 1339
2125 2903
1012 1945
381 3517
355 1130
2063 3861
792 4549
764 3350
365 1553
2145 3187
4148 5499
5515 6366
2017 5741
2804 4129
228 238
21 5375
2888 3517
4491 5499
241 365
0 2307
2474 3542
1562 5747
914 6869
271 5755
271 6423
790 1137
2474 3449
1137 2872
185 279
3187 3258
4166 4416
1900 4371
1008 2715
2474 3227
1547 5269
1764 5919
2891 6410
385 1015
1600 4590
325 2285
143 680
2759 4159
1693 2468
249 279
1163 4714
1352 2690
912 7039
271 1556
1921 6801
2678 4444
93 271
2468 3433
236 281
230 379
32 584
1051 6979
271 1883
1624 1639
1614 3250
271 7484
143 1181
1011 3779
271 5061
2012 3973
2706 5123
1137 6313
572 912
2545 2845
2044 4353
93 868
0 5078
764 767
1137 3187
601 3889
2468 5168
365 3004
957 4266
0 5475
365 1815
2734 3792
1137 2891
0 5394
2891 6267
783 5331
81 369
608 890
4292 4412
1024 3797
1528 5543
107 7205
2683 3890
6141 6995
970 4216
271 6013
1137 7217
271 3057
2088 5070
613 868
271 6114
0 519
572 3983
2627 4305
93 6309
1048 4412
4040 6699
1130 3463
2821 4162
1137 2545
1872 2668
0 7296
6172 7550
0 1492
1011 3856
1406 2430
1091 2891
271 5542
271 7282
1019 6909
271 1822
7 1792
3794 3980
1027 1901
846 3693
762 4616
1952 2022
559 2212
70 271
2125 2220
279 497
1981 6666
568 868
365 1318
410 5928
2891 7201
584 2086
279 614
551 718
32 143
2642 3832
107 564
2891 7439
564 794
564 5620
1872 1893
1137 2012
3714 4040
2249 5815
1872 2036
271 2577
761 1117
1343 1693
2642 4236
1872 1923
365 2043
2891 5422
3728 4142
271 5920
2828 2891
3801 3861
2891 7456
832 4181
985 6724
4207 4227
1942 3891
365 2279
2510 5024
365 777
107 7471
271 1553
46 271
591 1137
272 4301
271 1462
2085 3573
3784 4305
385 4189
2683 4322
978 4148
2076 3736
788 1370
1950 1984
997 1900
271 5397
990 6603
365 2334
2678 4394
391 392
591 2125
271 7367
2700 2891
827 831
2022 6643
138 1544
272 6666
365 1401
1553 2910
2433 2468
2891 5792
1011 2068
3420 7537
1961 6893
1872 2621
2392 3696
890 4127
377 4160
1067 3483
572 2075
1871 1904
792 4586
2891 5151
271 6172
988 6658
2891 6996
1942 2676
5020 6148
2891 6949
1013 3798
3813 4370
0 3660
783 2150
4054 4903
267 526
3009 5543
2238 5971
912 1352
1882 3907
1571 3269
2436 2468
1191 5391
333 611
138 1319
228 271
783 5252
747 1777
1404 1635
1137 2254
271 3630
2707 5747
1137 7498
1008 2654
1137 6078
988 4259
2891 3127
0 1406
365 2272
1906 2797
4328 4461
365 6937
1137 6976
747 785
1352 1981
271 1745
1035 1892
985 2041
271 4979
2110 7001
4148 4269
1884 2706
743 4910
365 2596
279 456
1745 2216
2678 6628
143 1065
365 905
4119 4120
2928 5106
769 4616
1580 2468
912 3509
271 6994
0 1006
1010 6536
135 5538
81 840
967 2618
2742 2799
114 3856
803 2618
2063 3973
0 6973
1901 4257
377 6546
914 4280
565 808
1547 6240
912 1430
1051 1137
110 143
271 5754
1137 3474
2100 4245
4244 4322
564 7540
783 5002
1137 5871
1011 6527
272 376
3187 3261
1942 4201
2085 3290
377 4380
2742 3873
815 5499
3743 4292
272 349
3732 4395
1163 3252
558 718
0 6114
2704 3736
1130 2692
2110 3509
2395 5496
365 2244
356 1137
385 3709
1942 1944
1108 2082
2678 6694
271 7310
718 733
1872 4395
575 808
3943 5569
4077 4175
996 4302
888 4047
1176 1177
833 7098
1335 7182
1782 6976
2809 6679
912 5063
236 591
3517 5305
81 795
272 3949
564 912
0 6395
0 271
365 1635
1319 7180
783 6942
3838 4066
1106 3675
271 3114
223 1137
271 3163
3597 6040
107 1093
912 1635
0 45
3832 4174
2627 6611
783 2089
1872 1944
910 2468
2125 5690
919 2478
783 5330
1137 3035
747 3219
365 6412
35 5815
81 1351
0 7493
608 6663
107 7605
2891 6488
272 1166
761 764
748 910
2668 4410
608 1901
107 5238
271 2145
801 2694
2991 6599
138 698
1011 4410
13 143
2759 3719
0 6028
2137 3177
1163 4582
1745 6217
2451 3527
3918 4044
365 1138
2293 3531
3944 5499
584 3524
29 1211
358 1565
378 4227
358 5301
224 6546
797 3822
271 7443
785 6190
1872 4518
2699 6609
271 7552
365 7324
1137 1777
271 7207
271 1229
1872 4292
116 3144
271 7050
1352 3828
271 678
3041 3453
1035 1529
281 502
1872 1894
257 365
546 7358
279 948
2891 7112
1008 1048
271 1758
1137 2789
2068 2668
599 912
801 4057
107 7394
868 2235
271 1797
2748 3792
1013 4200
1137 5815
224 572
3187 3189
107 7569
271 312
272 2974
3792 4212
2017 4289
138 868
0 3441
271 5238
523 833
1871 2664
1067 6126
990 6600
2392 5102
365 2333
3496 3621
1872 4452
365 2478
529 6638
271 5007
2309 5352
1683 1685
2891 5795
1352 1630
801 6692
0 1201
1499 2426
1199 5401
2476 5997
4386 5569
783 3907
2085 2380
1067 6460
0 102
3714 4013
272 2479
1981 2697
827 2476
2891 3613
600 974
273 1392
957 4531
0 819
712 4927
1948 4219
1137 2125
2891 4040
382 6761
1402 5020
2891 6496
271 2088
224 1215
2468 3074
1012 2647
3014 5906
271 2137
138 1030
143 2451
271 2254
1547 7306
651 2660
1872 2613
747 1624
365 7081
1137 3593
145 257
960 2022
271 3613
356 3199
2272 7298
271 7386
365 1227
1944 6696
279 459
2225 2772
2612 3783
3233 4725
3683 6292
2674 3783
107 2874
271 7005
1900 3755
54 107
1012 3791
58 5205
365 1656
271 670
271 1450
224 6608
0 6974
1137 1947
1876 1966
3333 4612
365 2106
365 6149
0 241
145 1528
2697 2748
747 761
5065 6297
1151 2891
1464 5819
271 5866
107 6466
4095 6822
3187 3260
1137 1319
133 238
81 6934
138 564
143 261
2891 6412
5394 7385
271 5177
378 6620
2468 6586
277 868
912 3445
762 3346
271 2338
912 2088
1137 7011
376 1010
1704 3235
3513 5156
1921 4333
19 5816
230 377
2891 3457
68 1816
1872 4396
1904 3753
365 1199
271 1994
1013 2627
103 5342
988 3988
271 5063
912 1944
3953 4305
271 1147
4200 4416
54 6320
399 523
2891 7316
868 1464
912 3474
2554 2706
2012 3749
2223 5015
1137 2336
783 7410
1130 2333
711 832
0 46
517 519
4013 6874
747 5783
651 961
1035 1908
1591 4781
271 912
2449 6289
241 271
572 2705
279 1137
2432 5392
1533 2392
138 601
1118 1130
2626 3832
1544 2891
2468 3275
1872 2225
1130 3527
747 1397
519 2891
3736 4416
608 2013
0 1319
914 1927
2341 2614
0 5758
143 940
3811 4322
1961 4008
3832 6542
0 1093
815 1871
2664 4505
0 1268
4389 6514
840 2260
2809 4461
764 3220
1243 5701
1137 6394
697 1166
572 967
1388 4040
868 1406
1893 1960
245 281
271 5045
233 4319
516 526
271 3763
912 1811
1553 3438
507 1872
3121 3859
1006 4095
356 1672
2104 3665
5065 6421
2478 3096
1252 1338
1693 3298
271 6202
271 726
238 3699
224 6552
676 1357
990 6705
271 839
271 5644
2679 6786
365 3621
868 912
3832 4045
1137 1165
868 1695
2891 5553
2468 3849
271 5922
3333 3339
25 5816
912 7585
1942 4519
1130 7104
3187 3188
886 4382
66 6148
272 4365
120 1108
1011 4456
1872 3889
366 3826
2795 3748
271 2293
271 5350
0 849
1137 7566
1010 3732
26 271
72 3053
749 761
271 1791
762 5257
271 2443
303 718
1137 7044
271 3640
365 2477
764 1618
572 777
1893 2774
279 422
2780 3731
271 7542
572 1003
4086 4305
1153 2088
1352 3891
125 279
236 912
572 615
356 4802
1006 2070
564 6395
107 3117
93 1546
271 7081
44 143
0 5935
764 912
331 4319
2043 4466
912 1565
2043 2630
271 1478
521 523
271 3218
2468 3832
764 775
1008 6765
1881 3728
1212 2891
271 1054
0 5421
1099 3235
271 6460
1901 2654
957 3885
365 3593
1137 1193
2774 4054
271 2837
708 1004
747 910
958 4036
1406 2478
5650 6993
680 1236
138 1553
2272 2304
365 2125
912 2238
271 5205
624 914
2392 2969
1736 3187
2058 4046
897 2022
516 3736
365 2270
2807 4534
2478 2891
365 579
1872 2614
145 375
1079 1137
271 7348
783 6310
404 523
1035 2039
365 6002
1352 1942
2614 4092
700 2041
1006 1942
272 1969
2286 3408
912 1981
2891 7194
1741 4338
3506 4945
681 2468
365 6036
135 2999
66 5020
1872 4350
912 1883
2043 2820
576 1768
365 3029
107 3494
2044 2474
143 1406
365 3475
865 3790
985 2797
3763 4258
2891 7026
700 3832
378 3802
1872 1982
382 1942
2468 3683
1942 2689
2063 3749
365 2963
912 1319
143 241
2891 5608
2911 3118
783 2293
382 1904
5546 7581
3187 3263
3792 4075
793 5406
271 2974
912 1108
0 2882
1137 2280
5320 7575
314 3433
365 5394
1695 4660
1137 1257
2474 2891
271 5342
797 3957
1137 4694
271 2386
312 4544
1099 1706
120 5906
365 1267
824 2991
2147 2891
783 3068
4291 4479
3753 4305
5741 6217
868 1268
103 2404
271 7481
890 1893
1901 2067
365 1343
1902 4200
819 5065
1959 4131
4192 5499
4268 5499
1108 2784
271 1259
762 1648
1010 4350
0 6426
0 257
143 1325
992 6826
668 1008
365 3001
344 1892
1130 7465
279 2202
2502 7165
385 2775
2110 7569
832 4415
834 1916
1137 2888
3832 4018
599 2891
1243 5491
783 5096
889 1455
990 6919
584 6223
2891 6349
564 4956
365 5332
4016 5499
783 912
1893 3948
1904 2007
1652 3357
2085 3001
1012 3952
1421 2468
107 2293
2298 6076
365 523
365 2359
93 769
143 988
271 1803
1013 2820
1044 1872
1553 5042
1013 2741
988 4042
120 912
81 2152
3911 4377
1035 4096
608 677
1137 6393
988 6656
279 498
797 1137
764 3076
56 1211
2777 6598
833 1137
4168 6835
1528 2304
272 3915
1975 2614
354 4382
271 672
4170 4261
2891 7424
4038 4305
367 2988
3792 5168
783 7243
4344 4486
1745 2891
2088 2517
4305 6836
1081 1274
236 1137
1927 2641
572 2759
608 2067
747 788
2557 5552
4096 4098
271 314
1177 1591
1738 1904
365 6672
564 747
3792 3793
1958 1988
4545 4708
0 6060
2030 3866
1942 2007
2395 5587
811 2706
680 912
2891 5703
895 4072
4257 6807
93 1981
3509 5283
2737 3874
365 785
864 3984
81 566
988 4014
1963 4046
3502 5731
2867 2891
241 936
1462 7362
2751 2793
1871 3843
2088 2933
1137 6518
611 679
1137 1683
673 5932
0 25
1137 3128
764 913
912 3029
281 2197
2516 5274
59 564
572 2795
271 6463
365 6320
868 3693
107 7156
0 2474
1160 1387
30 358
747 1008
1137 1192
271 1792
365 5242
700 973
365 1108
48 912
0 7439
1970 2648
2828 3065
0 2919
1335 2894
890 2794
507 962
2384 2891
584 5901
2085 3333
4040 6679
120 1137
486 636
3788 5499
925 2474
138 2988
1110 2441
271 2248
912 2254
410 3692
905 5678
143 2306
271 2425
2678 4506
2056 4127
1981 6539
1024 2891
271 1746
2645 3947
914 3851
2286 2891
5714 6464
365 868
271 4988
807 4382
271 7460
575 3838
279 453
2618 2619
868 1335
93 7332
272 3706
678 1764
2433 2614
1057 1177
277 7030
690 718
1352 1777
401 1241
1984 2468
3466 7006
84 1099
783 7433
271 5918
2468 3613
1872 3723
868 2286
365 3675
4004 6787
659 2125
1148 2085
271 3479
747 988
0 785
0 2085
3187 3262
271 2962
507 881
1967 4301
3541 5301
2474 3001
365 5393
783 5932
888 958
271 5337
3950 4313
564 2145
1090 3009
1137 5305
3832 4205
2776 3774
0 1147
1551 3053
3910 3911
1081 5714
1872 2722
107 2246
783 5635
377 3850
1348 2823
271 7480
912 1904
608 777
271 1093
325 5059
1137 1738
629 4324
365 2837
143 2891
271 7091
271 591
271 764
2205 2988
271 4485
2085 2306
1137 3409
350 3002
376 4530
271 2224
2891 3130
2891 3670
271 914
1006 2761
608 2056
1942 2722
2063 3768
777 1942
272 995
1523 2510
2468 3863
1464 2168
747 3220
138 1012
2477 5299
519 5142
572 1881
564 5038
1335 2960
365 5331
766 3218
2093 2380
2085 3404
2863 6421
271 5151
138 697
81 5045
277 2474
4176 6639
113 279
143 2468
591 1038
5815 5906
1352 2722
3826 4345
777 2019
271 2304
990 6611
1035 1872
1998 4188
1972 2019
2706 3074
271 7294
5065 5171
365 1024
868 3517
1006 2012
68 2085
564 1186
2063 2721
271 7452
5094 5137
783 3621
2618 2803
1235 4680
271 1113
985 3759
895 1942
1137 1782
1893 4100
3910 4466
1591 3196
568 725
1901 4164
1161 1251
2891 5239
1033 4322
1137 3453
1872 2024
93 279
271 833
3517 6497
700 3745
405 523
2043 2714
2286 7088
868 914
1343 1774
2891 6171
641 4382
957 6705
833 2107
271 2976
272 2818
1137 5812
365 5158
1942 3908
2822 4153
887 1984
1370 2474
366 1961
143 156
365 5303
0 5263
365 2151
2928 6993
306 5443
0 3002
3725 6651
271 5393
749 759
71 271
680 2614
271 2453
2125 5606
271 7250
2395 5699
2678 4239
3509 5282
279 416
3737 3848
608 834
1406 5165
271 1213
399 6117
3924 4372
2451 2474
2891 5139
271 4428
711 885
2455 2891
1036 2668
93 2838
764 769
2137 2242
365 6123
1051 3517
1358 2347
0 3648
4040 6605
2699 4351
365 2789
372 2545
4385 5569
1137 3040
618 620
696 1006
894 1009
3973 4352
1130 1815
833 2110
912 1130
0 596
2828 3066
783 5685
764 1640
365 5063
271 5899
2795 3829
509 1199
271 2138
2752 5499
4040 6680
1635 1664
747 1343
1885 4395
2453 2468
1010 3766
271 2424
365 2413
231 2988
3918 3992
1035 1944
271 5530
365 1079
272 1971
279 452
2007 6522
749 910
1011 3739
611 629
271 3657
4092 5391
1274 5386
3187 4638
271 1169
1358 2891
271 4013
81 6080
2056 2707
272 572
1585 1698
93 5239
2104 3595
271 7119
5392 6961
271 667
3745 3832
365 1693
271 2596
81 110
5332 7229
984 3832
859 2532
2392 2444
1040 4462
2891 6226
1006 2717
572 2687
1872 2474
912 1192
3792 4482
116 1130
385 808
1217 1235
0 5161
271 3095
1035 3719
365 3853
1893 2793
799 1038
914 1981
5393 6210
271 381
783 5641
957 1902
1243 1961
1137 2286
4040 4249
271 2238
365 5392
1901 2620
604 1172
1108 2376
1529 7402
271 5336
2683 4227
0 2577
365 2385
909 2297
138 833
2614 3772
2872 2891
2359 6099
271 4898
0 5811
564 3700
365 1051
3870 4030
1942 2474
16 81
271 7483
868 2665
3811 4406
1909 4482
3752 3891
1942 2053
1988 4119
868 1492
272 3794
622 4082
271 2468
2088 2269
1137 1882
107 591
912 6253
2618 4530
281 286
271 6179
995 4321
365 1776
238 262
1192 3143
2007 3945
34 81
116 564
1051 3572
895 6690
0 5496
564 5257
271 2729
1553 3273
1062 1063
912 7608
912 5996
138 2224
365 5330
100 822
2744 4254
654 3986
331 347
1137 5242
1022 2791
143 568
143 2516
2468 4100
3252 4583
14 271
238 3433
366 3874
365 5654
996 4488
365 1134
0 1112
868 1051
271 3617
365 2502
2056 5747
365 811
271 3670
279 415
1011 6694
2468 2664
2022 4156
376 3792
271 7455
145 607
271 1067
2891 5819
332 1035
0 4969
2304 6304
271 1112
279 637
912 3682
608 3389
293 4382
1108 1325
271 674
912 6217
271 1406
654 4466
281 506
844 1591
20 81
260 1600
1872 5094
985 1023
2891 5460
2468 3670
271 5641
3715 4014
93 1909
107 7287
2223 5608
271 5935
833 2106
0 2286
1008 1012
3824 3918
2891 5036
143 2235
3792 4200
1008 2615
3792 6556
365 2150
651 671
365 7283
3845 4099
0 3003
271 5347
1562 1942
1782 3549
1942 5094
608 988
271 5392
1137 6952
271 6933
783 6392
143 1115
3521 3597
365 5882
331 5274
385 2054
365 2474
138 1954
365 1251
365 783
5896 7391
2468 4461
1192 2408
1551 5906
376 3820
236 636
1571 2468
2891 7283
5731 6071
271 1212
5394 6249
890 3916
271 529
365 1430
890 4120
2510 3569
271 1325
624 2007
272 608
4305 6564
271 6171
155 409
2891 5347
1872 2005
583 1130
5997 7603
143 1541
3 5815
401 523
539 1137
730 944
272 4159
1137 1343
271 2951
912 2451
639 810
868 1544
365 2954
764 1641
2341 6044
271 2213
0 7215
3621 3660
608 1944
365 2267
597 2384
1051 6239
365 576
271 2427
1323 2474
1351 1792
707 1901
271 5492
1798 2988
1894 4305
365 7434
1177 1534
868 1235
365 2446
564 5980
1031 1872
1568 2408
279 455
1492 5207
890 4442
0 3186
75 5815
747 1944
271 1168
539 3001
572 2100
271 7118
365 1547
93 572
2363 3521
2425 5401
0 70
912 1419
3517 5460
1942 2692
2062 2063
0 868
2307 2468
1116 1541
4469 4473
990 4346
1458 1492
1274 1464
2966 3991
2194 2988
271 6036
507 883
107 7517
296 392
382 3845
271 5125
2030 2742
365 2094
365 5391
4040 4329
271 1554
314 3559
891 4463
1044 4311
365 2384
236 279
238 3389
363 3301
6708 6752
2382 5059
5497 6423
1876 6555
2088 5948
1883 1942
271 6924
271 1268
4322 4372
1878 4322
783 1469
1008 1811
244 365
572 611
1547 3453
568 747
0 34
271 2619
749 4621
2088 2443
611 4129
2468 7095
236 2891
271 3396
107 7102
599 7420
271 3573
138 1010
1764 3541
81 5496
2891 6350
680 1137
917 6974
1137 1479
107 7592
3792 4350
1395 2107
272 4246
409 1070
958 3858
1177 1569
385 981
2468 4903
912 7106
2705 4308
914 1904
130 358
66 564
2516 3645
93 365
2088 5852
1130 1312
61 271
365 1133
611 2669
381 1406
365 5798
271 7401
777 2474
2100 6714
407 709
1235 4829
1653 1718
145 606
1791 5391
2710 6542
2891 5818
2891 7359
365 1312
2742 4387
1137 5043
0 3130
272 6850
271 572
2891 7348
387 990
868 2818
1051 2088
833 912
281 505
271 6150
378 1035
1690 3375
1137 1959
2891 6975
1268 2891
271 6436
271 1008
365 3617
2891 6173
1160 2876
833 2105
1035 4060
365 5156
895 2991
912 1024
1008 1013
3300 4545
618 808
2903 3568
378 6561
365 5446
314 6312
1130 6382
834 4008
3845 4098
572 3864
5107 5906
2468 6477
1130 7402
912 2478
365 7316
271 7215
2474 6217
564 675
1011 4155
3708 4417
1035 2692
0 3576
279 418
70 365
145 570
3187 4759
1357 2965
0 3479
154 2516
1235 4710
143 1088
81 2081
813 1904
1022 3786
4421 6912
145 868
1008 3760
377 6814
271 7157
3763 4170
912 1553
271 1474
895 4206
957 4332
350 2928
1090 1115
2891 3600
1901 1921
747 868
912 1343
325 5682
0 5584
30 357
378 1904
1882 3917
1981 2662
972 2690
1888 2618
382 6659
912 1245
764 4616
228 309
308 365
1335 2891
1137 2240
271 5152
890 2793
293 2748
138 1027
271 5201
785 2024
1024 4468
783 5845
584 1170
745 6008
271 2426
1507 2392
224 6688
1199 6935
1777 2474
302 2468
912 5084
1137 3596
143 785
783 6476
2784 4416
271 3608
365 2445
1553 7207
2468 2642
1526 3593
1160 2172
1469 5391
912 1969
244 2392
383 2510
1051 6099
271 5055
1137 6423
143 2928
4141 6856
572 1437
912 6147
275 625
382 2077
365 3025
896 3723
271 5018
3593 5049
1370 4722
1137 4261
10 81
3935 5499
81 108
564 591
0 246
1782 2829
0 3630
6201 6937
1348 3607
365 1981
2891 5612
2772 3903
3832 3849
271 2933
625 4482
272 377
2809 4331
912 1081
608 1768
1008 2706
591 785
2098 2114
138 1108
2358 2891
957 2545
80 2891
143 2125
2891 4292
813 4382
366 3989
1137 1421
365 2238
1137 2510
271 5338
608 1044
783 2891
271 2511
1137 5391
644 718
2872 7524
564 1225
1067 7378
4086 4322
365 2562
1553 7324
3859 6663
2694 4057
143 1464
385 1904
107 2845
271 584
957 3757
1602 1698
271 3120
985 2652
2474 4895
1872 1904
1081 1137
5336 7537
655 2891
1041 3927
4305 6528
1100 2497
138 145
271 6339
957 4116
579 5205
3509 5758
365 3644
1041 1357
0 833
783 5336
3900 6864
33 143
1900 4319
2891 6337
56 2988
2988 3421
1421 6287
671 1041
3924 5499
331 349
747 1529
1906 6516
2613 5747
1104 5065
1942 2991
0 5747
2474 6226
271 1766
365 519
365 5652
5065 5543
271 1815
2125 5456
1872 2689
1137 6252
271 3664
271 7449
1011 6873
107 271
271 1114
378 4207
954 5499
271 7011
1343 2447
5045 5906
223 4319
655 1137
552 718
302 4319
377 6514
281 504
3763 4209
68 912
1108 3558
66 7054
2618 6657
120 714
271 5643
957 4152
912 1492
1382 1729
868 925
1001 1984
0 5621
2033 3721
273 747
1011 2715
2145 2962
914 4508
0 2531
0 988
697 1872
1881 2019
1872 2051
958 4028
271 6408
1942 4042
271 2115
1947 4301
2056 6781
143 2437
365 2293
641 4319
1553 7091
2024 6750
1137 3832
572 3720
1273 1901
745 912
271 5394
2125 7038
747 1650
365 747
302 1872
868 1081
365 2472
1335 2395
1469 1553
271 1944
0 3577
272 3710
279 445
564 1153
2742 4509
2618 2706
2172 2468
377 3860
1875 1904
2891 7362
1130 6100
750 910
3185 3290
581 912
271 7156
138 3792
1704 2891
399 511
0 1553
279 448
760 3220
1419 2417
1872 2007
365 6171
591 617
0 2478
0 5585
3832 4078
138 4416
2545 4965
377 4494
2027 6564
2468 3203
868 2474
242 327
988 4500
271 6066
4470 5094
507 873
0 599
3529 5543
1008 2758
912 5829
2623 4292
2102 3509
316 2516
572 3918
2891 3154
518 523
993 1872
271 5313
365 574
317 827
115 2928
783 6366
271 2538
2044 6612
314 2118
608 4442
271 6676
890 2077
0 539
1273 2988
81 2914
271 3720
1335 5583
279 449
377 4510
271 1133
225 279
835 1610
912 3613
272 6908
981 2468
272 575
143 1492
2891 6051
735 1981
1137 1804
2891 6031
727 5094
1991 2468
1002 2750
378 3956
4313 4440
833 2468
271 2593
1071 2022
81 99
1137 2774
1782 3436
1137 3386
271 6382
365 6399
2891 7110
259 834
572 2699
747 835
1901 3728
331 344
2063 4104
385 700
81 269
271 5872
1022 2022
564 5078
498 2210
2809 4040
2145 2891
1889 4350
564 1904
1130 3565
4207 4288
5 302
2350 3144
1357 5123
1695 4659
1192 1419
4582 4586
271 1564
622 4352
564 1541
1901 2762
3802 3862
1969 4038
1871 2651
564 1460
628 4171
271 7270
74 116
957 2627
331 623
271 2510
1469 2863
1782 6329
641 982
1137 6215
75 610
1030 3744
271 4956
2468 2679
2554 2891
5025 5065
2652 4396
1335 5587
857 3313
976 4233
2809 6680
1900 3997
0 3152
365 2706
4416 6787
1811 2891
2082 3452
1012 3770
271 1270
1871 2693
730 2085
749 750
271 1383
1035 4519
1872 3804
326 5684
0 36
1893 1942
1800 2437
1130 5201
271 926
996 2782
868 2333
2891 5515
1137 1396
572 2692
271 2888
2005 6636
747 3353
1160 3145
2510 2545
2270 5397
272 2678
3908 4305
271 6122
3034 3167
0 2851
238 2295
365 5472
2377 3565
958 2007
783 5791
271 3597
4469 6571
1087 1662
116 1549
2324 7106
356 2468
10 5906
271 2493
568 2891
379 2799
888 3971
981 2002
143 7469
365 1165
3735 4305
272 3746
890 1768
1130 5742
271 7561
1160 2436
272 3889
138 382
976 4100
377 6784
1872 3994
314 7178
271 687
365 1600
271 1403
377 6513
376 955
1872 1885
1764 4226
912 3218
747 749
1218 3014
811 2468
1388 4283
783 891
572 2780
1008 4322
4196 5499
1137 5818
271 6438
241 6032
271 5819
577 2828
1923 1942
1137 1159
581 1108
1921 4430
833 2111
912 2474
107 7574
2676 4072
1137 2266
709 833
143 379
271 2114
1137 6026
1904 2024
636 854
3718 4030
3845 4096
572 3866
278 304
859 3559
83 2988
1942 2024
749 755
271 2449
1035 1904
349 1969
1965 4226
888 3888
2448 5078
529 2468
267 271
373 2988
271 7375
550 718
0 3578
988 4011
2392 5230
1031 2046
271 6989
2254 2836
392 724
2161 2404
1137 1541
107 5209
271 2160
120 143
4440 4525
1008 1998
572 2067
1024 1942
868 5705
764 3339
1137 2648
747 2836
138 6521
1764 5635
2891 6988
2707 4533
1032 4471
365 6170
1137 2392
792 2468
1157 1172
93 3575
957 6799
271 6458
143 155
1274 3573
385 599
0 5586
271 2835
783 5857
81 6185
271 5900
868 2468
507 872
2614 3004
868 1547
1893 3934
2088 5006
912 2341
601 2680
912 7165
156 868
2706 4186
331 2043
7061 7110
743 5710
365 2264
314 6461
271 2372
365 2409
271 5489
107 138
988 1885
392 6603
227 565
1959 1983
1008 2066
1030 3781
390 548
69 107
645 718
271 5096
2678 4136
1357 5683
1137 1616
38 1093
1006 1035
1891 3779
912 6390
1008 1947
331 910
641 4061
2891 6973
77 4319
3509 7393
271 2589
365 1544
2468 2706
271 1459
957 6577
271 7394
761 4612
2903 5566
372 615
1004 1904
785 912
2618 6675
3947 4048
895 4509
0 5391
2891 7159
3751 3832
912 6133
74 5815
2063 3792
272 1035
259 611
2474 3313
100 143
2665 2891
0 3646
2903 6284
365 5354
138 1942
0 564
608 1881
2744 4045
1942 2709
888 4524
0 675
107 2084
271 5303
1695 4658
2646 3727
271 2347
793 1051
2807 6840
1108 2235
271 2392
1137 3677
271 5461
351 611
1352 1872
783 3066
4351 4424
1352 1727
5731 5906
271 7431
2679 3832
1506 2436
1335 5586
139 145
272 3798
93 7299
868 2891
133 3001
2891 7450
912 1740
1051 1335
1607 3310
523 1335
365 1155
957 6613
2891 5779
313 2382
868 2104
0 2377
581 1373
2392 2557
107 7422
412 1984
688 7074
86 936
3029 5392
1160 3119
846 918
1161 2938
271 3574
84 1607
1352 4575
271 2891
2085 3093
2468 3939
651 4319
356 2145
3826 5741
912 2526
235 565
1693 4714
1327 5020
365 5471
1096 2510
272 4535
271 5259
378 2613
365 7341
138 2800
988 1942
1799 2468
1137 5464
1921 3946
365 1130
2052 4041
0 4175
365 5795
1904 3709
1035 2717
1804 3588
1137 4950
579 1137
1051 7555
2891 7243
2694 2822
783 904
1137 6476
4191 4501
2055 6530
400 574
0 1944
572 2056
783 7342
385 1987
271 6147
365 1744
376 4452
868 2125
1872 6838
1051 2891
747 748
1264 1490
996 2025
1159 3041
271 6433
2654 6609
1335 3577
2891 5393
135 2510
68 81
372 893
572 1914
314 3174
868 2433
2474 3273
694 4382
5460 7668
138 1130
912 2377
787 5543
2891 3074
143 747
379 4382
785 5005
1137 2363
2807 6899
1352 2755
365 2180
747 1652
1048 4518
868 1108
271 2448
1745 4945
2716 4100
365 890
2752 4466
2 81
279 447
271 7551
907 4986
1585 3203
785 2875
271 6331
2891 5928
0 5112
271 6977
5080 5731
1319 5547
2043 6582
271 855
271 7158
599 5137
572 695
2468 3728
2007 4524
868 2145
834 6522
1335 3647
3290 5274
572 2785
238 5536
1811 1942
657 1137
2733 3999
7061 7169
912 925
138 629
5699 5906
1130 1921
272 2772
277 1489
379 3811
958 4047
0 2254
1800 5918
507 875
912 1135
507 6591
138 747
3792 4168
2753 3748
2319 5660
378 2699
2392 3404
365 2263
2036 2709
289 1051
1352 2815
365 572
572 3758
5394 7454
271 7180
2688 5499
1137 5472
2474 5459
356 912
271 7357
53 912
1137 5617
754 910
1051 2374
107 2580
584 1361
272 275
271 1135
1011 3742
1547 6123
2671 2729
895 6653
3509 7392
271 6267
834 4070
1024 7090
1915 4305
2478 5053
0 2333
271 3436
912 2886
4166 4252
783 5313
134 279
365 2828
5065 5906
1137 1358
572 1971
2665 3565
676 5094
2891 6327
589 2216
1871 4484
976 6766
859 3170
990 4376
1872 4186
143 269
272 1322
1942 4305
224 4027
2573 5393
2789 6586
572 3948
365 2090
365 7011
377 1901
1872 2682
365 7156
564 4539
365 2380
3973 6623
1782 4984
141 143
1137 7156
0 1137
271 5573
980 3918
797 3984
271 5071
1006 6908
271 7607
138 344
1035 2991
145 912
601 4214
2052 2814
402 3073
81 786
801 3705
4181 6524
564 5569
2468 7502
365 3206
2022 4073
2891 7306
2891 5342
100 360
271 6239
2891 6935
377 6581
5024 5608
271 5680
613 2891
3978 5094
0 3597
1137 1177
3218 3346
3707 3904
747 3210
1902 3792
2474 6794
0 1011
365 5180
271 5959
179 279
1008 2737
2662 2706
2341 2891
365 1539
3517 6252
365 5470
377 4312
988 1137
366 4037
2054 2699
107 1137
0 1343
1881 2991
6707 6752
1130 1437
990 6613
868 1969
1130 1324
1942 1981
2104 6150
743 5003
2668 6563
868 1024
2891 2929
568 778
2384 2389
912 5210
271 5042
2104 2444
4401 6730
1872 3966
909 912
279 632
2468 2891
563 565
271 568
2891 7336
2043 6573
4469 6756
0 1544
143 3290
81 143
365 2966
896 1946
611 4109
1137 2563
1987 6707
0 2
2614 4286
521 608
2627 6582
764 2614
2845 2891
2043 2704
365 3613
2771 2774
2891 5592
912 1382
81 331
138 2254
572 1915
833 2109
783 5550
365 5152
868 1553
1942 4142
93 2260
4040 4167
4377 4446
2468 3174
1635 1642
914 1872
271 2301
2056 4507
2731 6585
365 599
25 4355
718 732
2614 3855
271 5407
990 6577
2510 2959
311 314
2911 5428
114 808
5065 7020
0 5825
2891 6240
610 2249
810 4515
2891 5756
279 329
1335 6924
4443 6752
279 446
93 1078
139 331
761 3334
272 2012
279 559
344 682
1137 6511
271 1211
914 2614
910 4319
1499 2421
138 272
1942 2225
0 6157
2891 6362
365 1425
107 6337
1137 1893
1871 3807
2891 6385
3832 4128
575 1984
1901 2028
600 808
591 618
1137 3564
4323 6653
2043 4200
272 914
143 1969
5731 6008
93 2610
1492 6261
1901 3898
912 1346
2891 6205
271 2845
272 2773
764 1664
990 4242
912 1233
0 955
1137 2155
913 2145
1211 1456
507 874
331 2516
271 2099
1137 2244
783 5792
1872 2816
271 1541
2474 4042
3095 6184
445 2988
707 1872
903 2022
1137 3584
271 5600
718 719
912 4975
564 1792
143 2085
365 1218
365 1006
1067 2882
279 450
1352 4040
1600 4604
1011 6802
834 1926
103 271
2476 3559
572 886
377 6861
905 1137
1008 2028
1031 4014
352 1792
4141 4316
5045 6153
271 1469
792 1612
2359 2392
1044 2049
331 4416
1137 2387
1777 2614
3975 4377
2891 5395
681 1698
223 303
572 4372
834 2668
81 3131
2304 7159
647 718
138 1406
271 5986
1137 1335
2651 3833
1335 2874
1137 1455
1441 4706
608 1883
783 5655
272 4414
783 5764
271 5297
271 1561
572 3804
1872 2683
975 4402
143 595
3997 4209
2637 4055
1352 2667
2678 4456
2891 3512
1624 4598
72 912
749 756
365 833
3517 5756
271 3704
978 5499
378 572
236 562
2007 2702
271 7606
365 1335
2891 5986
1889 5499
2007 6580
0 362
1897 4005
0 5025
783 1464
1352 3778
1137 1884
2007 4209
271 596
2043 3994
1650 3218
271 709
564 5489
100 5406
271 1425
1871 1955
2264 7107
912 2836
2891 3663
325 1053
146 2988
365 3640
2433 3031
1137 2880
2709 3799
1914 2795
3832 4026
271 3568
3832 3881
231 1137
3826 4031
165 279
1092 1438
271 4917
2084 3593
271 6135
1137 3617
365 2172
584 6141
2891 3096
1008 6648
3977 4193
3720 3765
5391 7231
747 1533
2891 3398
745 841
868 3541
271 1811
279 292
365 5793
4204 6516
135 1344
2891 5664
365 5938
807 4319
3802 4305
1764 2474
1343 1405
66 365
1390 2563
358 400
497 636
385 1872
48 66
271 680
564 5542
912 6223
271 6157
5391 7095
564 5461
4461 6875
1872 3771
54 5906
107 1051
271 846
271 6435
783 5259
912 1383
271 2872
833 2108
3801 3938
523 524
66 81
3187 3199
0 591
271 3038
365 5084
71 81
1137 2216
271 5240
1348 2419
0 3158
747 1352
680 747
868 1904
81 1122
2837 2891
1900 6575
271 2413
365 5731
1872 2627
271 7210
271 6932
1035 1909
608 4291
4043 4519
365 1100
0 3406
365 2468
625 4043
1067 6109
4307 6700
20 584
3065 3509
1012 3712
77 1941
390 718
107 2602
783 1197
271 7545
2476 3437
890 4416
1553 2891
271 2150
1602 2145
3854 4207
769 3334
1130 2089
271 6979
1900 3750
1201 2498
2772 6661
564 850
378 4077
991 2737
2468 6791
1008 1872
271 6241
914 4171
1051 5042
1976 2706
992 1871
575 1872
2074 2780
81 5529
697 1942
365 3584
2891 5575
1010 1966
2903 4904
271 2844
2468 3926
1693 4878
1343 5313
1035 3728
697 1904
241 868
271 6078
507 877
271 358
277 1137
271 5167
4401 4402
100 564
331 2468
1897 2753
365 7037
302 1942
1137 2341
314 1160
365 5703
107 2395
1239 2828
584 1254
747 1618
813 4319
1472 2237
3420 5336
936 5506
382 6562
518 5728
1008 2069
1904 3719
1051 2392
279 477
1011 6884
5731 5960
271 7517
608 869
717 1981
868 1343
1035 4305
365 1507
3273 3330
93 788
271 7079
2125 2891
365 3020
271 7124
365 1541
238 365
0 1777
271 785
143 1782
1872 2811
0 5896
2891 7162
990 1322
271 3438
1811 1972
1137 1267
2739 4470
4027 4469
572 2678
913 1622
272 1038
107 7001
1585 2468
834 1008
2891 6313
271 3041
1541 2298
1693 4739
143 271
889 1893
572 3950
2104 5783
1959 4029
1901 2613
1264 1670
271 1560
1942 3792
3041 5188
1137 6937
2468 2717
779 1130
914 6883
271 7266
1352 2668
271 2506
1070 1318
1872 2714
363 3300
1113 1137
764 3210
1726 3187
783 4377
3290 4648
551 734
758 3218
1130 2145
785 6029
116 143
271 599
865 3952
680 2240
272 4087
378 3877
2114 5923
0 393
868 2132
392 547
3985 6739
580 611
271 6233
768 910
2652 2807
2392 5733
1160 2600
1012 6598
271 6350
888 1352
271 5795
365 924
2451 2614
85 365
783 5460
1135 2474
271 5953
138 591
1137 1529
783 5573
957 6919
1051 2043
608 2007
46 2891
1137 2332
979 1904
1370 3324
1874 2771
2474 2836
365 5758
1607 4564
507 880
378 4532
777 1908
379 4181
3963 4466
923 2022
93 2468
910 1663
1051 2451
1048 4292
783 868
1031 1942
891 1985
101 2891
2137 3634
1235 2468
143 1130
608 2673
1872 3855
1900 1962
271 7022
2320 5507
718 1981
877 4355
0 5006
1187 5906
232 271
107 1165
81 5266
271 728
1008 6651
107 846
0 4
365 3466
271 5654
764 868
271 6434
885 996
138 1081
1335 3578
747 783
272 967
2891 5547
0 5241
138 912
138 1335
400 5038
2047 2652
1137 5949
271 2521
1591 1687
912 3004
2891 3079
628 6819
546 5906
1872 6526
271 2303
2784 3792
271 5352
1901 2813
1421 5429
271 2412
365 2177
3753 3958
271 7560
257 591
1051 3665
365 2322
1137 5497
2928 4970
261 912
1067 1460
272 1871
3517 6051
1160 2118
24 116
279 440
1100 3059
1455 3187
2005 3756
84 1370
271 6978
3929 6514
787 1115
238 4910
156 4319
1986 4469
5118 5608
574 2891
3918 4513
3509 5791
271 1480
1411 2323
949 1137
2891 7121
701 3880
372 702
271 6366
917 5049
651 782
1137 1191
6252 6489
349 1035
912 1235
993 1048
143 3693
2674 2787
228 307
1042 3845
507 876
1704 2474
2757 3832
868 1591
93 5028
2778 3769
762 3218
572 3915
747 1335
107 241
238 2957
747 1621
145 365
271 2545
781 1900
143 5815
3235 3329
2468 2648
271 2043
1177 1392
1871 3961
407 523
5342 5928
271 7516
143 1085
971 3832
1024 4261
0 4904
983 985
272 6897
0 2143
107 1335
0 5063
271 7078
30 143
379 571
354 4319
3517 5515
752 910
377 4055
0 93
958 1018
1008 4319
68 868
365 6394
272 865
277 1552
572 2688
271 6426
2392 2452
272 1008
107 7115
1137 1656
1110 5710
2674 2740
783 5600
912 5783
1499 3498
4040 4146
1131 2606
1137 1453
271 325
2928 6271
271 5122
365 5027
694 4319
271 825
271 5299
1011 4394
914 1942
271 2359
990 2741
2676 3778
893 1942
1406 6097
868 1944
885 2022
6758 6892
124 2988
120 121
868 1135
14 5906
1137 3618
599 1406
1348 2824
143 3004
2699 6561
1667 1727
1130 6022
272 385
2668 2678
564 868
271 7098
1352 3780
2891 6032
271 598
143 1335
1635 3220
968 1933
5205 5906
2085 2313
285 423
0 57
272 3995
2145 3186
912 2838
3973 4104
271 6345
365 6366
1008 3883
625 4422
357 358
143 223
344 345
957 4449
912 1051
1051 1764
3241 4721
1872 1918
138 1268
2891 6437
0 2872
608 2024
271 2202
1602 3312
365 5612
271 5271
2991 4064
591 1158
224 1872
747 2100
377 2742
365 7125
366 3882
1019 6683
326 3645
3613 3614
378 892
2088 3409
0 1104
2694 2776
279 294
1352 1904
2891 3494
365 1271
2125 2254
0 4338
1873 2751
2889 3517
365 1160
1746 2891
356 868
295 562
2891 5888
2392 3681
271 517
2218 5572
1343 4142
2700 4268
0 1547
385 1991
1137 3227
1004 1942
564 3131
365 3576
0 5650
1901 1942
1942 2772
1137 5697
3483 3565
2468 4013
1042 1872
783 5434
1137 3059
2015 4072
379 3987
2145 2821
523 526
783 2468
896 1352
1235 1248
572 1998
2016 2043
60 279
93 6157
747 1640
271 2460
365 2321
2474 5499
1872 2772
2891 5745
3210 3211
1901 2991
623 1035
81 2936
2018 3832
1335 2246
686 3499
271 7547
399 694
761 3339
1436 2891
5305 6489
2700 4466
1499 2422
356 1728
279 420
2114 5190
365 1422
1872 3707
1695 4601
912 1544
378 2545
1229 2068
107 3682
2891 3593
700 4425
107 1430
1041 4002
0 2468
0 783
832 1880
2468 4657
2654 2699
572 4322
957 6764
359 1137
87 5906
1003 5741
271 6072
507 879
271 5161
990 4531
912 2437
2125 3117
365 5411
1011 4433
377 6656
272 3776
1961 6811
365 568
2150 5913
385 3741
271 5613
718 722
2468 5710
271 3681
1024 1035
2678 4274
2703 2706
279 479
1011 6886
1035 4162
3187 4728
36 2988
344 4162
1893 2624
784 2510
2463 2891
238 6461
565 1043
762 1635
1035 4384
1872 4009
314 2436
0 6299
1901 4099
1008 1918
271 1470
1998 3718
2412 2482
0 1600
93 5071
564 598
314 7457
5906 7074
1137 6055
5068 5446
92 1635
1024 6693
2828 5110
2891 5605
394 2928
912 1185
572 1871
1541 2903
271 5999
832 4219
2809 3812
3768 3815
1184 2260
1106 2510
5281 5327
138 568
1792 2891
747 1268
4305 6703
572 4089
1380 1792
4148 6551
783 2573
314 3437
271 2177
1132 2928
590 1192
271 2358
300 718
271 5411
1921 2468
1219 3509
19 610
1921 3841
279 285
2468 2798
2891 3517
1035 2676
271 1961
1764 2082
107 5714
2220 5134
868 1358
1872 4535
1235 4790
1010 6911
1872 4166
365 2700
0 6233
564 3330
0 365
605 4469
2891 6132
1782 5547
49 2468
628 1872
93 743
2435 3587
271 4382
2678 4087
238 271
2043 4015
271 6235
5391 7117
107 868
271 887
54 365
517 523
868 2085
271 2563
761 1107
1051 2835
1901 1969
1031 3778
990 6869
912 1406
572 2044
747 3130
564 6122
1767 2117
912 985
1901 4095
131 2395
2891 5392
40 5815
1048 3804
2392 2476
55 2988
508 2988
1693 4709
143 365
3151 7298
271 2164
912 5635
912 2402
1635 1650
1137 2322
962 1872
4433 6611
93 6184
1011 3953
1029 1906
365 5762
3517 5819
868 1981
3852 5499
271 5556
365 7481
1942 1969
271 7232
58 2891
1319 2891
365 1270
2891 4944
1130 2846
272 1893
1011 1872
2468 4466
271 7526
868 2614
676 3521
1172 2510
608 4367
2759 5499
1438 1486
365 2928
2377 2474
868 2836
1137 4100
572 2053
64 576
564 889
279 442
1110 4908
107 546
271 1526
1745 2880
3517 7112
666 1782
0 1883
138 783
271 4132
747 769
518 2742
85 271
1764 1777
1108 1405
1008 4437
998 4229
271 3035
1010 2051
4168 4330
0 1051
271 5189
1998 6608
366 4069
365 2286
988 4188
271 5354
138 572
2891 6497
1472 2085
2627 3728
783 6339
365 2320
2379 5507
2468 2775
271 7332
4209 5741
271 3596
764 1137
2618 6627
273 1652
1160 2120
4305 4492
783 890
3828 5741
1006 1137
257 2988
3509 7014
551 736
400 6044
996 4073
143 1529
2891 7496
76 2988
2891 6076
271 1445
2678 2719
143 3130
377 6822
1663 3333
1051 5643
1882 4147
1901 4416
0 2358
1335 3646
1137 2748
990 4212
912 1335
0 145
564 5194
143 1981
912 914
400 1130
1346 1759
272 4136
358 3573
1061 1108
138 2286
1900 4382
271 7128
2435 2468
1871 4527
992 6842
3437 5839
2104 3330
271 2220
138 1035
4242 4433
1130 2706
868 1815
3848 6521
608 1024
1981 3475
1904 4060
729 1984
0 1130
365 712
271 2547
575 981
3496 3598
718 723
271 3680
2468 4411
120 868
3818 6548
564 5925
747 2474
271 7518
143 1087
271 1130
2056 2675
1893 2639
764 4307
1438 3506
271 4023
365 2872
1080 1137
138 304
895 1872
93 642
2468 5123
914 6819
1137 1797
1013 3994
2678 2811
362 564
81 100
914 4266
271 6391
12 5906
2781 3832
1223 3185
271 6500
728 5504
271 5881
2005 2696
609 808
1923 2717
355 1008
271 5998
1259 3686
564 4940
271 3042
376 1872
269 2085
1445 7546
272 4402
271 988
868 3144
0 697
271 2176
365 2085
271 6511
1022 2801
117 281
358 2281
1547 5617
5816 5906
2286 5260
564 1459
107 108
398 523
385 3832
793 1343
365 5817
1872 2717
764 3862
1882 6521
783 1137
2618 6555
149 2197
143 2665
1883 1904
1944 2008
2444 2891
272 372
2437 2614
2510 3092
2123 5260
0 4918
572 790
2891 6135
107 2837
271 7044
3805 3845
2891 5188
365 1766
1130 2318
651 1020
783 1739
572 1038
2145 2589
385 608
912 6072
1024 6658
1137 2884
1872 2545
2085 2665
272 990
3282 4519
377 955
271 1254
2085 2891
41 5045
1177 1575
238 827
1008 2742
73 2891
26 747
272 4239
1618 3218
2724 3968
0 2874
331 341
331 1977
2891 3309
7392 7585
365 6978
382 608
223 1872
864 4134
325 2516
365 7335
2012 2624
271 1774
3517 5818
2468 2748
143 5496
700 1879
834 6794
314 2169
2123 5194
4104 4279
1672 3187
271 7521
572 980
925 1764
1137 3886
2648 4137
1591 3923
271 1186
272 2052
272 3880
271 519
0 2828
1600 1696
0 6357
988 6814
1137 1916
3975 4466
2085 2394
331 5906
0 104
5855 5902
868 2123
0 3041
1901 4186
4305 6816
912 1469
1007 3880
2324 5860
3866 4191
1015 2658
572 1921
2891 4984
4040 4462
747 913
1095 2863
572 1904
958 6718
1137 2114
1900 4426
1147 2089
2474 3138
1011 6578
1693 4680
1051 6447
153 2988
271 2123
608 6750
70 783
622 808
4189 6739
579 2891
1343 3565
2468 6518
0 2596
1137 5357
0 5719
747 1642
787 2823
365 2319
271 7335
524 789
1041 2729
365 5741
700 2026
859 5894
496 636
81 546
279 437
271 7493
2476 3433
418 2988
1137 6498
865 4051
3509 7013
1137 3163
2793 4761
5393 7524
271 539
3753 4416
1130 2468
6653 6858
4469 6723
2392 7254
576 1544
2085 2430
859 2295
0 116
4976 5065
275 314
2891 7105
271 6290
26 1135
0 2988
271 6403
2478 5222
2387 2392
271 3463
372 808
957 6905
2614 2709
3792 4497
272 2762
47 1013
4141 6821
760 1659
572 2729
81 1184
988 2620
271 2223
1942 4286
107 2097
988 6622
365 7033
958 1942
4209 6901
277 564
599 1137
1137 2474
1544 2294
1133 2309
747 1622
271 3466
271 2546
914 3967
84 913
365 7424
2478 2614
888 3923
1585 4564
2678 3893
365 1213
272 1966
1896 3707
5731 5964
365 1358
143 1086
1893 2638
271 6962
34 271
2387 2891
1184 1185
365 2871
4201 5391
1607 3186
7 81
271 7120
868 3004
271 1464
710 2468
792 4676
1901 4062
0 80
823 832
271 6390
291 1984
107 6284
575 1904
2618 3941
669 1591
1764 4519
3832 3858
3876 4261
753 1663
1872 2100
485 636
3273 4569
1008 2699
1693 4767
2094 5543
1900 2790
2891 6458
608 1872
143 1050
2828 5320
81 1792
365 2084
314 1110
365 5381
100 635
1901 4450
271 5308
365 7217
5713 5816
747 2125
2891 3409
394 1137
143 606
783 2602
387 392
1137 3670
914 6879
271 6942
116 2107
868 1130
1035 1969
47 2007
1137 2263
834 4106
1130 2872
868 1273
1878 1896
271 7436
1035 2759
271 2008
168 279
2679 3825
4072 4416
1912 4261
261 7430
2392 5165
1137 5005
271 6934
2827 2846
377 4504
385 1871
356 1690
365 2988
680 2387
392 551
271 6309
5392 7079
0 60
1325 2614
2709 4416
1782 5370
1259 1779
1406 2138
271 2851
385 2675
1130 5499
5393 7161
756 910
143 1383
84 1591
331 2306
1246 2384
564 5529
998 2618
110 1782
868 1738
223 1981
988 1035
365 5464
1904 1988
4470 6757
271 712
156 2085
271 1656
988 2046
271 2324
1137 2529
1942 1988
1961 6865
0 1444
15 2828
2344 5731
1210 1422
888 3868
236 365
257 912
2051 2667
4505 5499
1130 5812
365 1268
331 2988
4370 4372
764 1502
912 6423
272 2038
1872 3956
281 1864
1137 1553
365 7128
1319 2402
912 6197
0 4023
1233 3003
1669 3330
365 4320
5065 6407
1137 1907
783 6979
697 4391
24 5815
4469 6784
1187 2304
2007 2114
1335 3649
808 986
912 2692
2699 4188
271 2823
1803 2392
271 5936
747 912
2759 4416
2646 2784
93 2438
2341 5916
808 2468
955 956
2125 6274
1924 2022
107 7455
2787 3765
122 228
52 783
753 910
4506 6797
365 2284
419 2988
1137 2364
147 610
271 3517
103 2161
912 2334
1137 6949
271 1741
0 2772
1944 4305
365 5871
783 2954
1011 4101
344 995
3217 3350
2678 6780
365 2463
271 4975
599 3998
1904 3728
2788 6633
3565 5614
868 1201
365 2608
0 4305
365 5905
1051 7524
1235 4739
365 917
2621 4220
712 2104
783 3506
783 1241
399 544
3509 7012
3333 5274
912 1901
2057 2618
335 611
271 7167
2683 3793
271 3187
3779 3889
271 824
271 1492
271 3296
271 6301
909 1394
2891 7125
2516 5295
957 1981
272 2748
1044 2377
2664 5499
2341 6366
2100 2699
19 143
1900 2691
107 7530
2891 6417
1137 6109
988 4380
271 5162
700 4232
271 2222
1108 1137
859 3389
0 1358
271 2271
365 5553
0 1533
572 3749
271 5497
271 4176
2392 5081
271 6138
2891 3474
1872 4099
718 721
1252 3593
2675 5747
1051 2478
1352 4046
2891 6137
365 1357
143 1081
978 1912
1893 2637
928 1137
1562 2056
758 3211
87 2085
1901 4207
378 6723
2389 5608
2392 7556
17 2988
2706 3733
5333 7565
2386 2433
1904 4396
0 1782
912 3282
2618 6683
36 1798
0 2324
1523 2384
1 2125
2891 5385
271 5706
1312 2891
5333 5548
783 5018
582 3300
376 2682
2891 6367
272 1027
2019 4210
271 5992
365 4989
2919 5546
4 957
1179 3095
0 5332
862 1942
107 5242
2508 2891
378 2742
365 7216
4469 6622
379 4319
914 3774
1208 2474
985 3703
4257 4323
895 6756
859 5682
271 2464
2468 2714
93 143
2758 2795
2891 5690
1624 1656
70 272
681 2145
2891 3445
4466 6864
895 4125
3290 4661
1024 1959
271 847
271 1390
625 1035
572 630
0 61
92 4626
2468 4486
2712 4189
2562 2891
271 3401
957 6863
314 7603
397 523
1010 1888
2468 6921
81 352
271 5855
912 988
252 271
1137 1379
271 2899
1137 5819
5039 5391
2468 3947
4093 4305
4272 6757
2774 3832
1210 2891
216 279
507 808
572 3992
4379 5569
271 5218
3792 3811
93 6181
4289 5741
3574 5391
365 7121
598 5906
2771 3830
777 1919
747 1553
74 145
0 1108
2891 2934
564 5992
1137 6170
565 963
240 2988
0 4342
138 1541
379 955
578 2891
272 2039
998 3788
671 2622
271 7568
143 1137
793 912
1872 3844
223 2668
67 5375
787 1090
785 1137
365 1591
590 912
2891 5218
279 855
1901 1904
859 2330
271 6328
2891 6952
1008 1032
24 143
271 5661
1335 3648
81 1551
1942 2067
1100 2414
0 5583
0 2123
1235 3250
4044 5569
1008 2772
271 2084
143 5274
271 6097
3926 4324
365 2138
625 1322
0 5899
314 5003
747 1358
783 6190
2654 4312
298 392
988 4191
1011 3918
365 2428
3926 4392
651 1045
271 7216
228 6364
5375 5572
1137 3613
1652 3220
37 271
378 4420
4181 4525
911 1137
1961 6638
1100 2969
104 3187
672 2341
1035 6599
1137 4040
890 4065
365 1529
1137 6496
3565 5391
1872 4064
143 5906
990 1927
868 2827
601 4535
572 591
529 4163
1099 3186
271 6255
107 912
271 4544
999 3993
1887 4350
138 863
271 5434
1438 3074
365 6306
766 1630
379 6562
1904 4301
1965 2070
3911 5499
257 1137
138 1492
2709 4075
68 3093
1325 2891
1942 4301
1137 2301
1130 2341
912 7158
72 6104
365 5407
2894 6347
1422 5904
0 1359
0 6022
1818 1822
365 564
305 2085
376 4039
92 759
988 1878
1051 3632
365 2545
143 2614
271 3693
2891 7031
2468 2629
2773 4322
608 2100
3839 6516
585 2392
279 2215
2135 2137
1893 2636
1907 2468
2891 6092
271 4241
1893 4350
1344 5608
107 606
564 5621
1137 2478
365 3014
2384 5024
2714 2717
1343 2398
385 2731
402 523
271 3158
2468 3772
1872 3818
957 6600
1051 1235
1607 3218
517 531
1051 2827
281 559
138 224
633 1137
1008 3844
572 2717
1223 3186
271 6497
325 2600
138 962
365 6423
2789 6848
915 2891
987 4416
271 3621
271 5611
3850 4469
1406 3844
2272 2363
564 7097
5906 6404
3235 4725
2017 2725
375 1798
312 1160
156 4382
1051 3695
2811 4305
697 2755
0 2717
4305 4399
2738 3832
745 5731
365 2662
970 5499
0 6463
1585 3186
261 868
325 365
271 1099
59 81
0 3114
2385 6423
2674 3720
271 1272
365 2841
2619 2706
2474 4979
1035 4416
365 3454
271 5944
564 3116
2468 3792
11 257
957 4280
2510 5891
629 6612
2085 2437
572 1033
365 1797
868 2224
0 2545
832 2022
572 4416
1901 3946
1137 1169
1010 1889
4111 4261
1991 3961
2468 4725
84 1585
2891 5055
2168 2433
138 4192
386 718
572 3993
0 5920
143 2474
1137 1425
988 6528
1130 2088
1872 2654
277 6082
0 7314
365 764
1679 1693
985 4254
143 257
385 3801
271 3636
356 4759
46 2088
610 2299
807 2615
66 3421
700 1968
314 2295
1693 2891
2104 2307
1235 2474
1067 1388
700 3955
868 1533
1149 1192
888 3822
906 5906
1051 2084
93 1339
272 625
743 2169
0 107
223 4305
5762 6011
3848 3940
1024 4086
2451 7378
0 26
1008 1033
145 2891
87 143
1981 2789
271 3500
958 2014
2891 4989
312 2382
1048 3725
1235 3253
3973 4382
271 2998
912 2468
1100 2125
1163 3301
2005 4322
2809 3982
2894 5033
271 5265
138 764
107 7441
888 2642
2654 4430
271 2132
2392 6470
142 143
143 754
1906 6100
2152 5816
0 7375
365 591
507 4173
1872 2618
1585 1607
143 912
2678 4408
2468 2771
2565 2891
1981 6633
365 1093
1382 1698
77 1085
356 3188
1010 6689
3727 3845
3409 3517
271 5022
1653 1694
135 3550
365 915
5131 5906
271 4111
1883 1981
143 1108
271 1155
365 3108
1872 4098
1872 4065
758 6500
3041 5811
224 2659
138 626
272 4006
365 3398
888 6700
680 5265
11 2988
572 575
5094 7519
1900 4069
271 939
143 1544
1893 3736
385 572
72 3120
149 2988
271 6412
6833 6867
1137 1369
2891 6197
564 5061
6518 6524
1223 4726
0 2088
764 1688
2125 2614
377 624
66 6133
2707 3821
868 2478
271 2954
365 5372
5906 6271
1995 2991
1137 7407
385 1016
584 6061
143 783
365 2109
747 1325
1137 1259
888 2781
365 2254
993 1901
2400 5543
3736 3939
271 5499
797 3858
1698 3218
868 1137
400 523
2991 4521
2476 2902
1108 1591
1011 6780
69 81
271 7477
1764 2458
1024 1215
271 1142
761 1662
271 6975
4312 4399
277 5566
365 2868
1782 5440
272 3970
271 7133
1110 4968
40 1137
143 1358
377 4323
1397 2067
0 6927
2137 2239
3733 3969
278 1038
0 1904
4416 6526
990 6905
378 1990
912 5341
271 3447
365 1969
1352 2297
107 7210
1904 2709
1137 5998
1137 2063
314 5562
510 2891
583 2238
731 2891
868 2437
1478 2392
1137 7524
785 5263
912 2186
1352 3521
2392 7516
4168 4533
1028 2022
2876 5530
2807 6834
2872 5438
0 1499
859 5684
973 984
890 1942
271 5471
365 680
1641 4620
5742 6134
271 5025
1130 2151
858 958
912 2343
271 7433
2007 2694
4322 6651
271 5078
2817 6651
491 636
2007 2679
378 4191
66 6253
988 3860
936 5906
4148 6757
271 6931
5084 5938
356 1669
2384 5118
271 7040
1553 3330
1274 2891
12 584
3918 4464
572 624
1600 4723
747 762
2618 6730
365 3487
293 4319
2699 4260
3986 4377
223 5906
2043 2703
93 3845
7543 7555
917 5002
890 1137
564 5134
0 2145
272 2694
1942 4409
271 3576
629 4353
906 2125
3374 6226
572 1896
1872 2067
0 1352
271 3010
909 2468
279 1495
1040 4341
1921 6688
138 680
1140 3041
93 6179
271 2321
262 1160
797 3881
628 6879
365 7119
1472 2125
271 6260
271 2438
377 1921
271 7247
1137 4940
2107 2885
2468 2974
1099 2891
271 7533
271 1081
365 942
1904 3784
2791 2801
271 7031
648 718
365 1444
5352 5758
365 3068
1993 2706
378 3904
2387 5690
923 2649
5506 5515
591 2780
377 4251
1137 4598
641 1985
276 5392
2668 3893
741 1872
1892 4305
0 138
1160 3174
1051 4416
271 6488
0 2125
1871 4385
1335 1548
2637 3972
271 2993
758 1635
93 1137
912 1149
601 6594
271 2086
1942 4038
2693 5569
1693 4676
2474 5808
1108 2343
271 2244
564 7026
135 1129
143 610
271 2421
1038 1872
1133 2478
973 1137
1921 4093
1407 1568
700 2022
143 1201
77 1933
279 433
365 5902
561 1984
365 1382
0 2121
331 3290
4343 4344
68 331
271 1154
377 6712
1544 3509
365 3040
143 1397
1113 2891
271 6249
145 1137
81 115
764 2812
3847 6521
312 313
143 1547
143 236
2022 2468
409 1318
405 509
1994 2709
108 2517
747 1137
1035 3720
629 3873
132 145
912 2433
81 1188
988 4453
1099 2474
1035 3958
1010 4039
365 2108
1137 6051
564 2286
623 625
608 1942
366 3978
271 2264
365 5550
4417 5741
271 5333
2012 6516
3728 4469
2104 2176
912 2125
2137 2891
868 1138
3736 6523
1872 2742
143 868
0 1054
272 1811
2468 5748
1137 3720
271 7033
0 1165
365 2577
279 469
1942 2056
279 2209
1916 5741
783 933
271 1137
868 1319
608 1004
347 1904
769 1640
1179 2085
906 1411
356 1670
271 5903
1211 1869
3346 5257
1008 1908
1872 3820
957 4242
2043 2677
2468 6706
314 316
609 2468
93 2891
372 618
912 1529
1100 1130
1988 2013
2404 5906
957 4212
5391 6293
2891 6211
2630 3792
2516 5437
783 2244
1441 2468
0 912
1268 2341
382 4004
1959 3927
2093 2392
988 4323
1051 5063
365 5020
0 3010
271 2343
1130 5063
0 1325
2212 2988
1872 2676
77 4382
378 1008
2705 3792
350 5906
1008 2891
2468 4198
271 5470
797 4085
1000 2815
271 2514
1921 4020
625 1977
1235 2226
572 2474
1137 5515
271 5439
888 4066
1067 2614
2474 5102
1163 1346
769 1652
271 4343
1745 2748
2516 6045
1872 1901
1051 1201
