7716 5824
572 1035
0 2547
271 3402
783 2219
1137 3491
272 979
271 2863
81 357
526 543
600 974
572 1897
678 1502
271 2908
566 2891
0 636
1932 1934
1137 2090
3034 3107
888 2616
951 1137
143 2341
271 2320
1670 3187
1043 1968
988 1897
1959 3775
288 611
365 1119
145 302
1371 3253
272 1883
988 4059
594 2125
683 1767
358 5163
610 2152
0 4984
1137 1557
379 1137
271 1193
272 3885
365 3067
487 636
238 322
257 2197
358 2951
271 1532
833 2424
2089 3631
1453 5318
1137 2843
1406 2170
135 2384
0 937
54 2336
993 1524
138 1343
365 4930
903 1028
2392 3040
0 759
1067 2311
271 5187
1137 2223
143 2440
575 729
636 1293
1906 2805
1263 1580
1055 1444
1942 3728
747 1633
143 914
2239 2297
680 3418
1137 3602
356 3190
365 1236
0 1186
77 1932
271 5016
365 1381
145 564
1624 1698
72 143
271 1165
912 3517
271 614
755 771
1900 3777
365 1560
271 1443
120 2125
0 1693
1406 1772
409 523
1745 5154
912 1325
354 572
801 1871
1335 3003
1137 2960
1872 2125
1137 1320
53 271
40 610
143 2254
0 2888
1904 1969
365 5047
1739 5256
272 1352
1137 2371
143 5224
2078 3556
1108 2028
636 1297
1137 2524
93 4958
271 2376
365 2397
1942 3772
238 1244
116 2092
575 979
3129 3565
402 1075
1009 1015
271 4943
1904 3760
410 2545
365 1208
0 3538
564 1130
365 1353
783 3693
1745 3526
1137 1757
769 1647
1137 1710
1035 2061
331 1035
271 3106
365 3011
820 2965
271 747
365 1788
143 1352
572 622
271 3155
1524 1764
0 85
293 1008
1343 1904
1809 2392
271 905
783 5285
1881 1942
680 2458
138 2474
2022 2625
2637 2727
1010 1995
272 1031
271 2939
1137 3004
1137 1492
785 5219
271 3048
523 591
1406 2412
1137 1227
271 5130
302 2689
608 1988
783 4952
2933 5400
1591 1604
81 5065
143 564
271 1635
271 2367
1137 2552
271 3613
356 857
1000 1048
1108 4962
271 1793
61 365
1011 1917
271 5027
545 2661
129 358
339 341
1011 1878
572 957
143 1343
271 3078
1335 5237
1906 3717
2736 2795
1357 3475
372 591
1355 1382
1137 2302
912 1397
1011 2701
143 3727
272 1999
1137 1383
271 2953
271 2911
1137 2136
344 2061
138 628
523 2254
1137 2089
86 241
521 3754
271 2173
890 2611
2007 2015
0 2991
271 5279
0 3670
1032 2769
271 2323
1352 1946
412 575
143 953
271 1780
271 2432
564 1437
924 2478
754 1087
680 934
1050 2828
271 3633
747 1698
365 795
1137 4930
93 2397
1904 2391
72 148
777 1343
93 2254
365 2921
1577 2468
271 1241
0 4999
1101 2427
1137 3074
398 1236
271 1358
271 3098
93 1193
238 306
372 572
3675 5348
1014 2699
912 2922
1137 2842
912 941
730 940
747 774
1137 1202
783 5086
657 2891
839 1683
909 1212
680 1116
372 1008
289 396
271 3099
1130 3463
912 2302
1268 2334
764 1621
1904 1942
263 912
1064 1137
888 2645
909 2135
2125 4898
541 2163
2024 2794
365 2279
636 1294
1137 2359
1008 2821
1745 3101
1137 2432
1959 3789
636 1516
797 4028
365 1090
912 2079
5 1137
572 3727
783 2868
2063 2663
2928 5106
783 3483
365 912
0 4933
2022 3827
2639 2678
356 1736
1137 1665
871 872
1035 1883
912 1777
410 1162
1975 2709
2059 2709
595 907
2015 3713
1137 1148
1745 5153
1137 1498
310 2286
0 3665
1137 1229
143 238
1335 3002
783 2323
363 582
15 81
271 2967
988 2699
271 2521
1192 1407
507 871
0 2889
2697 2748
2078 5273
271 2266
636 1298
1352 2795
608 1031
1 564
331 625
271 2552
913 3216
365 1207
793 2078
1235 1713
271 5119
365 1352
2254 3497
2876 3001
572 777
1022 3857
272 1966
1137 1709
385 1942
0 1739
2382 3119
145 1107
93 3517
957 1352
138 236
2915 4990
145 570
2733 3977
260 1695
399 5089
271 3440
1137 3461
783 1901
1695 2468
1357 2020
1137 1319
2679 3751
1137 2995
1061 1137
1097 1137
2286 2382
1355 1721
1357 2135
314 3123
927 1137
365 2078
1010 1019
365 2223
1137 5342
498 1227
271 2479
1108 1904
398 530
93 138
783 3389
271 1969
912 4934
3763 3913
2618 2682
764 3228
1201 2261
365 2871
1235 1613
783 3539
857 3267
1689 1692
365 3160
1137 4999
1358 3545
1591 3317
365 2837
834 1040
895 1917
0 276
271 1397
378 3883
1406 2835
1137 2579
271 895
572 3924
0 3690
3041 4967
271 1004
3930 3963
1137 2941
795 2891
271 2857
2545 4965
1137 1382
2769 3806
523 541
138 629
1406 1492
1949 2022
1137 2088
365 5101
2125 3100
0 2976
138 1226
1683 2468
845 1137
143 2343
271 2322
271 1783
271 2435
1137 3700
636 661
2415 2478
575 1002
747 1701
0 1240
272 1885
101 564
1893 2623
1101 3608
1137 2433
120 129
881 882
1145 4922
890 3752
1137 2468
1993 2706
365 2954
890 3611
2811 3966
642 2302
1137 3427
1137 3580
1137 1201
572 1944
381 652
1764 3541
2786 3832
783 2479
1048 2004
271 2083
1352 1354
1137 2260
402 1545
0 2845
19 2091
271 5197
680 726
1137 5141
636 1295
912 2261
138 2614
365 587
2678 3746
28 2121
271 1739
271 2535
636 1517
1137 3600
1652 3217
2512 5095
0 1077
769 3226
890 2056
1137 4973
77 1930
271 5018
1035 2821
2772 3903
271 2031
564 3411
1137 1591
224 988
890 3933
2382 3489
870 871
2125 2861
2085 2407
365 2567
680 1789
271 1490
2085 2504
2903 3059
1137 1139
272 895
365 3684
1160 3077
271 3468
1059 2125
138 2055
1010 1957
1161 3005
138 1358
680 5053
93 1904
700 984
819 5065
1137 2151
358 1184
1352 3007
1240 2392
0 2890
1602 3183
1959 3901
1944 2666
1782 3436
783 2721
2102 2107
636 1299
1137 2514
591 1345
365 5310
1137 2467
1406 3166
0 1122
636 1521
213 636
271 3688
1011 1891
764 1642
365 1206
1536 2907
272 1957
1235 1712
31 145
1137 1602
81 120
0 3139
272 3800
564 1051
1632 3227
314 2330
1079 4936
730 2914
1572 1591
372 3720
2022 3951
2063 3938
3241 3330
755 910
93 523
1137 2678
564 680
1137 3418
271 794
783 5174
783 1791
1406 1432
1900 4037
1137 2896
1942 2709
0 2457
1137 1401
1137 2994
0 915
1035 3753
1356 2539
72 1137
1353 3203
564 2398
1536 3404
1591 1606
2103 2573
3728 4004
2254 2419
1137 2558
638 1137
271 2478
1035 1881
2114 2235
365 1178
272 1921
271 3837
636 1275
857 3266
143 1051
271 1110
1137 2597
1702 1707
1137 1791
1591 3316
272 507
2088 2255
1890 2618
1904 2059
0 1704
564 5364
1011 2763
271 2570
1130 5184
1137 3488
808 884
0 849
271 2905
238 2468
523 540
138 626
271 3022
564 1883
271 4919
1137 1230
1896 2804
1137 2232
833 3499
1130 3395
271 5273
1357 2647
1421 3071
680 793
143 2391
2474 2730
365 1116
0 3454
2637 3904
3385 3517
2737 3882
1137 4928
741 914
370 1137
1352 1737
2125 5329
365 1406
271 2872
1101 3607
1917 2709
93 2252
584 2141
271 1243
120 241
238 321
406 2872
868 2163
783 2320
836 1745
63 143
2636 2643
271 2670
912 1969
636 1276
272 2647
1137 2840
913 1658
802 3986
1406 3604
591 808
523 568
336 611
912 1137
638 5013
1268 2328
1352 1355
636 1846
271 2131
365 2132
1213 3098
271 5196
636 1288
263 1412
410 1864
1137 2052
365 586
572 3736
801 2966
1920 3982
747 1634
271 1738
888 2468
1357 2769
81 1400
365 2311
636 1518
783 2963
145 271
2679 3984
747 1664
3041 3047
572 1008
365 910
1137 5117
564 1024
1213 2117
0 3095
523 1553
1137 1671
271 1343
700 3971
223 1046
762 1732
1137 3116
833 835
176 190
687 3648
1760 4934
271 1501
575 2039
564 2960
1137 1138
1013 2043
1146 1792
0 3036
271 3471
680 4911
769 1652
271 2912
178 636
379 1989
1137 1325
1882 3789
315 1341
358 1185
271 362
365 5044
2468 4968
2392 3418
271 1544
629 3824
1871 2650
81 2306
377 2699
608 1049
0 2584
1212 3177
575 591
400 2509
1031 2676
523 1137
365 1060
1674 1727
400 5374
2706 3931
2606 4919
890 3855
347 1908
0 1967
1571 1591
365 2863
63 912
2125 2943
365 3008
93 1406
990 1268
270 564
271 2609
2632 2635
912 1533
630 809
1137 2903
1137 3515
143 1944
783 5335
2125 3459
271 3555
568 2085
2222 2478
1137 2993
1582 1587
116 1268
0 5291
1490 3313
1704 3195
271 2360
1782 3576
912 2078
1871 2622
988 1921
271 2473
334 611
1137 3662
365 1143
912 4905
760 1659
348 1008
1177 3324
887 979
2668 2811
1090 5202
385 3985
0 3505
1352 1597
859 2891
488 636
143 1050
1137 4997
683 1137
68 143
271 3986
1872 4014
2085 2268
271 1399
365 3448
271 3075
2286 2961
233 2631
0 52
1656 1659
148 1551
775 1698
365 3627
1137 2931
138 785
1942 2742
375 1798
138 2125
1755 4934
0 2150
358 3547
1544 1904
2355 2462
572 1893
575 2694
957 1981
154 1110
138 627
2088 5030
271 2174
99 107
636 1860
833 3498
331 332
81 1137
1400 1407
1137 2312
271 5272
143 2337
224 1899
1906 2652
1406 2580
2137 3138
747 1657
271 1777
2254 2303
636 663
3210 3226
1352 1357
365 1260
0 1242
271 4992
236 523
572 1005
2254 2824
1942 2100
988 3829
608 2812
396 1229
1438 3074
238 326
2384 3675
271 1528
1208 2316
764 777
1137 3425
1982 2618
886 2632
1536 2559
1212 2893
1024 3707
0 143
2401 2478
0 2114
271 3004
813 1137
2468 3254
1137 1425
271 273
1475 1529
903 1024
365 5283
271 2130
120 1130
564 2327
271 1591
1163 3301
271 2243
636 1289
1406 1533
3876 3913
271 2416
271 1749
636 1519
523 1108
241 1137
0 1079
1035 2033
2638 3952
1904 3720
1522 3059
1160 2162
77 1928
1893 2641
636 1852
365 3102
383 2389
365 2890
1022 3832
1610 1704
271 659
833 834
1370 1691
263 271
54 3012
575 2038
143 3517
1343 4949
1137 3486
365 1991
1346 1698
743 1506
1406 3750
913 1637
1137 1363
73 1268
0 2094
888 3868
2676 3902
1137 2964
2489 2665
1316 3117
1137 1324
591 783
1137 2149
138 523
379 1973
1201 1268
0 2892
385 1010
583 2256
743 3389
785 5285
271 2230
551 1981
302 2635
238 1137
0 2585
1942 3760
271 1999
378 699
1074 2085
1944 3715
1274 2540
143 2988
271 5112
568 1137
672 2392
2005 3811
2254 3500
30 2085
636 1856
2468 3849
1137 1745
834 1035
271 3118
572 618
758 1137
1139 3021
1137 3416
896 1872
1991 3807
1975 2810
271 868
2254 3176
1357 3563
46 1008
271 917
54 271
260 1690
988 2772
783 1902
272 1004
834 2686
1492 2551
271 2887
365 5193
3201 3330
1137 1480
700 1022
1335 3025
2254 5302
1137 2403
271 5255
2476 4951
365 2220
1137 2556
1872 2665
1205 2114
1801 2891
271 2472
365 2365
1352 2033
1137 3661
923 2025
1136 1612
1137 1445
1035 1960
271 4926
1553 2254
346 1137
2637 3883
1406 3418
143 1268
572 970
518 3727
1355 3306
409 907
365 1466
356 1667
1268 2988
271 3074
659 2353
2114 3187
271 2580
1602 1698
138 143
572 1024
833 2304
1356 2648
2891 5196
957 3967
271 2858
1137 3011
1355 1656
523 542
2140 2256
1872 1904
1903 1988
1725 2468
138 707
0 2868
833 3497
302 1942
1355 2384
1114 2254
2379 2915
1268 3659
1942 2013
1312 3593
0 1469
988 1894
2254 2422
564 1433
365 1114
116 2144
365 1259
272 1872
3429 3430
143 783
857 3292
1137 1544
864 3832
0 5100
1900 1951
783 1405
2049 2709
1173 2384
1406 2979
238 327
769 1137
795 1072
1490 1670
636 3898
2114 3108
271 1531
6 72
137 271
833 2419
1130 1787
271 1754
1268 2261
1137 1206
1010 1980
0 2115
1745 5339
858 3832
1618 1654
696 999
337 611
365 4925
523 2286
271 272
365 5282
1702 3329
0 2832
1041 1357
912 2233
271 3640
2392 3392
743 3433
2386 3638
826 827
636 1290
365 584
1406 3105
747 1636
3521 3601
636 1512
2114 2126
1108 1562
785 2569
343 523
365 2599
356 1490
634 1137
271 1051
365 908
1893 2640
636 1853
227 887
783 2017
2088 2298
356 3360
1352 3769
365 1410
1108 2614
1137 1397
27 1325
414 2891
987 1927
524 2595
912 2988
1054 2082
2783 2786
143 1553
401 511
564 5213
0 2480
572 2656
3832 3840
913 1636
912 1201
0 2095
0 906
365 1325
1683 2706
2253 2863
385 1009
1764 3419
271 1108
271 5181
325 539
0 680
1008 2631
271 2225
1116 1137
365 411
1137 5174
912 2100
1688 1717
54 1081
143 2328
271 2391
365 2392
1136 1712
365 846
857 3307
2709 2810
145 523
143 1024
952 1108
769 1634
1553 5355
1008 3791
225 2988
1137 3423
599 1011
783 4988
1137 2901
1389 1406
272 1971
1137 1406
1137 1792
407 3154
2731 2750
743 827
402 1428
2150 2829
564 1777
0 1777
1137 2402
564 2248
988 2028
1137 1463
271 2362
2678 3966
2636 3726
1015 2065
271 2475
1874 2774
1959 2045
365 1141
2510 3030
272 1909
1137 3392
3273 3278
1044 2734
1137 1635
365 1320
224 2756
345 2672
3576 5384
3832 3971
1421 2174
271 3085
896 3706
272 668
271 1510
1762 3074
76 257
749 1653
53 63
381 2286
131 1137
358 3150
1756 2254
38 143
271 2906
813 1035
138 625
700 899
1648 1650
271 3019
579 3689
1397 4998
651 2713
743 3575
94 257
271 2168
2968 4934
271 2281
365 2302
1137 2318
807 2632
271 2334
2254 2386
1553 4985
1236 2085
271 1779
169 281
564 1434
139 625
365 1113
143 821
0 3441
288 744
1406 2144
93 2343
783 1118
2377 3565
698 962
272 3732
344 3958
2891 3021
272 331
271 1207
143 2836
0 3086
1137 1688
63 3309
1110 3485
0 1560
145 2593
1036 2678
271 1530
3041 3573
2468 3836
1668 3187
1137 3431
378 1942
1609 1693
2071 3765
1137 2700
143 145
808 1904
1137 2845
236 1406
271 2825
238 2516
138 2302
273 3265
1137 2175
1226 1268
1137 1431
271 275
271 2095
764 1618
801 2776
986 992
138 1051
1137 2393
271 5193
1703 1704
1524 2043
636 1291
271 5374
271 1702
365 583
983 2747
1352 1979
1137 2491
145 371
2699 2724
365 728
636 1513
564 1406
143 271
399 1203
743 4908
2238 2996
271 2037
356 3267
2392 5184
572 1011
81 936
0 4954
1048 2748
1421 2468
365 1409
400 523
365 3033
365 2125
410 2459
1160 1527
2474 3654
2468 3186
680 1904
0 3018
1160 3054
1394 2137
1019 2991
0 2481
993 1352
1137 2873
912 2665
1422 1764
1904 3517
1355 1539
1635 3210
1355 1680
385 1008
762 764
1904 1975
271 1560
271 2224
358 3666
271 1410
1825 2478
1137 2518
271 5330
143 591
257 564
1011 3893
1896 3897
1137 2471
1942 3792
519 1137
271 4900
271 824
15 1050
1136 1713
1969 3753
1008 2052
0 3385
263 5020
81 635
1044 1942
1536 3022
1212 2396
2123 5276
636 1858
834 1942
1160 2382
271 576
314 2441
93 382
1355 3374
365 1782
1693 3250
271 3161
3082 3149
263 365
1458 1492
378 1998
271 919
365 3652
1352 2668
1887 2618
1438 1745
1137 1260
6 1551
783 5100
2709 3892
1356 3074
857 1669
1320 4979
1900 2634
21 783
1708 3360
985 2047
1527 2382
271 2151
584 3088
271 5136
138 700
895 988
1421 3122
0 1316
93 3727
2254 2423
1137 2546
381 1268
236 2201
271 2474
2392 3159
365 1140
1587 2145
271 1807
2392 5055
2125 2379
271 2523
2114 5099
143 833
2234 2501
271 3656
1393 3110
272 1925
726 1137
365 1319
1536 2986
365 3155
1137 5050
372 1965
271 567
2161 3127
572 810
365 2832
1022 3894
581 948
1352 3826
564 793
834 4008
3234 3329
271 1505
1037 2022
725 778
1137 3450
1352 2512
271 2582
957 3852
922 1137
2103 2104
81 350
2815 3725
2668 3710
192 636
1393 2088
81 940
0 2183
302 608
783 3603
767 1620
271 2171
1137 2236
572 2688
0 2981
1137 5228
2468 3522
1352 3557
1352 2777
366 1137
365 610
1137 2462
785 2305
747 1658
365 2335
636 658
2468 2615
888 1352
827 828
1137 4932
977 2031
1137 3913
378 608
568 912
365 1402
958 2749
271 5162
400 657
988 2468
988 3824
1137 1720
1137 1695
1343 2491
271 1319
572 2074
365 3060
957 3805
238 325
695 1884
365 3417
271 3168
1027 2815
238 308
764 772
997 2789
1872 2015
564 3000
0 2343
2359 5140
813 1356
572 2654
730 950
1406 2173
1059 2085
800 903
1553 1904
365 5280
2692 3936
608 1811
912 2235
3233 3329
848 913
636 1284
988 2005
2328 2861
1268 1492
564 1480
651 1039
365 2219
743 3145
365 727
365 2307
636 1514
878 879
1130 1522
2638 3959
2618 2636
365 1229
1964 1965
0 3533
523 1335
1904 2302
365 906
636 1855
2125 5186
365 2401
589 591
138 257
747 1650
365 1408
1253 3593
888 2003
1012 1945
381 3517
2063 3861
68 81
365 1553
1092 2156
2078 5229
81 107
2468 3601
228 238
2085 2547
2888 3517
783 1815
1137 1223
2769 3711
1137 2872
272 1042
1335 2992
3187 3258
271 2973
1547 5269
1815 3579
2223 2384
1942 2689
1403 3671
2088 3136
325 2285
135 3667
143 680
754 1098
769 3209
271 5292
271 1556
1137 5172
271 4964
3329 3370
93 271
1137 2470
728 2406
236 281
2536 2938
261 1108
365 2535
2502 3000
1406 2036
32 584
365 1056
271 1883
1624 1639
1614 3250
143 1181
271 1944
271 5061
564 1137
1406 1817
636 1859
912 3585
749 776
271 1262
957 987
0 5078
764 767
601 3889
1790 2088
985 2651
608 1562
271 1420
2069 2821
81 87
783 1899
783 5331
271 3567
365 1357
1024 3797
2683 3890
783 2429
1582 1591
271 2974
271 3057
2088 5070
271 2150
2468 4921
1137 5191
1602 3327
2254 2420
401 5051
1137 2545
1011 3856
1406 2430
1108 1918
2254 3608
1137 3650
365 1139
0 1091
2392 4992
1352 1353
564 1335
7 1792
1406 3534
611 2804
1555 1602
1952 2022
272 3611
271 5032
70 271
2125 2220
750 910
365 1318
365 2942
764 3192
2392 5288
1692 1694
365 2831
833 926
81 145
281 503
1137 2012
1055 2352
1137 2581
314 3433
271 2577
761 1117
2103 2107
1137 3008
783 2044
2828 2891
2222 2510
1268 2450
979 1904
169 236
591 1137
833 1778
365 2300
1137 5219
138 1268
957 2705
271 2328
271 5397
365 2334
957 2675
827 831
1268 1406
356 3256
1591 3238
513 2138
2392 3696
1268 2588
1067 3483
572 2075
1356 2615
2082 2919
801 3716
2063 4001
1904 2235
2407 3141
1013 3798
1137 1242
1745 5199
913 1661
912 1352
1882 3907
564 5099
119 129
783 2308
2088 2372
1571 3269
758 1656
333 611
138 1319
783 2485
271 2692
1137 3636
263 1245
1137 2254
2085 3043
762 3214
93 1544
1406 1430
0 1406
365 2272
636 1285
1137 2344
2125 3653
564 1481
320 743
641 2748
636 1515
271 4979
743 4910
271 5088
622 3768
63 1137
143 1065
365 905
1137 5104
99 1137
636 1848
998 1971
1904 2564
277 365
365 2886
797 897
912 1881
1012 3790
584 2509
967 2618
1116 1746
2478 3154
2742 2799
114 3856
401 3481
803 2618
261 358
1777 2016
565 808
783 1761
1137 1141
1900 4063
1051 1137
110 143
271 3429
1137 3474
783 5002
0 798
1237 2412
1406 4978
271 2927
138 1352
783 2328
3187 3261
1993 3906
1137 2166
1137 1457
523 680
868 3162
1163 3252
1099 1610
365 2244
356 1137
2392 3534
896 1008
1108 1883
1942 1944
1108 2082
2069 2708
264 285
365 1055
2510 2920
228 2516
1835 1858
3273 3287
1176 1177
365 2568
1137 1749
564 912
1908 2061
365 5023
0 271
2114 2581
1106 3675
223 1137
1137 2237
912 1635
0 45
2069 2820
1144 2872
93 1051
783 5293
0 3023
1243 2989
783 5330
1137 3035
680 5023
365 4977
761 764
748 910
108 365
1408 1739
271 2145
2088 2127
743 1137
381 912
1692 3198
564 1635
13 143
2254 2421
1137 2544
2137 3177
48 1330
271 1524
365 1138
271 3621
365 2506
1073 1137
633 1137
1137 4958
523 1406
783 1268
272 3898
1137 1777
747 1659
2275 2392
1880 1895
365 2830
116 3144
2012 3720
3041 3453
271 3086
2316 2869
257 365
1406 1757
3822 3977
1008 1048
1137 2789
2068 2668
2424 4966
271 2870
93 143
1359 2903
344 2069
3187 3189
743 3683
271 312
271 5238
46 377
271 2282
54 5065
523 833
1871 2664
743 3050
957 2704
680 1444
1099 2891
1137 2460
747 1660
271 1788
1231 2903
379 966
365 1255
827 830
271 5007
399 674
3273 3311
1137 5067
405 509
1352 1630
0 3552
5013 5095
271 1200
1356 1421
783 2356
957 3803
271 1366
0 102
272 2479
2657 3934
764 774
833 2423
1166 1947
2017 2725
1356 2292
0 819
263 1086
1137 2125
1160 3426
271 2088
80 271
1137 2253
636 1847
833 3608
271 2137
2328 2577
138 1030
1137 2398
2891 3126
1136 1371
271 2254
636 1286
651 2660
1715 2145
1137 3593
1352 3297
344 1008
145 257
0 3408
356 3199
365 1227
0 1211
365 2595
356 3278
365 904
636 1849
372 1904
285 1863
271 4000
272 3842
138 271
1137 1721
1900 3755
271 3142
1137 1947
271 783
1508 2125
0 2309
1137 2733
1777 1904
1573 1591
1137 3473
1406 5088
406 780
271 3477
783 2282
138 978
912 1205
381 568
3187 3260
1137 1804
376 2684
271 2975
133 238
1978 2622
138 564
143 261
2088 4963
365 5250
271 2237
0 2967
378 2727
3593 3686
1357 2445
983 2771
572 630
378 2681
3513 5156
858 2786
651 1978
783 3069
68 1816
271 3697
783 3414
2668 2701
3273 3286
271 1994
1013 2627
1009 2723
912 1944
2437 3011
381 1553
399 523
2554 2706
1137 3386
271 1422
271 3162
3278 3313
1137 3411
711 832
0 46
651 961
946 3391
808 1008
1019 2636
1137 1249
1137 2987
138 601
797 3881
2468 3275
1108 2435
135 1157
17 2198
608 2013
2928 4970
1137 2406
1733 3278
2254 2426
271 2487
1536 5068
365 1137
1930 1941
0 1093
93 2478
815 1871
1320 3023
129 1740
0 1268
59 143
840 2260
572 967
271 5083
365 1316
1506 3170
0 1810
912 1811
608 898
2076 2328
564 3581
356 1672
2104 3665
271 1543
572 1352
1252 1338
271 726
238 3699
676 1357
1390 1391
271 839
1011 2678
403 2384
868 912
1137 1165
957 3962
1782 3043
1137 3014
1016 2726
0 2283
272 2816
365 5160
1268 2307
1158 2156
120 1108
2795 3748
833 3500
271 2293
1137 5217
1352 3560
2478 2863
381 1060
2384 2956
26 271
1160 5090
271 1791
271 2443
0 3445
365 2477
365 5281
2125 5322
2780 3731
365 1399
572 1003
2125 2126
236 912
813 1908
572 3992
1137 1692
1108 2591
271 1312
1782 3673
356 1708
349 625
1366 1782
271 1478
521 523
271 3218
764 775
1137 3355
1406 1424
833 2422
1212 2891
1704 1707
365 2092
957 3885
365 3593
913 1651
1137 1193
271 2837
2125 3397
1137 3042
708 1004
263 2449
1406 2478
680 1236
2125 4936
322 325
2328 2578
382 572
365 2270
1137 2350
783 2810
365 579
381 2836
1355 2496
1872 2614
747 1627
145 375
683 3535
574 2891
1079 1137
365 1081
680 907
404 523
1035 2039
700 2041
272 1969
681 2468
636 1850
365 3096
680 5247
912 1883
400 527
21 81
576 1768
365 3029
608 794
2706 3747
143 1406
1927 2641
271 3137
985 2797
3074 3554
271 1498
700 3832
378 3802
382 1942
783 5195
1137 3472
2063 3749
912 1319
143 241
3429 5105
3187 3263
1137 1318
381 680
81 1792
1199 2425
138 565
912 1108
1137 2280
32 143
625 1908
271 5289
271 1553
2109 4937
271 2386
1099 1706
0 2456
3675 5015
365 1267
1404 1635
584 3764
783 3068
271 3553
1893 2717
636 2576
365 1198
2125 2181
365 1230
272 376
2085 2128
1406 2562
356 2990
1827 5045
143 1325
271 3124
365 3001
344 1892
985 1024
1137 3410
3074 3526
2223 3480
797 2626
224 572
1137 2888
138 868
1710 2145
1137 3033
747 3221
1137 1393
2326 2328
1137 1474
564 4956
406 523
636 1854
805 1931
2808 3707
1066 3692
1008 1010
2085 3001
271 5261
1591 1697
1137 1409
2254 2427
2382 2476
670 1137
1137 2550
356 835
365 523
365 2359
1244 3389
143 988
271 1803
1013 2820
1815 2125
2079 2474
1013 2741
726 1050
507 1872
608 677
1536 2879
0 3464
1358 3511
271 5082
797 1137
356 3207
1904 2341
995 3712
833 1137
62 1137
2114 3012
44 143
2007 3891
271 672
2891 5236
1745 2891
3506 4945
236 1137
223 601
572 2759
48 263
608 2067
909 5077
271 3532
271 1346
238 2476
2891 5218
271 314
1177 1591
1268 2316
2078 4924
1958 1988
2774 3703
143 2489
1043 2468
912 2274
271 5345
271 2405
1942 2007
342 694
0 1459
365 2331
1352 1811
365 1108
992 2774
365 2476
0 79
2737 3874
365 785
351 706
241 936
2751 2793
700 3840
611 679
792 1355
636 1416
912 1904
0 2786
1137 3128
271 3180
764 913
2046 2709
1904 2238
271 1473
833 2421
59 564
572 2795
365 3592
1137 2832
30 358
2276 2468
1182 2382
700 973
811 2706
1970 2648
1335 2894
1544 2333
271 5159
890 2794
81 1551
378 2689
120 1137
486 636
138 2988
271 2248
2254 2304
636 1280
912 2254
302 354
143 2306
572 3728
638 2537
1137 2494
783 2922
1043 2009
145 374
116 2515
680 3397
577 2828
365 868
271 4988
1137 3736
271 5101
2618 2619
608 988
143 1115
1057 1177
344 4038
762 1629
1177 1392
2022 3960
1235 1702
271 1460
1872 3723
2085 2559
271 958
3187 3259
271 3430
271 3479
1160 3485
1745 3610
1137 2957
3187 3262
1137 1317
365 5359
365 4891
507 881
1137 1462
1904 1964
271 5288
271 2348
271 5337
1043 1924
271 2397
1137 5305
659 2944
1074 2125
1551 3053
271 4899
62 745
1137 3627
1815 2088
2668 2680
271 4944
2125 5376
377 3850
1421 5069
1137 1683
272 377
1137 5009
325 5059
272 3793
1137 1738
3273 3382
79 271
271 591
271 564
2412 3074
3272 3273
2205 2988
2085 2306
1137 3409
1021 2022
350 3002
1006 2761
1881 2019
1137 3507
2063 3768
1137 1255
777 1942
1745 5268
747 3220
572 1881
1971 2667
271 2892
1356 2445
1018 3965
376 1889
0 564
2093 2380
2085 3404
271 5151
138 697
314 5090
331 344
591 1038
783 2700
1352 2722
3802 3862
2254 2424
190 636
1406 3088
1972 2019
2706 3074
747 1570
0 1095
271 3622
5065 5171
365 1024
1006 2012
68 2085
2063 2721
2700 2752
271 1064
2618 2803
857 3273
271 2604
1137 1782
356 1674
1591 3196
2004 2623
271 3083
272 4059
365 1749
1320 1323
2535 3597
271 833
1011 2680
405 523
358 4967
1925 2775
1009 1875
608 2068
271 3422
1690 1695
272 975
1230 3656
833 2107
272 2818
989 2699
523 535
212 636
1406 3696
235 565
1008 1011
2343 3278
365 2151
2772 2810
2478 2861
988 1998
1212 4953
1137 2449
747 1649
0 1460
1587 1723
271 3700
608 1352
93 2480
1010 1974
356 3285
1886 1959
608 834
1406 5165
572 997
1040 3895
271 1213
2085 4982
1356 2780
365 1431
1357 1421
2114 2601
271 1363
2891 5139
912 3435
1036 2668
764 769
523 1883
2137 2242
271 933
833 2420
1358 2347
2026 2616
365 3591
680 4924
1137 3040
2709 3959
618 620
857 1728
2078 5247
1903 1904
1928 1931
912 1130
1553 3655
2224 2302
143 2302
1005 2668
764 1640
365 5063
365 2123
2125 3126
523 785
93 5085
636 1281
271 1708
365 2413
625 3740
72 3630
1741 2745
747 1629
271 1757
1137 1237
1035 1944
636 1511
365 1079
2170 3041
680 3541
1011 3818
271 3727
2429 2865
749 910
636 1844
2510 3165
1462 2125
762 1626
523 1544
272 572
1585 1698
1201 2549
1051 2078
2631 2632
1024 3202
1137 1807
271 667
271 1463
81 110
636 1784
0 244
2103 5097
895 2742
1356 2180
859 2532
3880 4006
751 910
315 1110
1113 1137
912 1192
1423 5002
3857 4066
1035 3719
271 2968
365 3853
1356 3597
1355 1686
271 381
957 1902
1356 3996
1137 2286
271 2238
365 2095
1137 5214
138 1081
378 2722
604 1172
1108 2376
143 523
0 2577
365 2385
523 1051
1871 2770
909 2297
284 636
783 3070
934 1406
1131 4919
913 3213
236 564
1942 2053
1137 1656
1067 2617
1160 2533
1224 3052
769 1659
365 2854
1667 1727
410 523
34 143
1602 1700
526 1488
378 3866
365 1776
238 262
1192 3143
2007 3945
2405 2596
572 2780
271 2729
2343 3702
914 3851
783 5098
1137 1399
271 2895
365 5185
2468 3943
138 2224
1172 3583
654 3986
641 1137
917 2168
1356 3863
1022 2791
143 568
143 2516
271 2307
2254 2425
14 271
271 1764
366 3874
271 2480
3935 3986
365 1134
365 2502
2637 3922
1137 4946
271 3564
271 3670
138 1553
1 271
271 1067
332 1035
0 4969
356 3201
1904 2343
581 1108
365 2826
1354 3714
271 1406
365 2971
20 81
260 1600
1137 2568
2085 2341
1586 1595
564 5229
1659 3220
2103 5073
1139 1764
833 2106
271 2979
989 2698
890 3121
1008 1012
271 3024
1137 2085
271 2113
797 1997
1137 5222
271 5347
1562 1942
271 2407
1782 3549
988 1918
678 1764
572 3709
769 3211
365 2474
271 4890
138 1954
1202 2478
376 3820
365 1396
236 636
271 5173
1137 1536
1067 3460
1137 4013
365 1430
2510 3569
2474 4934
2114 5345
17 2193
401 856
272 608
143 1383
525 1183
1942 2974
1024 3926
155 409
365 3556
1262 3585
401 523
539 1137
730 944
257 1268
912 2564
618 621
1137 1343
572 3866
639 810
1136 1137
2114 3603
271 2100
811 1356
764 1641
1646 1659
1137 1827
0 3048
608 1944
833 1745
1108 2013
636 1282
783 2759
597 2384
365 576
1137 5267
1351 1792
271 1756
1382 1730
190 493
381 1319
1177 1534
365 2446
564 1268
888 1018
868 5097
365 1368
636 1845
2064 2777
700 3878
539 3001
572 2100
365 3026
1904 2125
1104 1105
271 1462
2363 3521
0 70
381 2125
951 2113
912 1419
1587 3238
273 1223
2709 3752
1942 2692
271 3473
381 564
271 2922
1137 2947
0 5162
315 3683
271 2971
1356 2554
1406 2429
143 257
382 3845
2786 3842
271 5125
143 2114
0 3060
358 3669
2584 5238
1268 3684
1079 2609
1959 3813
980 3795
2795 3983
236 279
2903 5208
0 2689
783 3065
1502 4974
2382 5059
764 3212
1883 1942
271 1268
764 1623
1356 2789
783 1469
1137 1881
2088 2157
985 1029
365 1775
572 611
2836 2940
0 34
271 2619
783 2100
680 2439
271 3396
2135 2137
1137 3505
783 5337
747 3222
680 1137
1137 1479
302 591
62 3588
958 3858
2078 5063
2468 4903
1137 2185
636 816
331 346
2516 3645
93 365
365 2356
61 271
365 1133
611 2669
381 1406
3763 3876
1346 3247
272 1901
271 3665
271 5046
407 709
1653 1718
145 606
1137 4898
572 2351
1355 3092
523 1397
912 2316
1259 3539
1137 5043
93 2301
365 1457
2150 3673
2029 3809
833 912
1137 1959
2103 5124
271 3416
1137 2921
891 3769
1137 1153
1236 3175
116 712
912 1265
833 2105
365 5156
912 1024
1008 1013
1137 2229
636 852
1874 2807
1602 3293
261 1268
271 2455
1137 3680
376 1357
1356 1877
365 1250
2125 5318
356 3287
236 637
271 1038
1357 2965
318 827
1672 3278
154 2516
143 1088
2163 2392
1022 3786
3006 5215
1137 1680
890 3772
1067 2129
1099 3193
912 1553
238 319
271 1474
401 1813
1137 2603
985 986
350 2928
1090 1115
1137 2692
912 1343
958 3822
271 2784
365 3589
30 357
912 1358
271 2833
1888 2618
3405 3576
696 1008
271 2950
0 1104
228 309
1320 3029
1137 2240
890 2793
2592 2891
293 2748
1137 2385
271 5201
785 2024
0 2968
1137 5121
636 1283
1137 2338
1051 2520
584 1170
138 1893
302 2468
365 1077
143 785
1067 2865
783 3449
2468 2642
890 2076
138 962
1137 1618
75 1137
244 2392
93 2228
1893 2631
0 4946
1137 1571
143 2928
572 1437
365 3025
1960 2664
2631 2634
0 71
271 2598
805 2618
958 1008
564 591
0 246
1782 2829
365 1379
356 3308
365 1981
1467 1592
271 2933
1137 2946
608 777
1319 1904
1315 2384
2098 2114
271 3055
138 1108
1137 2284
143 2125
365 2093
1137 2429
271 5301
271 2345
365 2238
1137 2510
271 5338
608 1044
271 2398
1137 5310
314 3050
403 3479
99 1316
1031 2665
1041 2793
2621 2731
3273 3289
2745 3716
2891 3006
523 1352
564 3476
271 1094
272 3796
385 1904
957 3757
277 3595
1176 3264
271 3120
2474 4895
896 1979
1650 3222
1081 1137
271 1429
890 1163
1041 3927
271 2618
1100 2497
138 145
400 1180
272 2683
687 1139
529 1137
783 5336
271 3572
33 143
1904 2614
2835 3166
271 3070
671 1041
912 2286
917 1137
271 2159
1137 2184
1335 2592
912 2298
1067 2250
271 2317
248 636
365 2227
271 1766
523 1081
2745 3849
271 3619
535 2742
1355 2589
1960 3721
1101 1137
272 1902
1137 4944
93 5179
729 1034
271 1077
1661 3210
0 4971
365 1311
36 257
1137 5042
2107 2583
1702 1703
749 764
572 802
1004 3933
844 1698
985 2744
1406 2234
1108 3558
2088 2521
271 2590
365 3471
120 2306
263 2186
912 1492
2089 2457
271 3419
783 2232
2033 3721
1011 2715
271 3528
1357 5000
1355 1650
1406 2520
833 2104
365 5155
1008 1014
2392 2835
271 2115
912 2391
1044 3808
143 2437
365 2293
1137 2309
636 2192
1137 3832
572 3720
2114 4901
1234 1364
271 1786
365 747
2145 3362
271 2454
271 3591
365 2472
120 833
1335 2395
2706 3316
0 1237
272 3710
783 3477
743 2468
2618 2706
783 994
1875 1904
564 935
356 3382
1137 1687
2063 2468
365 3052
1704 2891
1633 1659
399 511
3871 3949
1419 2417
1611 1737
2125 2590
0 3651
1137 3567
1137 1235
1406 2013
271 2832
1137 3045
242 327
523 564
1356 2512
372 2706
507 873
271 2102
228 2545
842 1397
572 3918
138 1024
271 5200
518 523
365 2265
636 1308
584 1171
572 3121
2173 2365
1021 1043
115 2928
365 2915
680 2581
314 2118
2383 3087
890 2077
0 1201
272 273
1130 2302
271 523
835 1610
345 986
981 2468
1024 1986
1883 3776
912 1872
272 575
143 1492
1406 3013
376 1010
1071 2022
81 99
1406 1567
1906 3839
259 834
272 2576
0 3631
1536 2117
81 269
138 988
1022 2022
2238 3541
1620 1635
777 4004
2774 3942
2145 2891
365 5355
1137 1450
1130 3565
5 302
608 3611
1357 5123
1192 1419
564 2302
2238 2333
271 1564
365 2237
564 1541
1137 2509
365 546
74 116
957 2627
331 623
1469 2863
783 3067
641 982
75 610
2147 2891
271 4956
890 1893
1893 2793
1320 3523
2891 2993
783 3698
1247 3001
749 768
1012 3770
271 1270
2085 5343
1525 2235
143 1320
271 1383
365 2996
0 36
678 1137
1800 2437
2056 2468
1901 3811
1160 1387
365 3643
272 2699
258 1158
1137 3036
138 1008
1137 1396
1341 3170
1137 2989
1406 2316
398 3592
636 818
228 2441
331 348
1087 1662
271 3511
116 1549
356 2468
1043 1956
1160 3123
271 2493
1048 2817
2474 2548
564 1343
888 3971
143 840
980 2795
2615 3780
365 1165
272 3746
1137 5041
1160 2436
700 1925
271 1226
2056 2707
1033 2795
1591 3192
271 1403
2489 2891
1110 1341
864 2468
1218 3014
988 2077
116 564
271 1010
1051 3394
572 2739
1137 2927
365 920
1137 1159
1893 1900
832 1895
834 909
0 2273
912 2474
271 3037
1137 2266
709 833
143 379
271 2114
1137 2219
271 2291
1421 3149
278 304
1137 2453
2818 3949
1942 2024
749 755
72 598
761 3231
2448 5078
271 3590
1499 2422
1346 3249
271 5012
381 1138
271 1032
4934 5070
1137 1541
271 1209
2069 2689
512 523
912 1909
868 2818
1899 2802
1024 1942
1137 2648
400 1479
868 2144
2114 2759
700 3794
1370 1594
344 2000
1904 2818
1157 1172
93 3575
272 2613
912 2905
1137 3566
912 1329
143 155
1274 3573
257 3692
385 599
271 3518
983 3703
1357 2512
273 1530
271 2835
1048 3743
271 5303
957 3823
271 2944
143 4934
2668 3818
1893 3934
2786 3965
912 2341
1431 5002
365 2119
2392 3403
490 636
365 2264
636 1309
1137 2336
271 2372
365 2409
1137 2481
1014 1918
747 1617
1382 1729
271 2549
1145 1478
890 2015
1959 1983
1136 1679
271 1870
1421 5183
1030 3781
271 4987
365 1220
408 2095
93 2305
988 3983
912 3727
356 3317
1137 1616
365 1365
38 1093
2114 2919
636 1840
1008 1947
762 1638
1137 1714
2641 3851
365 1544
2468 2706
76 637
271 1459
783 4012
1099 1355
1406 2901
271 2592
2632 2634
730 2085
1137 3385
785 912
378 1986
885 1043
3947 4048
572 2692
1745 2087
0 2443
783 5010
1137 2871
2548 3034
272 1035
259 611
1016 2788
271 3044
773 3210
365 5354
1137 1449
271 377
608 1881
591 896
784 1172
0 675
271 2234
1547 2125
874 875
783 2743
271 1567
1764 1904
271 2347
1137 2508
1108 2235
1268 1274
382 2689
271 2392
1137 3677
783 2901
351 611
783 3066
868 3462
1352 1727
365 2560
1421 5037
1262 3089
139 145
1137 5012
1871 2066
2365 5102
271 1265
1370 3197
365 2995
564 783
912 1740
1607 3310
236 1268
985 2771
1628 1635
313 2382
271 2564
1008 1352
2392 2557
400 1182
359 1137
680 2442
86 936
783 1906
313 2600
0 2455
1161 2938
271 3574
834 2674
1320 1904
356 2145
2114 3623
564 4954
365 5121
1370 2474
766 1355
143 358
2054 2698
271 5259
636 2190
2087 3074
1137 5327
1137 2536
263 842
564 2114
988 1942
365 2353
1921 3946
797 4036
271 3629
2328 5372
1904 3709
1804 3588
1137 4950
271 3666
579 1137
1137 4903
0 4973
1352 1578
1137 1560
365 2933
1904 2474
400 574
915 1137
356 1719
1214 2506
358 365
385 1987
93 689
1213 1430
365 3580
1137 2572
909 3177
1586 1591
1137 2717
1343 2125
1346 1615
1137 2926
377 988
1335 3577
135 2510
1700 2468
271 3530
912 1268
314 3174
833 2110
0 2274
925 2238
785 1904
912 2377
2891 3074
271 1574
143 2439
271 2290
785 5005
100 564
1352 2755
271 2403
407 919
747 1652
1492 2194
271 2448
271 1909
769 3215
365 2470
62 821
659 1137
365 924
636 1837
0 37
785 2875
651 3981
0 5112
0 26
363 1137
1904 2085
572 695
995 1908
2468 3728
2114 2756
24 116
2657 3926
651 782
1891 2668
271 3513
1137 2826
651 671
0 2143
988 2816
1649 1652
365 4913
912 1135
1893 3933
1137 2245
138 747
1055 1137
1145 1146
1108 1130
1268 1904
1057 1653
2292 2297
636 1310
1356 3931
271 5315
1192 1568
1352 2815
2114 2464
1137 2480
271 1752
145 761
1014 2073
365 1219
754 910
271 3722
356 3318
584 1361
2064 2638
400 856
271 1135
1011 3742
636 1841
1137 1568
365 2877
0 1600
608 2709
271 1458
654 1137
271 2595
0 2333
2641 2705
759 761
271 3436
3888 3947
1137 3465
909 4998
1262 3107
365 2828
1356 2064
1137 1358
0 2218
589 2216
365 5353
2468 3295
1320 2544
1119 2944
365 4932
1137 1448
143 269
273 1733
1689 3183
365 5030
1136 1248
271 1566
312 3001
365 2380
1782 4984
141 143
0 1137
365 689
271 2504
797 3984
271 4958
1406 5230
271 1091
1335 5046
797 971
983 992
145 912
2052 2814
402 3073
801 3705
1108 2654
365 2994
100 360
365 3496
115 365
378 2005
909 4953
1137 1177
783 5105
747 3210
0 1011
2022 3884
513 523
1008 2737
2662 2706
1227 2241
365 5002
271 1470
783 2698
82 2864
636 2191
1881 2991
1137 5326
1201 1406
365 2352
712 1137
743 5003
808 2468
626 3735
365 1274
378 2613
590 1485
1268 1533
1783 2478
2384 2389
575 887
271 5042
263 3613
265 2988
271 1078
272 2032
909 912
271 1191
2085 5216
138 2800
563 565
120 2889
272 808
271 568
940 953
783 5130
396 523
0 1544
81 143
365 2966
0 232
1137 2563
0 2
2184 3023
2328 3113
565 887
2043 2704
971 2757
572 2620
1352 2056
572 1915
2365 3427
833 2109
758 1642
365 5152
1137 2127
1012 2773
564 4927
271 3039
1137 2264
767 1625
2114 3771
2125 4909
2078 3458
271 2301
0 2607
2309 2891
749 753
2510 2959
311 314
2125 2451
114 808
610 2249
577 3053
271 5014
397 1315
272 2012
0 3179
636 1838
568 778
271 1211
365 3116
2107 5136
272 3871
1499 2421
356 1733
138 272
1942 2225
2392 5262
271 1320
783 3877
1137 1893
1871 3807
2022 4017
1075 1268
1335 3646
600 808
2228 2229
894 1009
591 618
1137 3564
2707 3821
271 976
272 914
833 2303
93 2610
1908 3958
1745 2122
912 1346
271 2845
2125 3453
1146 1233
764 1664
365 4955
1137 1330
1928 1932
507 874
271 2099
591 942
1524 2705
1632 1698
912 2343
833 3607
1008 2632
1136 1364
342 523
1069 1108
1152 4925
2779 3832
0 596
271 2374
365 5312
93 777
747 1619
271 1755
2632 3943
365 2552
365 1073
1137 1769
844 1057
1067 2882
271 5098
1137 1622
636 1842
0 1944
2476 3559
271 1183
572 2114
365 2876
905 1137
352 1792
271 1469
2298 3535
1044 2049
409 537
407 1058
1137 3391
783 1771
912 2224
0 3618
1353 3675
271 2752
223 303
81 3131
138 1406
1137 2950
1137 1502
1335 2874
912 2548
229 636
608 1883
1137 2272
271 1561
143 595
3802 4012
1243 3982
1352 2667
271 2333
749 756
365 833
1524 3852
764 3209
378 572
1353 5008
1355 3183
1352 1584
365 1335
365 3171
0 362
1137 2493
1897 4005
0 5025
271 844
1137 1884
271 596
990 1108
1650 3218
1137 2662
2085 2315
1871 1955
23 81
912 2836
2891 3663
2429 3460
325 1053
146 2988
1659 3214
2709 3799
1177 3323
700 797
271 2901
365 5179
1903 2793
1137 1530
596 2545
1092 1438
1364 1371
104 1667
2084 3593
1355 1704
365 2172
365 5001
1635 1649
1137 5244
1137 2333
3720 3765
291 575
1137 5325
896 2690
199 636
271 1811
1486 3074
2679 3881
302 1562
1137 1566
2085 5231
1390 2563
358 400
1591 3268
2927 3595
271 680
55 257
1354 3837
46 572
1024 3904
271 1525
1137 2562
271 846
271 2586
2104 4916
659 5160
3034 4934
783 5259
680 3688
271 3495
1011 2719
0 2165
271 3540
1971 2636
833 2108
523 524
271 3038
365 5084
71 81
1137 2216
271 5240
271 1568
868 1904
271 2300
135 1137
1343 5173
271 2413
365 2178
231 365
1035 1909
1082 3308
365 1100
0 3406
365 2468
271 4960
1122 5261
20 584
0 1193
2137 5077
1235 1675
271 5009
2709 2772
995 1035
2104 5241
636 1839
46 271
700 3864
365 2903
46 382
1469 2328
783 3876
564 850
1008 1872
2085 2418
271 1481
1137 2606
1976 2706
1009 2023
2074 2780
1137 2751
2007 2702
1536 2173
2033 3753
1871 1872
1010 1966
313 314
272 2774
2286 4890
1356 3729
2468 3926
564 1944
1137 2154
2709 4065
2104 3472
1137 1410
271 358
2474 3130
912 2328
271 5167
1136 1222
1137 2363
833 3606
1897 2753
271 2265
1137 2388
271 1540
145 1904
271 2256
983 2774
636 1304
2676 3821
271 5325
1562 2036
0 1528
314 1160
2819 3849
1116 3501
1472 2237
290 1137
680 2585
611 783
271 2550
2328 5255
2392 3099
888 3919
271 4932
2468 2655
271 5109
2819 3764
233 343
608 869
572 896
59 63
636 1843
3273 3330
93 788
365 3020
271 2485
912 1763
2059 2614
271 1468
190 496
271 785
271 3438
2891 3635
271 3487
561 575
1537 2536
913 1622
272 1038
382 1913
1268 2478
764 1701
834 2716
271 2406
271 3041
2297 3177
762 769
2125 4963
572 3950
365 2088
1137 2416
564 2298
1553 2374
1357 2435
271 2356
680 3083
1921 1998
1137 2497
3041 5188
271 2469
1905 1988
1944 4084
365 2433
271 2506
575 972
1137 3619
2103 2895
2510 2935
1960 2061
764 3210
271 3581
1137 5001
0 3156
1356 2700
116 143
1145 1827
912 3468
271 599
680 2240
1871 3809
1137 3401
768 910
1145 2886
1137 1421
1427 1642
608 2048
783 4930
680 4972
63 2864
1137 1183
272 2703
271 3571
1137 3024
747 3212
85 365
572 1873
1358 1904
1137 2977
1135 2474
138 591
1137 1529
1008 2739
1137 2098
608 2007
1137 5235
522 523
1137 2332
1672 2145
1357 2471
1874 2771
2474 2836
1137 2541
564 2125
777 1908
271 2489
1137 2392
271 1810
365 659
271 3630
365 5284
910 1663
1031 1942
891 1985
2137 3634
272 349
365 2930
1872 3855
271 1238
2125 2946
1137 3083
2022 3896
232 271
81 5266
2022 3979
1137 5221
30 81
0 4
1090 1137
885 996
1335 3578
572 1926
272 967
0 5241
138 912
2078 2903
1235 3247
271 2984
138 1335
912 2478
1778 2254
1591 1687
2384 2904
3427 5060
62 365
2125 4907
271 5243
921 1050
608 5094
2636 3921
271 3153
271 2412
365 2177
747 1641
241 1268
1035 1908
1240 3593
2679 3999
365 2467
377 3929
564 3627
271 1487
272 1871
1160 2118
783 3472
379 832
0 1881
1137 5056
72 135
2005 3756
93 783
354 1137
356 1735
356 3379
271 2309
787 1115
365 3047
1352 3611
0 1558
783 3924
848 2145
271 1480
1137 2605
2494 3418
372 702
401 2864
271 3514
783 2203
1811 1942
1137 1191
1268 2123
957 2703
106 1792
993 1048
228 307
743 1228
2872 3451
289 401
271 5166
2778 3769
833 3605
1624 3336
572 3915
263 1382
1406 1410
1872 2818
2882 5249
365 1051
636 1305
1137 2340
238 2957
891 1357
145 365
271 2545
365 2550
781 1900
271 3686
271 4935
365 1216
271 2043
272 1963
365 2584
407 523
143 1085
636 1868
2468 2878
1352 2297
1980 3766
3083 5120
30 143
379 571
912 1764
271 3147
2080 2468
752 910
0 93
1236 3408
93 3494
344 3740
3563 4931
272 865
0 3620
1137 3470
2392 2452
272 1008
272 2724
1137 2859
1137 1347
1779 5140
680 1067
1137 1453
1137 2278
271 5122
365 5027
952 2478
1381 1743
143 3943
271 5299
914 1942
2676 3778
271 2468
564 1457
1137 3665
1137 5377
120 783
271 3930
599 1406
379 923
680 2836
143 3004
0 3494
2309 2356
783 3528
523 1358
1137 5000
2346 2891
272 385
1160 3119
564 868
785 2961
1352 3780
143 1335
271 3134
1635 3220
1137 1882
356 1724
365 1768
968 1933
1406 1709
2085 2313
285 423
1406 2933
272 3995
2145 3186
912 3130
492 636
551 2633
5301 5306
357 358
143 223
271 2854
0 5133
344 345
912 1051
1177 1569
564 2489
833 1904
1137 2178
608 2024
1067 2227
365 3600
1906 2774
1889 2636
591 1158
2891 3448
366 3882
271 2488
365 2349
326 3645
378 892
2510 2849
271 1821
285 1137
365 1271
2125 2254
1067 2943
271 3678
271 5055
365 1160
1137 5083
120 680
1352 1582
1137 5044
1959 2671
2365 2891
0 1547
365 2963
1137 3227
1004 1942
564 3131
954 987
2022 3976
365 3576
1137 2560
358 2847
2631 2713
365 3465
783 4912
912 2930
1137 3525
1764 3278
2468 4013
3034 3435
1137 3059
783 2359
271 2987
1727 3256
523 526
896 1352
271 3032
2017 3981
1591 1686
271 2302
365 2287
365 596
987 1013
271 2460
783 2953
1108 2158
1137 1209
2698 2699
271 4962
365 1243
623 1035
0 1195
680 2909
777 1137
93 2360
77 1939
271 5025
686 3499
1108 2892
272 2015
636 1833
365 3113
1355 3206
365 1422
365 3046
365 1567
271 1370
912 1544
378 2545
1815 3105
1229 2068
2920 3480
81 394
1404 3202
1010 1885
783 5353
1268 2085
26 912
1137 2830
1027 1048
0 783
405 1084
1137 2975
2633 2635
1137 1335
1928 1936
143 1872
138 1320
383 2510
0 2929
2125 3164
1008 2635
365 2114
2125 3117
272 3776
1254 1339
636 1306
636 1417
407 951
1320 2132
608 4034
2137 4998
1745 5058
1137 3734
271 5111
2903 3639
365 1360
143 1084
36 2988
1893 2624
784 2510
2890 3517
785 2843
565 1043
762 1635
1137 3137
912 1081
976 1357
365 1539
93 564
2412 2482
2254 3455
271 2607
93 2929
564 598
1906 3833
344 1969
402 817
3758 3765
331 347
0 2432
394 2928
1343 2838
988 2784
761 770
1352 1467
1184 2260
1130 1904
1217 1371
5281 5327
138 568
747 1268
1352 3026
1137 1452
143 2085
1380 1792
783 2573
271 2177
1137 5205
271 5298
590 1192
271 2358
224 1973
93 257
19 610
358 4952
1137 3664
355 2254
271 4917
402 1052
271 1961
271 3653
2220 5134
4934 5149
273 1597
358 5141
2392 4913
1137 5007
0 3158
572 3772
2125 5144
0 365
1012 3712
271 2574
1602 1725
271 1389
271 3129
40 2337
985 2774
54 365
271 2563
365 3492
1268 2286
1031 3778
2125 2474
572 2044
1767 2117
2638 2773
885 3832
510 1355
1582 1601
271 3015
55 2988
1591 1677
365 5109
143 365
271 5217
622 783
1137 2322
962 1872
1011 3953
405 1576
1137 2531
2328 5202
271 3624
743 2600
365 1270
1130 2846
2637 3802
572 987
2990 3278
1172 2510
675 2286
0 3122
365 2928
2377 2474
572 2053
1212 3634
64 576
1137 3081
834 3848
1530 3324
1553 2591
680 2238
728 1090
271 1526
1027 2817
912 1468
1137 2478
890 1049
1081 1904
365 2941
666 1782
138 783
912 2489
912 1370
518 2742
1212 1357
1235 3249
1764 1777
271 2986
1108 1405
2894 4922
17 257
365 2286
1137 2366
1871 2687
271 5354
138 572
1472 2085
2793 3972
1137 5358
1355 2512
747 1643
382 2754
2468 2775
271 1219
271 1904
365 2465
764 1137
1006 1137
1137 5062
257 2988
636 1834
356 3246
912 1378
1010 1011
2022 3832
365 3112
365 2900
2114 5191
223 2631
76 2988
1268 3390
2384 5057
1137 3125
271 1445
2678 2719
1553 3168
271 1482
365 3547
58 2437
1137 2399
1893 1960
1137 2748
2709 3739
1137 3552
120 2341
2392 2490
489 636
2129 3129
271 3460
912 914
913 1647
1137 2974
1061 1108
696 1016
1529 3604
1928 1937
1702 3239
507 878
93 1769
764 1634
1137 2296
2104 3330
358 1083
2775 3974
138 1035
271 1537
868 1815
636 1307
636 1418
365 712
2125 2483
575 981
564 1358
365 1069
271 3680
783 3574
143 1087
271 1130
2056 2675
1893 2639
46 302
1137 2489
93 785
2698 3877
271 4023
365 2872
1080 1137
138 304
1137 3136
93 642
888 2018
1137 1797
2678 2811
1212 5128
81 100
1343 4935
93 3541
365 3664
1223 3185
272 1010
2611 2709
1346 1712
273 3187
568 1904
0 2539
2005 2696
1536 2251
271 2941
1923 2717
1265 2125
1137 1490
564 4940
269 2085
890 2722
912 1335
1137 2276
365 2085
2128 3004
271 5309
1356 1745
2872 2879
14 398
271 2353
365 2230
358 2281
912 2085
2286 5260
271 2470
1356 3275
743 3170
398 523
271 2519
2654 4034
764 3862
271 5029
783 1137
1320 3530
1444 2352
1942 2067
743 2533
2123 5260
2733 2891
1320 3417
835 1583
983 1023
572 790
525 569
365 1766
1268 3017
651 1020
1872 1942
138 2286
2145 2589
385 608
1872 2545
2085 2665
1005 2060
272 990
1067 1769
1268 2078
912 2614
365 5175
41 5045
1177 1575
238 827
1932 1937
1431 1779
271 2167
1137 2176
1591 1597
365 4997
331 341
271 2276
331 1977
271 5265
382 608
271 2325
2235 4934
1137 2530
325 2516
271 1774
271 2490
1352 2019
700 1879
271 1823
314 1342
314 2169
272 1894
271 3672
3273 3325
572 980
925 1764
1137 3886
410 2159
1137 5034
365 2927
1137 1763
940 950
1137 1916
257 2194
2085 2394
0 104
365 1738
94 920
1906 3759
2297 2893
572 1042
271 3491
3832 4058
1015 2658
0 2121
271 3536
680 5082
572 1904
1235 3248
277 1320
1137 2114
1147 2089
2254 3606
1942 4034
70 783
622 808
271 1580
625 1977
783 3150
120 1343
2114 4925
988 1904
1026 1900
2272 3005
271 4972
2637 3948
700 2026
496 636
81 546
271 5021
2476 3433
1406 5208
1099 3196
1244 4910
1137 3163
783 1359
271 1335
271 1444
365 3401
576 1544
2085 2430
271 825
271 1493
354 705
1137 2594
764 788
81 5132
912 1320
271 3463
2244 2847
271 2840
2085 3142
358 3562
2254 4935
912 1238
1928 1938
1659 3215
2700 3872
2679 2775
998 2765
403 523
271 1536
0 2961
365 2257
1137 5176
636 1300
1137 2521
271 2381
1163 1355
599 1137
1137 2474
1133 2309
1043 2021
271 2546
914 3967
580 834
62 840
1371 3302
365 1213
575 3810
2476 3050
1745 3506
365 783
365 1358
143 1086
680 3018
1893 2638
34 271
2085 5155
988 3748
523 1541
1607 3186
271 3156
1782 5231
1145 5210
823 832
2540 3592
575 1904
0 3623
2618 3941
669 1591
1639 1660
1346 1713
1487 2395
365 2339
1406 1904
485 636
1904 4934
1137 2058
1900 2790
0 523
608 1872
2125 4895
271 5135
406 2166
1782 3441
271 5308
2135 5094
2157 2379
2636 3819
365 683
1035 1969
47 2007
271 1963
1881 2784
1878 1896
680 3516
379 2632
564 3566
1011 3795
1314 1406
2392 5165
1137 5005
1553 2976
2125 2970
356 1690
1137 3171
525 2451
1354 3812
0 1745
93 912
2088 2534
1137 1969
72 271
797 2645
365 1799
368 565
271 3406
1259 1779
107 1360
1406 2138
1137 3028
75 271
271 2896
756 910
0 5120
1537 3597
1904 1909
742 2988
358 1137
998 2618
110 1782
271 2166
138 1137
1904 1988
1591 1596
1040 2796
271 1656
271 2324
1137 5312
1137 2529
1745 1762
1942 1988
608 3869
1745 3151
1210 1422
276 2392
236 365
257 912
365 1268
656 2828
0 1218
1137 4943
764 1502
783 3625
1137 1553
2392 5129
1672 3243
2254 2594
356 1726
1137 3087
1137 1907
271 3103
1137 1996
1137 2565
1187 2304
2007 2114
365 3462
1491 1698
1335 3649
947 1108
808 986
1882 2328
0 2523
1406 4906
1803 2392
572 2618
747 912
2777 3952
1235 3251
314 3169
385 3274
143 2286
271 2085
2254 3607
365 5291
271 3628
365 5079
2787 3765
122 228
52 783
753 910
1137 2364
356 2545
271 1628
147 610
912 2334
271 1741
783 2954
344 995
402 2475
271 4975
1321 1864
1524 3905
0 3570
356 3289
2220 3580
365 917
783 1241
399 544
0 5119
2057 2618
271 1334
335 611
609 808
523 1343
271 3187
1100 1268
1051 1268
271 1492
909 1394
572 2808
410 1231
680 4904
1044 2377
2048 3871
1421 3668
1201 2834
19 143
271 2952
1900 2691
271 365
376 1957
783 2602
365 5051
271 2222
1108 1137
17 1864
1553 2397
271 2271
636 1301
700 2642
1137 2473
1764 2234
564 1352
365 1067
1252 3593
1008 2058
1355 3193
1242 2478
608 890
143 1081
1893 2637
928 1137
1562 2056
1137 1753
1268 3565
87 2085
271 3110
17 2988
2706 3733
1406 3058
365 1536
271 1467
673 909
762 3612
5213 5216
1693 1793
0 2405
1406 2220
271 909
36 1798
0 2324
365 3662
2114 3897
783 5018
2270 3032
857 1727
272 1027
365 4989
2478 2485
1137 1488
575 2762
1179 3095
2165 4960
1467 1808
263 1329
1547 5113
2230 4888
271 2178
378 2742
1108 2396
271 2355
1208 2474
2468 2714
271 1797
365 2518
1137 3622
2758 2795
1624 1656
783 3495
1352 3995
1137 4915
681 2145
636 1277
271 3309
271 1096
365 3165
2085 4914
1024 1959
271 1390
365 3455
271 3130
564 1459
365 1764
625 1035
271 1439
1320 1340
365 2338
0 61
143 1547
397 523
272 976
271 3582
1979 2726
912 988
1355 1600
1137 1379
271 2899
2468 3947
912 1055
271 3008
2679 2793
1591 1678
507 808
271 2161
365 2166
1137 2182
1591 1599
365 4995
1635 1655
1524 2630
271 5267
1536 5309
2510 2571
366 4031
271 2327
1352 1942
1044 3892
271 1768
365 765
2771 3830
253 636
93 3416
74 145
271 1817
271 3637
1035 2709
1137 4942
271 5051
564 3523
365 1156
272 2039
72 2492
998 3788
671 2622
783 912
143 1137
365 3137
1530 3208
787 1090
785 1137
365 1591
2774 2797
271 3102
564 747
138 2254
2468 2471
0 25
833 2427
24 143
1010 2682
271 3388
1335 3648
2302 3760
77 2634
0 2524
271 3501
1100 2414
0 2123
523 525
1235 3250
523 1383
1426 2085
783 2464
365 4933
271 2084
1137 2257
285 636
1929 1935
271 2133
365 2138
1040 2746
0 1379
365 2428
636 1377
1137 2444
651 1045
1108 4911
747 1644
271 2456
1137 3613
271 3593
1587 1591
911 1137
0 3571
77 1935
857 3207
749 1137
672 2341
1716 3187
2810 3565
2125 2175
2384 2503
2088 2915
622 1904
890 4065
365 1529
145 960
0 3089
400 530
271 1329
1802 2891
138 698
572 591
410 1066
93 1201
271 1495
1137 1144
1900 4068
2150 2349
1137 2737
138 863
1335 1904
975 3726
1108 1325
1137 1323
783 4969
257 1137
138 1492
68 3093
1137 2301
636 796
1137 2382
271 5210
1136 1355
636 1302
583 2553
2392 2583
365 564
271 2383
1108 1872
636 1413
912 2123
365 2545
193 636
272 3880
143 2614
271 3693
365 2434
2125 3693
271 4930
363 3301
2468 2629
365 1211
608 2100
783 1167
1137 1615
365 1356
1893 2636
680 2332
1907 2468
1530 3264
2239 2853
2384 5024
385 2731
402 523
271 3158
2468 3772
271 2603
138 224
365 1825
1939 1940
365 3661
572 2717
1223 3186
325 2600
2743 3769
272 2675
2694 4057
263 1328
1406 3844
1106 1172
625 1893
1137 2410
41 81
2254 2414
909 2292
1137 2555
2478 2934
312 1160
1051 3695
1137 3668
1137 3621
976 2697
2738 3832
906 1268
377 3860
365 1183
1585 3186
636 1278
325 365
1137 4995
356 1589
271 1272
1991 2468
1137 1877
365 3454
365 1763
263 3585
2468 3792
1370 1608
11 257
747 763
529 1356
1900 3997
2891 3652
2085 2437
572 1033
1137 1613
272 977
1137 3018
1136 3299
271 3878
356 3205
271 2898
365 2165
143 2474
1906 2771
1421 5387
2588 4957
365 764
271 2439
2468 2751
1871 2693
636 665
611 2713
93 146
271 3636
314 1341
1352 1356
271 1254
365 1266
0 380
610 2299
807 2615
271 5050
365 1155
1137 5086
1876 2667
72 145
1067 1388
903 1922
1137 5039
331 1008
1137 3195
783 3672
1149 1192
1008 2012
2125 3004
365 3069
1041 2010
93 1339
272 625
271 3097
365 2958
743 2169
857 1082
271 855
833 2426
271 2233
2640 4893
2200 3002
2709 3715
271 964
1268 2254
402 2593
321 323
1137 1213
958 2014
2891 4989
1048 3725
228 2330
271 2998
988 2724
273 3273
2085 2924
1994 2778
1237 2468
2809 3982
271 2087
2254 3605
2894 5033
2618 3820
271 2132
1896 2795
2031 2687
271 5185
142 143
1108 2342
1137 2354
2512 2537
365 591
784 1523
143 912
271 1743
271 2459
2468 2771
49 743
1136 1693
365 1093
77 1085
356 3188
3409 3517
356 2871
365 915
295 636
143 1108
271 1155
0 3090
365 2896
383 1172
402 1429
700 3974
1137 3113
2740 3765
783 3922
680 5265
11 2988
572 575
257 603
1704 3239
1900 4069
1108 3452
143 1544
385 572
0 2489
783 4992
1137 1369
1760 2478
271 2917
271 2954
523 545
764 1619
1355 1688
1740 2922
1406 2418
385 1016
1137 2300
991 2737
523 783
888 2781
398 2085
0 2964
365 2254
636 1303
1945 2777
2872 3022
3736 3939
271 1714
636 1414
1043 2022
1698 3218
868 1137
271 1872
700 2738
1108 1591
580 611
1942 2059
365 1355
2254 3498
761 1662
1893 2635
636 1866
1005 2639
1421 2512
1357 2878
2328 2411
137 531
272 3970
1409 2290
2437 5205
40 1137
143 1358
1397 2067
2137 2239
3733 3969
278 1038
0 1904
378 1990
271 911
257 523
1137 1268
572 2005
1185 3490
1137 2063
942 1137
1137 2155
1137 1447
0 2898
785 5263
1357 3863
912 2186
271 5305
1352 3521
3176 5084
0 1499
271 1104
365 2371
890 1942
365 680
5034 5047
408 523
1108 1764
271 4912
783 3020
764 1638
1130 2151
1137 2244
833 1268
976 1137
636 1279
491 636
1137 4994
988 3860
1137 1787
365 1472
365 2840
356 1669
271 1384
1980 4039
564 785
1421 2262
1782 2139
46 1223
2089 2328
365 3487
3764 3825
381 2261
93 3845
917 5002
890 1137
0 2145
271 3576
910 2085
906 2125
572 1896
523 536
72 1050
1492 5104
271 3010
1932 1933
1925 3980
271 2163
2085 3453
1591 1593
138 680
1913 1919
1140 3041
1137 5236
398 5217
680 1466
271 2321
1704 3297
2510 5348
1472 2125
399 1313
271 2438
673 1212
93 145
2392 5011
1710 3242
2712 3985
1137 4940
143 2665
93 5135
2608 5322
271 1081
1524 3743
2254 2823
356 3255
1137 1558
2791 2801
1355 3216
365 3068
1137 3084
783 1508
641 1872
1268 2857
2668 3893
0 27
833 2425
2012 2351
0 138
271 3503
1137 2916
912 1262
271 2993
93 1137
912 1149
0 3593
0 2923
764 1627
1137 2263
365 5076
1085 2749
221 636
365 2136
1108 2343
2114 2339
271 2244
1137 5136
636 1292
135 1129
564 2233
143 610
365 590
1352 3432
2114 4921
129 1565
271 1742
1038 1872
1133 2478
93 2433
143 1201
2471 2496
156 1040
857 3205
365 1382
1406 2458
365 1218
636 1831
356 3243
1352 3876
697 1137
271 1154
1137 3167
365 3040
365 1561
143 1397
1406 2852
145 1137
81 115
344 3719
764 2812
312 313
988 1437
1524 3757
143 236
1358 2469
271 3459
1137 2816
409 1318
138 812
565 963
1137 1368
783 2321
747 1137
1901 4034
912 1226
629 3873
132 145
912 2433
93 1764
523 689
0 4950
1035 3958
626 2064
564 2286
608 1942
366 3978
636 1296
378 988
2392 4909
409 1070
636 1415
912 2125
1067 7623
1043 2025
0 1135
271 2558
365 2543
120 5306
1137 1786
143 868
988 2613
2668 2715
344 625
365 1209
0 1165
365 2577
271 5117
1942 2056
1063 1137
1574 1591
783 933
271 1137
2254 3499
608 1004
769 1640
1179 2085
762 1645
680 5200
2114 2588
1211 1869
1343 2392
572 621
575 1950
609 2468
832 1948
1137 1259
2630 3792
591 710
1441 2468
0 912
1268 2341
743 829
1959 3927
1137 1446
2093 2392
263 1330
1904 2012
365 5020
2242 2853
0 3010
1591 1605
1268 3690
120 568
1872 2676
1008 2891
365 2370
1137 5289
1782 4982
1000 2815
365 1147
2220 2578
1263 3183
1921 4020
1235 2226
0 1274
271 3651
2618 2684
1998 2637
888 4066
1783 2125
272 3762
857 3325
2612 3765
1382 2145
271 1109
523 1492
1904 2489
885 2744
1268 2608
1980 3921
356 1670
271 2569
912 2114
1236 4964
1108 3543
271 1432
120 4952
783 5129
680 2534
783 4901
