0.265556318084
0.242051882755
0.249975452612
0.292090930569
0.313401742434
0.230644579774
0.217306049555
0.291215170441
0.3109086468
0.283157074414
0.248858743221
0.274978003848
0.281141831752
0.246324209173
0.302031807511
0.447353743835
0.280070096842
0.290541260387
0.308397340292
0.275905904559
0.225111871034
0.24438494543
0.243684234309
0.254246599776
0.294260802327
0.255617309496
0.289733858825
0.303206788639
0.316640870517
0.25231628471
0.215378370589
0.252572712149
0.234499901822
0.304711021232
0.302855742817
0.247123670001
0.243682016535
0.310009622172
0.316640870517
0.447353743835
0.316667810595
0.270769847129
0.255943628413
0.240933580656
0.251929093112
0.259072414871
0.235822511347
0.241554458748
0.254893761414
0.258776062252
0.261265563641
0.24201540604
0.312852080006
0.255419750687
0.258591192178
0.281962019212
0.26107510233
0.288319858381
0.295895531496
0.236071252299
0.255828452152
0.277503702344
0.287783671345
0.255121613076
0.256765538144
0.2804342758
0.245946639503
0.285950724359
0.235210615897
0.270686136751
0.287031585494
0.240949781697
0.268521681219
0.288256347968
0.284654253595
0.263425075547
0.246103307219
0.269727760079
0.28785516602
0.290382603704
0.289231790143
0.258773126789
0.222743019669
0.240246911555
0.241722829042
0.241790671239
0.303833889768
0.338639809869
0.291813940562
0.267880313784
0.23854865033
0.230039953486
0.22625287752
0.246035141318
0.29611125627
0.324431129894
0.282708645319
0.227571795423
0.237392697013
0.233528128167
0.270469283921
0.373382867453
0.355925315077
0.312035521434
0.258626680052
0.230527935176
0.291434933139
0.30751585756
0.246478631669
0.264742021566
0.253332332828
0.254800274311
0.246761683506
0.282902287276
0.265883576563
0.226459391616
0.224874332855
0.263226733611
0.274294661812
0.278784645105
0.261363641928
0.251767868594
0.24478945501
0.331136196534
0.275129267843
0.244654671956
0.236858171085
0.274811836727
0.241882784718
0.258146841865
0.257463476928
0.225639686387
0.235012271946
0.27863236447
0.253101612833
0.268394167285
0.251367903941
0.267381307434
0.325770753433
0.25601431384
0.21532433741
0.225165508241
0.26869001463
0.274782251607
0.221749849606
0.252147652356
0.293884512371
0.283275446053
0.24473962578
0.219518246161
0.21185357778
0.205295689877
0.211933321846
0.24480529581
0.227664699023
0.202943770653
0.21042528627
0.219490933518
0.234605963323
0.241202762657
0.22067699087
0.23896527798
0.258599353161
0.228187313642
0.203081432254
0.204978777996
0.24815239923
0.332858463922
0.233884537891
0.26097955308
0.241632278858
0.22998072842
0.217540065168
0.233126648086
0.338639809869
0.237639576265
0.22992076309
0.211943884217
0.20629561933
0.209912344542
0.228439016042
0.316640870517
0.232560667222
0.198531998421
0.225614354383
0.244701777381
0.227811321982
0.261668130758
0.200975049802
0.225333730885
0.244269424204
0.228111764194
0.219906404558
0.20725176794
0.20916919177
0.184205223946
0.192456660329
0.213889236397
0.234670115956
0.274234227567
0.31922348123
0.210480151919
0.216519104943
0.215868010148
0.210939831962
0.251023842786
0.241587957812
0.23283193116
0.23488013167
0.221693953211
0.217118031211
0.2474634757
0.331599425322
0.232143906458
0.238974919487
0.205307017488
0.190835716466
0.183100985274
0.225181964444
0.214176957712
0.226290197127
0.229307272108
0.223434227694
0.220459841832
0.238395350353
0.204216132505
0.204768593614
0.204200120497
0.192789026016
0.202756608523
0.274408973058
0.262096092738
0.222136942884
0.235785215212
0.238910878779
0.239729061441
0.214194490499
0.193885119408
0.23451778522
0.237635628192
0.211105586078
0.217388267445
0.25554535133
0.234643950883
0.316667810595
0.211640393209
0.199655092605
0.195295780432
0.206110585199
0.198619854864
0.203384364063
0.291676332145
0.259087477292
0.207670659294
0.186335381445
0.214369180662
0.219569170941
0.212772098017
0.31852735975
0.186430313559
0.185467152926
0.206827654304
0.189547975767
0.20451946211
0.204146873247
0.226730598849
0.21663094359
0.21814402552
0.24596364053
0.214110634911
0.242248621408
0.243270264142
0.196301802083
0.197991593147
0.214268567642
0.229886971394
0.316680051587
0.292625945093
0.260637279107
0.205439791282
0.207375864776
0.210167959215
0.219207083996
0.197458253784
0.283844081905
0.191042656932
0.187927288084
0.201099585763
0.171404355527
0.186232218051
0.201491209982
0.325402544653
0.203513381988
0.176265176207
0.182244469646
0.178528972398
0.203471394082
0.2258958088
0.297654721087
0.189801629973
0.177250669901
0.185338065384
0.167896616583
0.195099465279
0.237886471008
1.0
0.406524307702
0.286513350172
0.22007740924
0.217508728776
0.230755307696
0.263267417649
0.366288825131
0.31639154521
0.203769091133
0.202226725658
0.225265013412
0.203458861491
0.20334391399
0.281458976971
0.207324022415
0.192637793872
0.201797981325
0.18570003595
0.194526711823
0.242811726895
0.313138819762
0.265963152132
0.212994804495
0.189321122092
0.188686183701
0.204543712471
0.201912827325
0.318599876162
0.234625657301
0.211727259307
0.236786373935
0.276465416011
0.238006901106
0.253133558191
0.196793064462
0.189290798811
0.263296034695
0.208720931409
0.192497714886
0.245215130931
0.272767914399
0.185821230785
0.199642378036
0.203607809286
0.202573819895
0.194735780514
0.216432868468
0.293750879437
0.200942305089
0.23410254788
0.238953558923
0.242356390699
0.20488208999
0.215497658167
0.286107638052
0.240939924674
0.297936524562
0.205014813737
0.199924801848
0.211086690463
0.263487180442
0.217320489842
0.20706223295
0.225432627563
0.226797977557
0.206911042354
0.276446121857
0.184030116536
0.207234454006
0.198314352235
0.185725202787
0.180454899454
0.188490627824
0.299994266158
0.232429897894
0.199710170145
0.212221973735
0.215328877514
0.210770913374
0.236833626096
0.325992516446
0.227496970611
0.244866415136
0.215839650855
0.22827000113
0.209484999078
0.209276516943
0.300941400814
0.174786479287
0.184734214409
0.189454238021
0.178288609469
0.187468612607
0.210921779465
0.349324680355
0.165011366912
0.165887067281
0.20401925274
0.177835373356
0.182728443675
0.207318801976
0.293502180436
0.207116002367
0.201056053935
0.194779641279
0.205031368073
0.232236763502
0.233736876281
0.182704247842
0.187876232124
0.176377990177
0.187888812451
0.210353070565
0.203852066154
0.329831841285
0.228344452398
0.183330907134
0.182145279882
0.212759464533
0.185461222369
0.182644908646
0.214423265884
0.171973330457
0.166720966744
0.211107603945
0.192926338642
0.216412791163
0.28890472277
0.228080663358
0.195834567249
0.202057402006
0.21277252331
0.188530099495
0.188952498858
0.349324680355
0.177859668052
0.202299852182
0.184556584223
0.193766243331
0.217529074731
0.189608266959
0.188011799978
0.240020382844
0.227930773732
0.207843071286
0.268107439738
0.349324680355
0.235970805368
0.19638017682
0.169052510259
0.181049224148
0.186670576488
0.447353743835
0.189925071742
0.197350873856
0.181972155269
0.168547638367
0.184934455209
0.217625365069
0.273587837934
0.194263323474
0.194011763805
0.207696420827
0.225181041672
0.240132703081
0.358597396056
0.222102292645
0.221748647922
0.215134871684
0.209479507676
0.254496632467
0.25324528012
0.347510424311
0.250798320013
0.225055309739
0.205885743937
0.209504558129
0.21414432733
0.23933657227
0.243852637523
0.229199277985
0.210545082807
0.239222325658
0.226427728482
0.357088844645
0.335007333903
0.256344072031
0.210515762643
0.209539082647
0.23082335811
0.258089887085
0.271398500863
0.213253098525
0.192047801861
0.211000712024
0.201928468621
0.245395626271
1.0
0.24344129809
0.245761263174
0.275640122645
0.294303287049
0.222371490135
0.231661365811
0.289783914626
0.202862693547
0.232407347454
0.261465913405
0.208944836888
0.21773805918
0.223089713114
0.213441713152
0.205368000301
0.21778198356
0.221505542714
0.242818989919
0.23799510395
0.249426288675
0.231653240015
0.213275285271
0.224088887366
0.203927902048
0.227831625613
0.349341937506
0.215017770902
0.207427009471
0.275260487546
0.246898510237
0.243231440749
0.246302220902
0.281752246323
0.229417376603
0.211595932171
0.248268691522
0.209018174902
0.21874525584
0.279065148779
0.400848640605
0.244406992202
0.258645189434
0.237941027487
0.246000323098
0.276591954007
0.671104947926
0.22075634304
0.217123100913
0.238050277334
0.23841155631
0.223853455325
0.241361896062
0.322184168517
0.211194799199
0.238428578817
0.256143836842
0.209725687901
0.176818775743
0.207919329502
0.211077520189
0.196496836376
0.203773550289
0.239854827871
0.220988106347
0.212532515334
0.317718334291
0.161796428866
0.177639247899
0.192863225111
0.177034162903
0.217079197646
0.287137786246
0.291813940562
0.183177998087
0.222067513499
0.22115056178
0.199203882081
0.199567999316
0.221726715305
0.2863986355
0.199428577665
0.234706764878
0.226954506289
0.201338786816
0.214675463411
0.212205176093
0.246541164035
0.182497166894
0.186756250061
0.174237321716
0.15938545619
0.152225882857
0.192889365722
0.289876705546
0.163525952687
0.163991235566
0.194891552018
0.205062170021
0.171845448255
0.217936393105
0.316244741675
0.195467253368
0.201674553099
0.200954605269
0.197369325456
0.191002428194
0.1956858545
0.331599425322
0.193052377447
0.197605357044
0.201676167595
0.194657444468
0.207789308236
0.176695839015
0.273948646288
0.208155698552
0.221439335592
0.190004298974
0.184189438961
0.30903957763
0.307535713606
0.267294191419
0.190249095014
0.169212517106
0.170687511232
0.221024031225
0.207177586014
0.242121732508
0.271364887459
0.20791111939
0.241892473344
0.225866035197
0.206684608025
0.182693672853
0.18981664961
0.377263185134
0.252086516194
0.187845211239
0.200569898775
0.208894927685
0.234342683034
0.279882841035
0.447353743835
0.232055052587
0.222027619265
0.209359659536
0.202813745317
0.213217740379
0.284005752466
0.316809125334
0.263318799007
0.215414066029
0.216323487388
0.227557592314
0.280216319514
0.281766592218
0.261302575541
0.205220622324
0.199788292147
0.224688089545
0.34867667587
0.222890455882
0.227158138839
0.204950020869
0.184709226342
0.196995627228
0.207236654117
0.264149532114
0.231223548143
0.183587245346
0.203425067572
0.239476834537
0.225659404784
0.196904307912
0.345852848648
0.245076501871
0.209011478706
0.204253176524
0.209596702157
0.249734826937
0.268168414869
0.27623618322
0.217943382207
0.195943038394
0.18915182211
0.221636329835
0.221138058746
0.248480694745
0.318335377993
0.18854133194
0.197696296043
0.258711581842
0.209759865065
0.243178034153
0.251110711055
0.244038258238
0.229763918881
0.226019781365
0.265807115403
0.243492089393
0.256745941168
0.336333910962
0.266174407882
0.253315027828
0.253952928402
0.29778958313
0.250975457956
0.220700984826
0.278346156021
0.314034400391
0.277743979166
0.242389299817
0.24285483493
0.215127440856
0.2572851479
0.254340586024
0.299464165199
0.356417904148
0.265192601782
0.323233195675
0.328232666783
0.348541130472
0.300783112875
0.262059754771
0.233890824186
0.266585455094
0.253052244799
0.455941588323
1.0
0.406524307702
0.447447870243
0.447447870243
1.0
0.447353743835
0.349324680355
0.406524307702
1.0
0.447447870243
0.33671998164
1.0
0.416132526564
0.345453000342
0.326899417472
0.326899417472
