0.255807209149
0.293376655436
0.304938965624
0.329411459807
0.327390627189
0.370387620755
0.325179129461
0.316926175379
0.340736110188
0.369476562226
0.357786421366
0.416633502676
0.389464506703
0.384528054028
0.370688409516
0.349292374174
0.358382917899
0.320034961756
0.352484228644
0.376362151585
0.38834417398
0.378059626467
0.376237791769
0.336949188071
0.344960661066
0.360925790786
0.367324572486
0.378811784592
0.374302714146
0.372620088296
0.35722276492
0.360017652594
0.339370621608
0.340012671878
0.291383502763
0.296598600579
0.277399346917
